HRBP,VENTMACH,VENTTUBE,ANAPHYLAXIS,PULMEMBOLUS,ERRCAUTER,INSUFFANESTH,LVFAILURE,LVEDVOLUME,INTUBATION,EXPCO2,PVSAT,PAP,CO,MINVOL,HRSAT,HREKG,PCWP,KINKEDTUBE,VENTALV,SHUNT,TPR
HIGH,NORMAL,LOW,False,False,True,False,False,NORMAL,NORMAL,LOW,LOW,NORMAL,HIGH,ZERO,NORMAL,NORMAL,NORMAL,False,ZERO,NORMAL,HIGH
HIGH,NORMAL,LOW,False,False,False,False,False,NORMAL,NORMAL,LOW,HIGH,NORMAL,HIGH,HIGH,HIGH,HIGH,NORMAL,False,HIGH,NORMAL,LOW
HIGH,NORMAL,LOW,False,False,False,True,False,NORMAL,NORMAL,LOW,LOW,NORMAL,HIGH,ZERO,HIGH,HIGH,NORMAL,True,ZERO,NORMAL,LOW
HIGH,NORMAL,LOW,False,False,True,False,False,HIGH,NORMAL,LOW,LOW,NORMAL,LOW,ZERO,NORMAL,NORMAL,NORMAL,False,ZERO,NORMAL,NORMAL
HIGH,NORMAL,LOW,False,False,False,False,True,LOW,NORMAL,LOW,LOW,NORMAL,LOW,ZERO,HIGH,HIGH,LOW,False,ZERO,NORMAL,NORMAL
LOW,NORMAL,LOW,False,False,False,False,False,NORMAL,NORMAL,LOW,LOW,NORMAL,NORMAL,ZERO,LOW,LOW,NORMAL,False,ZERO,NORMAL,NORMAL
HIGH,NORMAL,LOW,False,False,False,False,False,NORMAL,NORMAL,LOW,LOW,LOW,HIGH,ZERO,HIGH,HIGH,NORMAL,False,ZERO,NORMAL,NORMAL
HIGH,NORMAL,LOW,False,False,False,False,False,NORMAL,NORMAL,LOW,LOW,NORMAL,HIGH,ZERO,HIGH,HIGH,NORMAL,False,ZERO,NORMAL,LOW
HIGH,NORMAL,LOW,False,False,False,False,True,LOW,NORMAL,LOW,LOW,NORMAL,LOW,ZERO,HIGH,HIGH,LOW,False,ZERO,NORMAL,HIGH
LOW,NORMAL,LOW,False,False,False,False,True,LOW,NORMAL,LOW,HIGH,LOW,LOW,HIGH,LOW,LOW,LOW,False,HIGH,NORMAL,HIGH
HIGH,NORMAL,LOW,False,False,False,False,False,NORMAL,NORMAL,LOW,LOW,NORMAL,HIGH,ZERO,HIGH,HIGH,NORMAL,False,ZERO,NORMAL,HIGH
HIGH,NORMAL,LOW,False,False,False,False,False,HIGH,NORMAL,LOW,LOW,NORMAL,HIGH,ZERO,HIGH,HIGH,HIGH,False,ZERO,NORMAL,NORMAL
HIGH,NORMAL,LOW,False,False,False,True,False,HIGH,ONESIDED,NORMAL,LOW,NORMAL,LOW,LOW,HIGH,HIGH,LOW,False,LOW,HIGH,NORMAL
HIGH,NORMAL,LOW,False,False,False,False,True,LOW,NORMAL,LOW,LOW,NORMAL,NORMAL,ZERO,HIGH,HIGH,LOW,False,ZERO,NORMAL,NORMAL
LOW,NORMAL,LOW,False,False,False,True,False,NORMAL,NORMAL,LOW,HIGH,NORMAL,NORMAL,HIGH,LOW,LOW,NORMAL,False,HIGH,NORMAL,HIGH
HIGH,NORMAL,LOW,False,False,False,False,False,NORMAL,NORMAL,LOW,LOW,NORMAL,HIGH,ZERO,HIGH,HIGH,NORMAL,False,ZERO,NORMAL,HIGH
HIGH,NORMAL,LOW,False,False,False,False,False,NORMAL,NORMAL,LOW,LOW,NORMAL,HIGH,ZERO,HIGH,HIGH,NORMAL,False,ZERO,NORMAL,HIGH
LOW,NORMAL,LOW,False,False,False,False,False,NORMAL,NORMAL,LOW,LOW,NORMAL,LOW,ZERO,LOW,LOW,NORMAL,False,ZERO,HIGH,LOW
HIGH,NORMAL,LOW,False,False,False,False,True,LOW,NORMAL,LOW,LOW,NORMAL,LOW,ZERO,HIGH,HIGH,LOW,False,ZERO,NORMAL,LOW
HIGH,NORMAL,LOW,False,False,False,False,False,HIGH,NORMAL,LOW,LOW,NORMAL,LOW,ZERO,HIGH,HIGH,HIGH,False,ZERO,NORMAL,HIGH
HIGH,HIGH,HIGH,False,False,False,False,False,NORMAL,ONESIDED,HIGH,LOW,NORMAL,HIGH,HIGH,HIGH,HIGH,NORMAL,False,LOW,HIGH,HIGH
HIGH,NORMAL,LOW,False,False,False,False,False,NORMAL,NORMAL,LOW,LOW,LOW,HIGH,ZERO,HIGH,HIGH,NORMAL,False,ZERO,NORMAL,NORMAL
LOW,NORMAL,ZERO,True,False,False,False,False,NORMAL,ONESIDED,LOW,LOW,HIGH,NORMAL,NORMAL,LOW,LOW,NORMAL,False,NORMAL,HIGH,LOW
HIGH,NORMAL,LOW,False,False,False,False,False,HIGH,NORMAL,LOW,LOW,NORMAL,HIGH,ZERO,HIGH,HIGH,HIGH,False,ZERO,NORMAL,NORMAL
HIGH,NORMAL,ZERO,False,False,False,False,False,NORMAL,NORMAL,LOW,LOW,NORMAL,HIGH,ZERO,HIGH,HIGH,NORMAL,False,ZERO,NORMAL,LOW
HIGH,NORMAL,LOW,False,False,False,False,False,HIGH,NORMAL,LOW,LOW,NORMAL,NORMAL,ZERO,HIGH,HIGH,HIGH,False,ZERO,NORMAL,NORMAL
HIGH,NORMAL,LOW,False,False,True,False,False,NORMAL,NORMAL,LOW,LOW,LOW,HIGH,ZERO,NORMAL,NORMAL,NORMAL,False,ZERO,NORMAL,NORMAL
LOW,NORMAL,LOW,False,False,False,False,False,NORMAL,NORMAL,LOW,LOW,NORMAL,NORMAL,ZERO,LOW,LOW,NORMAL,False,ZERO,HIGH,HIGH
HIGH,NORMAL,LOW,False,False,False,False,False,NORMAL,NORMAL,LOW,LOW,HIGH,HIGH,ZERO,HIGH,HIGH,NORMAL,False,ZERO,NORMAL,LOW
HIGH,NORMAL,LOW,False,False,False,False,False,NORMAL,NORMAL,LOW,LOW,NORMAL,HIGH,ZERO,HIGH,HIGH,NORMAL,False,ZERO,NORMAL,LOW
HIGH,NORMAL,LOW,False,False,True,False,False,NORMAL,NORMAL,LOW,LOW,NORMAL,HIGH,ZERO,NORMAL,NORMAL,NORMAL,False,ZERO,NORMAL,NORMAL
HIGH,NORMAL,LOW,False,False,False,True,False,NORMAL,ESOPHAGEAL,NORMAL,LOW,HIGH,HIGH,ZERO,HIGH,HIGH,NORMAL,False,ZERO,NORMAL,HIGH
LOW,NORMAL,ZERO,False,False,False,False,False,HIGH,NORMAL,LOW,NORMAL,LOW,NORMAL,HIGH,LOW,LOW,HIGH,False,HIGH,NORMAL,HIGH
HIGH,NORMAL,LOW,False,False,True,False,False,NORMAL,NORMAL,LOW,LOW,LOW,HIGH,ZERO,NORMAL,NORMAL,NORMAL,False,ZERO,NORMAL,NORMAL
LOW,LOW,ZERO,False,False,False,False,False,HIGH,NORMAL,LOW,HIGH,NORMAL,NORMAL,HIGH,LOW,LOW,HIGH,False,HIGH,NORMAL,NORMAL
HIGH,NORMAL,LOW,False,False,False,False,False,NORMAL,NORMAL,LOW,LOW,HIGH,HIGH,ZERO,HIGH,HIGH,NORMAL,False,ZERO,HIGH,NORMAL
HIGH,NORMAL,LOW,False,False,False,False,False,NORMAL,NORMAL,LOW,LOW,NORMAL,HIGH,ZERO,HIGH,HIGH,NORMAL,False,ZERO,NORMAL,LOW
LOW,NORMAL,LOW,False,False,False,False,False,NORMAL,NORMAL,LOW,LOW,NORMAL,LOW,ZERO,NORMAL,HIGH,NORMAL,False,ZERO,NORMAL,NORMAL
HIGH,NORMAL,LOW,False,False,False,False,False,NORMAL,NORMAL,LOW,LOW,NORMAL,HIGH,ZERO,HIGH,HIGH,NORMAL,False,ZERO,NORMAL,HIGH
HIGH,NORMAL,LOW,False,False,True,False,False,HIGH,NORMAL,LOW,LOW,NORMAL,HIGH,ZERO,NORMAL,NORMAL,HIGH,False,ZERO,NORMAL,HIGH
HIGH,LOW,NORMAL,False,False,False,False,False,NORMAL,NORMAL,LOW,LOW,NORMAL,HIGH,ZERO,HIGH,HIGH,NORMAL,True,ZERO,NORMAL,NORMAL
HIGH,NORMAL,LOW,False,False,False,False,False,NORMAL,NORMAL,LOW,LOW,NORMAL,HIGH,ZERO,HIGH,HIGH,NORMAL,True,ZERO,NORMAL,HIGH
LOW,NORMAL,LOW,False,False,False,False,False,NORMAL,NORMAL,LOW,LOW,NORMAL,HIGH,ZERO,HIGH,HIGH,NORMAL,False,LOW,NORMAL,LOW
HIGH,NORMAL,LOW,False,False,True,False,False,HIGH,NORMAL,LOW,LOW,NORMAL,HIGH,ZERO,NORMAL,NORMAL,HIGH,False,ZERO,NORMAL,NORMAL
HIGH,NORMAL,LOW,False,False,False,False,False,HIGH,NORMAL,LOW,LOW,NORMAL,HIGH,ZERO,HIGH,HIGH,HIGH,False,ZERO,NORMAL,LOW
HIGH,NORMAL,LOW,False,False,False,False,False,NORMAL,NORMAL,ZERO,LOW,NORMAL,HIGH,ZERO,HIGH,HIGH,NORMAL,False,ZERO,NORMAL,HIGH
HIGH,HIGH,HIGH,False,False,False,False,False,NORMAL,NORMAL,LOW,HIGH,NORMAL,HIGH,HIGH,HIGH,HIGH,NORMAL,False,HIGH,NORMAL,NORMAL
NORMAL,NORMAL,LOW,False,False,False,False,False,HIGH,NORMAL,LOW,LOW,NORMAL,HIGH,ZERO,HIGH,HIGH,HIGH,False,ZERO,NORMAL,NORMAL
LOW,NORMAL,LOW,False,False,False,False,False,NORMAL,NORMAL,NORMAL,LOW,NORMAL,LOW,LOW,LOW,LOW,NORMAL,False,NORMAL,NORMAL,HIGH
HIGH,NORMAL,LOW,False,False,False,False,False,NORMAL,NORMAL,LOW,LOW,NORMAL,HIGH,ZERO,HIGH,HIGH,NORMAL,False,ZERO,NORMAL,LOW
HIGH,NORMAL,LOW,False,False,False,False,False,NORMAL,NORMAL,LOW,LOW,HIGH,HIGH,ZERO,HIGH,HIGH,NORMAL,False,ZERO,NORMAL,LOW
LOW,ZERO,ZERO,False,False,True,False,False,HIGH,NORMAL,LOW,HIGH,NORMAL,LOW,HIGH,HIGH,HIGH,HIGH,False,HIGH,NORMAL,HIGH
HIGH,NORMAL,LOW,False,False,False,False,False,LOW,NORMAL,LOW,LOW,NORMAL,HIGH,ZERO,HIGH,HIGH,LOW,False,ZERO,NORMAL,HIGH
HIGH,NORMAL,ZERO,False,False,False,False,False,NORMAL,NORMAL,LOW,HIGH,NORMAL,HIGH,HIGH,HIGH,HIGH,LOW,False,HIGH,NORMAL,NORMAL
HIGH,NORMAL,LOW,False,False,False,False,False,NORMAL,NORMAL,LOW,LOW,NORMAL,HIGH,ZERO,LOW,HIGH,NORMAL,False,ZERO,NORMAL,HIGH
HIGH,NORMAL,LOW,False,False,False,False,False,HIGH,NORMAL,LOW,LOW,HIGH,NORMAL,ZERO,HIGH,HIGH,HIGH,False,ZERO,NORMAL,LOW
HIGH,NORMAL,LOW,False,False,False,False,False,HIGH,NORMAL,LOW,LOW,NORMAL,LOW,ZERO,HIGH,HIGH,HIGH,True,ZERO,NORMAL,HIGH
HIGH,HIGH,NORMAL,False,False,False,False,False,NORMAL,NORMAL,HIGH,LOW,NORMAL,HIGH,LOW,HIGH,HIGH,NORMAL,False,LOW,HIGH,NORMAL
LOW,ZERO,ZERO,False,False,False,False,True,LOW,NORMAL,ZERO,HIGH,NORMAL,LOW,HIGH,LOW,HIGH,LOW,False,HIGH,NORMAL,HIGH
HIGH,NORMAL,LOW,False,False,False,False,False,HIGH,ESOPHAGEAL,NORMAL,HIGH,NORMAL,HIGH,LOW,HIGH,HIGH,HIGH,False,HIGH,NORMAL,LOW
HIGH,NORMAL,LOW,False,False,False,False,False,NORMAL,NORMAL,LOW,LOW,NORMAL,HIGH,ZERO,HIGH,HIGH,NORMAL,False,ZERO,NORMAL,NORMAL
HIGH,HIGH,HIGH,False,False,False,True,False,NORMAL,ESOPHAGEAL,NORMAL,HIGH,NORMAL,LOW,ZERO,HIGH,HIGH,NORMAL,False,HIGH,NORMAL,NORMAL
HIGH,HIGH,HIGH,False,False,False,False,False,NORMAL,NORMAL,LOW,HIGH,LOW,HIGH,HIGH,HIGH,HIGH,NORMAL,False,HIGH,NORMAL,NORMAL
HIGH,NORMAL,LOW,False,False,False,False,False,NORMAL,NORMAL,LOW,LOW,NORMAL,HIGH,ZERO,HIGH,HIGH,NORMAL,False,ZERO,NORMAL,LOW
HIGH,NORMAL,LOW,False,False,False,False,False,LOW,NORMAL,LOW,LOW,NORMAL,HIGH,ZERO,HIGH,HIGH,LOW,False,ZERO,NORMAL,HIGH
HIGH,NORMAL,LOW,False,False,False,False,False,HIGH,NORMAL,LOW,LOW,NORMAL,LOW,NORMAL,HIGH,HIGH,HIGH,False,ZERO,NORMAL,LOW
HIGH,NORMAL,LOW,False,False,False,False,False,NORMAL,NORMAL,NORMAL,LOW,NORMAL,HIGH,ZERO,HIGH,HIGH,NORMAL,False,NORMAL,NORMAL,LOW
LOW,NORMAL,LOW,False,False,False,False,False,NORMAL,NORMAL,LOW,LOW,NORMAL,NORMAL,ZERO,LOW,LOW,NORMAL,False,ZERO,NORMAL,HIGH
HIGH,NORMAL,ZERO,False,False,False,False,False,NORMAL,NORMAL,LOW,HIGH,NORMAL,HIGH,HIGH,HIGH,HIGH,NORMAL,False,HIGH,NORMAL,LOW
HIGH,NORMAL,LOW,False,False,False,True,False,NORMAL,ONESIDED,NORMAL,NORMAL,NORMAL,HIGH,ZERO,HIGH,HIGH,NORMAL,False,LOW,HIGH,NORMAL
HIGH,NORMAL,LOW,False,False,False,False,False,NORMAL,NORMAL,LOW,LOW,NORMAL,HIGH,ZERO,HIGH,HIGH,NORMAL,False,ZERO,NORMAL,LOW
HIGH,NORMAL,LOW,False,False,False,False,True,LOW,NORMAL,LOW,LOW,NORMAL,LOW,ZERO,HIGH,HIGH,LOW,False,ZERO,NORMAL,NORMAL
HIGH,NORMAL,LOW,False,False,True,False,False,HIGH,NORMAL,LOW,HIGH,NORMAL,HIGH,HIGH,NORMAL,NORMAL,HIGH,False,HIGH,NORMAL,NORMAL
HIGH,HIGH,HIGH,False,False,False,False,False,HIGH,NORMAL,LOW,HIGH,NORMAL,HIGH,HIGH,HIGH,HIGH,HIGH,False,HIGH,NORMAL,NORMAL
LOW,HIGH,HIGH,False,False,False,False,False,NORMAL,NORMAL,LOW,HIGH,NORMAL,NORMAL,HIGH,LOW,LOW,NORMAL,False,HIGH,NORMAL,HIGH
HIGH,NORMAL,LOW,False,False,False,False,False,NORMAL,NORMAL,LOW,LOW,NORMAL,HIGH,ZERO,HIGH,HIGH,NORMAL,False,ZERO,NORMAL,LOW
HIGH,NORMAL,LOW,False,False,False,True,False,HIGH,NORMAL,LOW,LOW,NORMAL,HIGH,ZERO,HIGH,HIGH,HIGH,False,ZERO,NORMAL,HIGH
HIGH,NORMAL,LOW,False,False,True,False,False,NORMAL,NORMAL,LOW,LOW,NORMAL,HIGH,ZERO,NORMAL,NORMAL,NORMAL,False,ZERO,NORMAL,NORMAL
LOW,NORMAL,LOW,False,False,False,False,True,LOW,NORMAL,LOW,LOW,NORMAL,LOW,ZERO,LOW,LOW,NORMAL,False,ZERO,NORMAL,LOW
HIGH,NORMAL,LOW,False,False,False,False,False,NORMAL,NORMAL,LOW,LOW,NORMAL,NORMAL,ZERO,HIGH,HIGH,NORMAL,False,ZERO,NORMAL,HIGH
HIGH,NORMAL,LOW,False,False,False,False,False,NORMAL,NORMAL,LOW,LOW,NORMAL,HIGH,ZERO,HIGH,HIGH,NORMAL,False,ZERO,NORMAL,LOW
HIGH,NORMAL,LOW,False,False,False,False,False,NORMAL,NORMAL,LOW,LOW,NORMAL,HIGH,LOW,HIGH,HIGH,NORMAL,False,ZERO,NORMAL,NORMAL
LOW,NORMAL,LOW,False,False,False,False,False,NORMAL,NORMAL,LOW,LOW,HIGH,NORMAL,ZERO,LOW,LOW,NORMAL,False,ZERO,NORMAL,LOW
HIGH,NORMAL,LOW,False,False,False,False,False,HIGH,ESOPHAGEAL,LOW,HIGH,NORMAL,HIGH,LOW,HIGH,HIGH,HIGH,False,HIGH,NORMAL,NORMAL
HIGH,NORMAL,LOW,False,False,False,False,False,HIGH,NORMAL,LOW,LOW,NORMAL,HIGH,ZERO,HIGH,HIGH,HIGH,False,ZERO,NORMAL,LOW
HIGH,NORMAL,LOW,False,False,False,False,False,HIGH,NORMAL,LOW,LOW,NORMAL,LOW,ZERO,HIGH,HIGH,HIGH,False,ZERO,NORMAL,HIGH
HIGH,NORMAL,LOW,False,False,False,False,False,HIGH,NORMAL,LOW,LOW,NORMAL,HIGH,ZERO,HIGH,HIGH,HIGH,False,ZERO,NORMAL,NORMAL
LOW,NORMAL,LOW,False,False,False,False,False,NORMAL,NORMAL,LOW,LOW,NORMAL,NORMAL,ZERO,LOW,LOW,NORMAL,False,ZERO,NORMAL,LOW
LOW,NORMAL,LOW,False,False,False,False,False,NORMAL,NORMAL,LOW,LOW,NORMAL,NORMAL,ZERO,LOW,LOW,LOW,False,ZERO,NORMAL,HIGH
HIGH,NORMAL,LOW,False,False,False,True,False,NORMAL,NORMAL,LOW,LOW,NORMAL,HIGH,ZERO,HIGH,HIGH,NORMAL,False,ZERO,NORMAL,NORMAL
HIGH,NORMAL,LOW,False,False,True,False,False,NORMAL,NORMAL,LOW,LOW,NORMAL,HIGH,ZERO,NORMAL,NORMAL,NORMAL,False,ZERO,NORMAL,NORMAL
HIGH,NORMAL,LOW,False,False,False,True,False,NORMAL,NORMAL,LOW,LOW,NORMAL,HIGH,ZERO,HIGH,HIGH,NORMAL,False,ZERO,NORMAL,HIGH
HIGH,NORMAL,LOW,False,False,False,False,False,HIGH,NORMAL,LOW,LOW,NORMAL,HIGH,ZERO,HIGH,HIGH,HIGH,False,ZERO,NORMAL,LOW
HIGH,NORMAL,LOW,False,False,False,True,False,NORMAL,NORMAL,LOW,LOW,NORMAL,HIGH,ZERO,HIGH,HIGH,NORMAL,False,ZERO,NORMAL,NORMAL
HIGH,NORMAL,HIGH,False,False,True,False,False,NORMAL,NORMAL,ZERO,HIGH,NORMAL,LOW,HIGH,NORMAL,NORMAL,NORMAL,False,HIGH,NORMAL,NORMAL
HIGH,NORMAL,LOW,False,False,False,False,False,HIGH,ONESIDED,NORMAL,LOW,NORMAL,HIGH,LOW,HIGH,HIGH,HIGH,False,LOW,HIGH,LOW
HIGH,LOW,ZERO,False,False,False,False,False,NORMAL,NORMAL,LOW,LOW,NORMAL,HIGH,ZERO,HIGH,HIGH,NORMAL,True,ZERO,NORMAL,HIGH
LOW,HIGH,HIGH,False,False,False,False,False,NORMAL,NORMAL,LOW,HIGH,NORMAL,HIGH,HIGH,LOW,LOW,LOW,False,HIGH,NORMAL,HIGH
HIGH,LOW,ZERO,False,False,False,True,False,HIGH,NORMAL,ZERO,HIGH,NORMAL,LOW,HIGH,HIGH,HIGH,HIGH,False,HIGH,NORMAL,LOW
HIGH,NORMAL,LOW,False,False,True,False,False,NORMAL,ONESIDED,NORMAL,LOW,NORMAL,HIGH,ZERO,NORMAL,NORMAL,NORMAL,False,LOW,HIGH,HIGH
HIGH,NORMAL,LOW,False,False,False,True,False,NORMAL,NORMAL,LOW,LOW,NORMAL,HIGH,ZERO,HIGH,HIGH,LOW,False,ZERO,NORMAL,NORMAL
HIGH,NORMAL,LOW,False,False,False,False,False,NORMAL,NORMAL,LOW,LOW,NORMAL,HIGH,ZERO,HIGH,HIGH,NORMAL,False,ZERO,NORMAL,NORMAL
HIGH,NORMAL,ZERO,False,False,False,False,False,HIGH,ONESIDED,LOW,LOW,NORMAL,LOW,NORMAL,HIGH,HIGH,HIGH,False,NORMAL,HIGH,NORMAL
HIGH,NORMAL,LOW,False,False,False,False,False,HIGH,NORMAL,LOW,LOW,NORMAL,LOW,ZERO,HIGH,HIGH,HIGH,False,ZERO,NORMAL,NORMAL
HIGH,LOW,ZERO,False,False,False,False,False,NORMAL,NORMAL,LOW,HIGH,NORMAL,HIGH,HIGH,HIGH,HIGH,NORMAL,False,HIGH,NORMAL,LOW
NORMAL,NORMAL,LOW,False,False,False,False,False,HIGH,NORMAL,LOW,LOW,NORMAL,LOW,ZERO,HIGH,HIGH,HIGH,True,ZERO,NORMAL,HIGH
HIGH,NORMAL,LOW,False,False,False,True,False,NORMAL,NORMAL,ZERO,HIGH,NORMAL,HIGH,ZERO,HIGH,NORMAL,NORMAL,False,HIGH,NORMAL,NORMAL
HIGH,NORMAL,LOW,False,False,False,False,False,NORMAL,NORMAL,LOW,LOW,NORMAL,HIGH,ZERO,HIGH,HIGH,NORMAL,False,ZERO,NORMAL,NORMAL
HIGH,NORMAL,LOW,False,False,False,False,False,NORMAL,NORMAL,LOW,LOW,NORMAL,HIGH,ZERO,HIGH,HIGH,NORMAL,False,ZERO,NORMAL,LOW
HIGH,ZERO,ZERO,False,False,False,True,False,HIGH,NORMAL,ZERO,HIGH,NORMAL,LOW,HIGH,HIGH,HIGH,HIGH,False,HIGH,NORMAL,LOW
HIGH,NORMAL,LOW,False,False,False,True,False,NORMAL,NORMAL,LOW,LOW,NORMAL,HIGH,ZERO,HIGH,HIGH,NORMAL,False,ZERO,NORMAL,HIGH
HIGH,NORMAL,LOW,False,False,False,False,False,NORMAL,NORMAL,LOW,LOW,LOW,HIGH,ZERO,HIGH,HIGH,NORMAL,False,ZERO,NORMAL,NORMAL
HIGH,NORMAL,LOW,False,False,False,False,False,NORMAL,NORMAL,LOW,LOW,NORMAL,HIGH,ZERO,HIGH,HIGH,NORMAL,False,ZERO,NORMAL,HIGH
LOW,NORMAL,LOW,False,False,False,False,False,NORMAL,NORMAL,LOW,LOW,NORMAL,HIGH,ZERO,LOW,LOW,NORMAL,False,ZERO,NORMAL,HIGH
HIGH,NORMAL,LOW,False,False,False,False,False,NORMAL,NORMAL,LOW,LOW,NORMAL,HIGH,ZERO,HIGH,HIGH,NORMAL,False,ZERO,NORMAL,HIGH
HIGH,NORMAL,LOW,False,False,False,False,False,HIGH,NORMAL,NORMAL,LOW,NORMAL,LOW,ZERO,HIGH,HIGH,HIGH,False,ZERO,NORMAL,NORMAL
HIGH,NORMAL,LOW,False,False,False,False,False,NORMAL,NORMAL,LOW,LOW,NORMAL,HIGH,ZERO,HIGH,HIGH,NORMAL,False,ZERO,NORMAL,HIGH
HIGH,NORMAL,LOW,False,False,False,False,False,NORMAL,NORMAL,LOW,LOW,NORMAL,HIGH,ZERO,HIGH,HIGH,NORMAL,False,ZERO,HIGH,HIGH
LOW,NORMAL,LOW,False,False,False,False,False,NORMAL,NORMAL,LOW,LOW,NORMAL,NORMAL,ZERO,LOW,LOW,NORMAL,False,ZERO,NORMAL,HIGH
HIGH,NORMAL,LOW,False,False,False,False,False,NORMAL,NORMAL,LOW,LOW,NORMAL,HIGH,ZERO,HIGH,HIGH,NORMAL,False,ZERO,NORMAL,NORMAL
LOW,NORMAL,LOW,False,False,False,False,False,NORMAL,NORMAL,LOW,LOW,NORMAL,NORMAL,ZERO,LOW,LOW,NORMAL,False,ZERO,NORMAL,HIGH
HIGH,NORMAL,LOW,False,False,False,False,False,HIGH,NORMAL,LOW,LOW,NORMAL,HIGH,ZERO,HIGH,NORMAL,HIGH,False,ZERO,NORMAL,HIGH
HIGH,NORMAL,LOW,False,False,False,False,False,NORMAL,NORMAL,LOW,HIGH,NORMAL,HIGH,HIGH,HIGH,HIGH,NORMAL,False,HIGH,NORMAL,NORMAL
HIGH,NORMAL,LOW,False,False,False,False,False,NORMAL,NORMAL,LOW,LOW,NORMAL,HIGH,ZERO,HIGH,HIGH,NORMAL,False,ZERO,NORMAL,NORMAL
HIGH,NORMAL,ZERO,False,False,False,False,False,NORMAL,NORMAL,LOW,LOW,NORMAL,HIGH,ZERO,HIGH,HIGH,NORMAL,False,ZERO,NORMAL,NORMAL
HIGH,NORMAL,LOW,False,False,False,False,False,NORMAL,ONESIDED,NORMAL,LOW,NORMAL,HIGH,LOW,HIGH,HIGH,NORMAL,False,LOW,HIGH,HIGH
LOW,NORMAL,ZERO,False,False,False,False,False,NORMAL,NORMAL,ZERO,HIGH,NORMAL,NORMAL,HIGH,LOW,LOW,NORMAL,False,HIGH,HIGH,NORMAL
NORMAL,ZERO,ZERO,False,False,False,False,False,NORMAL,NORMAL,LOW,HIGH,NORMAL,LOW,HIGH,HIGH,NORMAL,NORMAL,False,HIGH,NORMAL,NORMAL
HIGH,NORMAL,LOW,False,False,False,False,False,NORMAL,NORMAL,LOW,LOW,NORMAL,HIGH,ZERO,HIGH,HIGH,NORMAL,False,ZERO,NORMAL,NORMAL
HIGH,NORMAL,LOW,False,False,False,False,True,LOW,NORMAL,LOW,LOW,NORMAL,NORMAL,ZERO,HIGH,HIGH,LOW,False,ZERO,NORMAL,HIGH
HIGH,NORMAL,LOW,False,False,False,False,False,NORMAL,NORMAL,LOW,LOW,NORMAL,LOW,ZERO,HIGH,HIGH,NORMAL,False,ZERO,NORMAL,NORMAL
HIGH,NORMAL,LOW,False,False,False,False,False,NORMAL,NORMAL,LOW,LOW,LOW,HIGH,ZERO,HIGH,HIGH,NORMAL,False,ZERO,NORMAL,NORMAL
HIGH,NORMAL,LOW,False,False,False,False,False,HIGH,NORMAL,LOW,HIGH,NORMAL,LOW,HIGH,HIGH,HIGH,HIGH,False,HIGH,NORMAL,LOW
HIGH,NORMAL,LOW,False,False,False,False,False,NORMAL,NORMAL,LOW,LOW,LOW,HIGH,ZERO,HIGH,HIGH,NORMAL,False,ZERO,NORMAL,NORMAL
HIGH,NORMAL,LOW,False,False,False,False,False,NORMAL,NORMAL,LOW,LOW,NORMAL,NORMAL,ZERO,HIGH,HIGH,NORMAL,False,ZERO,NORMAL,LOW
LOW,LOW,LOW,False,False,False,False,False,NORMAL,NORMAL,LOW,LOW,NORMAL,NORMAL,ZERO,LOW,LOW,NORMAL,False,ZERO,NORMAL,HIGH
LOW,NORMAL,LOW,False,False,False,False,True,LOW,NORMAL,LOW,LOW,NORMAL,LOW,ZERO,LOW,LOW,LOW,False,ZERO,NORMAL,NORMAL
HIGH,NORMAL,LOW,False,False,True,True,False,NORMAL,NORMAL,LOW,LOW,NORMAL,HIGH,ZERO,NORMAL,NORMAL,NORMAL,False,ZERO,NORMAL,LOW
HIGH,NORMAL,LOW,False,False,False,False,False,HIGH,NORMAL,LOW,LOW,NORMAL,HIGH,ZERO,HIGH,HIGH,HIGH,False,ZERO,NORMAL,NORMAL
LOW,HIGH,HIGH,False,True,False,False,False,NORMAL,NORMAL,LOW,HIGH,HIGH,NORMAL,HIGH,LOW,LOW,NORMAL,False,HIGH,HIGH,HIGH
HIGH,NORMAL,LOW,False,False,False,False,False,HIGH,NORMAL,LOW,LOW,NORMAL,HIGH,ZERO,HIGH,HIGH,HIGH,False,ZERO,NORMAL,NORMAL
HIGH,NORMAL,LOW,False,False,True,True,False,NORMAL,NORMAL,LOW,LOW,NORMAL,HIGH,ZERO,NORMAL,NORMAL,NORMAL,False,ZERO,NORMAL,NORMAL
HIGH,NORMAL,LOW,False,False,False,False,False,NORMAL,NORMAL,LOW,LOW,NORMAL,HIGH,ZERO,HIGH,HIGH,NORMAL,False,ZERO,NORMAL,LOW
HIGH,ZERO,ZERO,False,False,False,False,False,NORMAL,NORMAL,LOW,HIGH,LOW,HIGH,HIGH,HIGH,HIGH,NORMAL,False,HIGH,HIGH,NORMAL
HIGH,NORMAL,LOW,False,False,True,False,False,NORMAL,NORMAL,LOW,LOW,NORMAL,HIGH,ZERO,NORMAL,NORMAL,NORMAL,False,ZERO,NORMAL,NORMAL
HIGH,NORMAL,LOW,False,False,False,False,False,NORMAL,NORMAL,LOW,LOW,NORMAL,HIGH,ZERO,HIGH,HIGH,NORMAL,False,ZERO,NORMAL,LOW
HIGH,NORMAL,LOW,False,False,False,False,False,NORMAL,NORMAL,LOW,LOW,NORMAL,HIGH,ZERO,HIGH,HIGH,NORMAL,False,ZERO,NORMAL,NORMAL
HIGH,NORMAL,LOW,False,False,False,False,False,NORMAL,NORMAL,LOW,LOW,NORMAL,HIGH,ZERO,HIGH,HIGH,NORMAL,False,ZERO,NORMAL,NORMAL
HIGH,NORMAL,LOW,False,False,False,False,False,NORMAL,NORMAL,LOW,LOW,NORMAL,HIGH,ZERO,HIGH,HIGH,NORMAL,False,ZERO,NORMAL,HIGH
HIGH,LOW,ZERO,False,False,False,False,False,HIGH,NORMAL,LOW,HIGH,NORMAL,LOW,HIGH,HIGH,HIGH,HIGH,False,HIGH,NORMAL,LOW
LOW,NORMAL,LOW,False,False,False,False,False,NORMAL,NORMAL,LOW,LOW,NORMAL,NORMAL,ZERO,LOW,LOW,NORMAL,False,ZERO,NORMAL,HIGH
HIGH,NORMAL,LOW,False,False,False,True,False,HIGH,NORMAL,LOW,LOW,NORMAL,HIGH,ZERO,HIGH,HIGH,HIGH,True,ZERO,NORMAL,NORMAL
NORMAL,NORMAL,LOW,False,False,False,False,False,HIGH,NORMAL,LOW,LOW,NORMAL,HIGH,ZERO,HIGH,HIGH,HIGH,False,ZERO,NORMAL,NORMAL
HIGH,LOW,ZERO,False,False,False,False,False,HIGH,NORMAL,LOW,HIGH,NORMAL,HIGH,HIGH,HIGH,HIGH,HIGH,False,HIGH,NORMAL,NORMAL
HIGH,NORMAL,NORMAL,False,False,False,False,False,NORMAL,NORMAL,HIGH,LOW,NORMAL,HIGH,LOW,HIGH,HIGH,NORMAL,False,LOW,NORMAL,HIGH
HIGH,NORMAL,LOW,False,False,False,False,False,NORMAL,ONESIDED,LOW,LOW,NORMAL,HIGH,NORMAL,HIGH,HIGH,LOW,False,NORMAL,HIGH,NORMAL
HIGH,NORMAL,LOW,False,False,False,False,False,HIGH,ONESIDED,LOW,NORMAL,LOW,HIGH,NORMAL,HIGH,HIGH,HIGH,False,NORMAL,HIGH,HIGH
HIGH,NORMAL,LOW,False,False,False,False,False,NORMAL,NORMAL,LOW,LOW,NORMAL,HIGH,ZERO,HIGH,HIGH,NORMAL,False,ZERO,HIGH,NORMAL
LOW,HIGH,HIGH,False,False,False,False,False,NORMAL,NORMAL,LOW,LOW,NORMAL,NORMAL,ZERO,LOW,LOW,NORMAL,True,ZERO,NORMAL,HIGH
HIGH,ZERO,ZERO,False,False,False,False,False,NORMAL,NORMAL,LOW,LOW,NORMAL,NORMAL,ZERO,HIGH,HIGH,NORMAL,False,ZERO,NORMAL,NORMAL
HIGH,ZERO,ZERO,False,False,False,False,False,NORMAL,NORMAL,LOW,LOW,NORMAL,HIGH,ZERO,HIGH,HIGH,NORMAL,False,ZERO,NORMAL,HIGH
HIGH,NORMAL,LOW,False,False,False,False,False,NORMAL,NORMAL,LOW,LOW,NORMAL,HIGH,ZERO,HIGH,HIGH,NORMAL,True,ZERO,NORMAL,LOW
HIGH,NORMAL,LOW,False,False,False,False,False,NORMAL,NORMAL,LOW,LOW,NORMAL,HIGH,ZERO,HIGH,HIGH,NORMAL,False,ZERO,NORMAL,NORMAL
HIGH,NORMAL,ZERO,False,False,False,False,False,HIGH,NORMAL,LOW,LOW,NORMAL,NORMAL,ZERO,HIGH,HIGH,HIGH,False,ZERO,NORMAL,NORMAL
HIGH,NORMAL,LOW,False,False,False,False,False,NORMAL,NORMAL,LOW,LOW,NORMAL,HIGH,ZERO,HIGH,HIGH,NORMAL,False,ZERO,NORMAL,NORMAL
HIGH,NORMAL,LOW,False,False,False,False,True,LOW,NORMAL,LOW,LOW,NORMAL,LOW,ZERO,HIGH,HIGH,LOW,False,ZERO,NORMAL,NORMAL
HIGH,NORMAL,LOW,False,False,False,False,True,LOW,NORMAL,LOW,LOW,NORMAL,LOW,ZERO,HIGH,HIGH,LOW,False,ZERO,NORMAL,LOW
HIGH,NORMAL,LOW,False,False,False,False,False,NORMAL,NORMAL,LOW,LOW,NORMAL,HIGH,ZERO,HIGH,HIGH,NORMAL,False,ZERO,NORMAL,LOW
HIGH,ZERO,ZERO,False,False,True,False,False,NORMAL,NORMAL,LOW,HIGH,NORMAL,HIGH,HIGH,NORMAL,NORMAL,NORMAL,False,HIGH,NORMAL,NORMAL
HIGH,NORMAL,LOW,False,False,False,False,False,HIGH,NORMAL,LOW,LOW,NORMAL,HIGH,ZERO,HIGH,HIGH,HIGH,False,ZERO,HIGH,NORMAL
LOW,NORMAL,ZERO,False,False,False,False,False,NORMAL,NORMAL,LOW,HIGH,NORMAL,NORMAL,HIGH,LOW,LOW,NORMAL,False,HIGH,NORMAL,HIGH
HIGH,NORMAL,LOW,False,False,False,False,False,HIGH,NORMAL,LOW,LOW,NORMAL,LOW,ZERO,HIGH,HIGH,HIGH,False,ZERO,NORMAL,LOW
HIGH,NORMAL,LOW,False,False,False,False,False,NORMAL,NORMAL,LOW,LOW,NORMAL,HIGH,ZERO,HIGH,HIGH,NORMAL,False,ZERO,NORMAL,HIGH
HIGH,NORMAL,LOW,False,False,False,False,False,NORMAL,NORMAL,LOW,LOW,NORMAL,HIGH,LOW,HIGH,HIGH,NORMAL,False,ZERO,NORMAL,HIGH
HIGH,NORMAL,LOW,False,False,False,False,False,NORMAL,NORMAL,LOW,LOW,NORMAL,HIGH,ZERO,HIGH,HIGH,LOW,False,ZERO,NORMAL,HIGH
HIGH,NORMAL,LOW,False,False,False,True,False,NORMAL,NORMAL,LOW,LOW,NORMAL,HIGH,ZERO,HIGH,HIGH,NORMAL,False,ZERO,NORMAL,LOW
HIGH,NORMAL,LOW,False,True,False,False,False,NORMAL,NORMAL,LOW,LOW,NORMAL,HIGH,ZERO,HIGH,HIGH,LOW,False,ZERO,HIGH,NORMAL
HIGH,NORMAL,LOW,False,False,False,False,False,NORMAL,NORMAL,LOW,LOW,NORMAL,HIGH,ZERO,HIGH,NORMAL,NORMAL,False,ZERO,NORMAL,HIGH
HIGH,NORMAL,LOW,False,False,False,False,False,HIGH,NORMAL,LOW,LOW,NORMAL,LOW,ZERO,HIGH,HIGH,HIGH,False,ZERO,NORMAL,LOW
NORMAL,NORMAL,ZERO,False,False,False,False,False,NORMAL,NORMAL,NORMAL,LOW,NORMAL,HIGH,LOW,HIGH,HIGH,NORMAL,False,NORMAL,NORMAL,NORMAL
HIGH,NORMAL,LOW,False,False,True,False,False,LOW,NORMAL,LOW,LOW,NORMAL,HIGH,ZERO,HIGH,NORMAL,LOW,False,ZERO,NORMAL,LOW
LOW,NORMAL,LOW,False,False,False,False,False,HIGH,NORMAL,LOW,LOW,HIGH,LOW,ZERO,HIGH,HIGH,HIGH,False,ZERO,NORMAL,HIGH
LOW,NORMAL,ZERO,False,False,False,False,False,NORMAL,NORMAL,LOW,LOW,NORMAL,HIGH,ZERO,LOW,LOW,NORMAL,False,ZERO,NORMAL,HIGH
HIGH,NORMAL,LOW,False,False,False,False,False,LOW,NORMAL,LOW,LOW,NORMAL,HIGH,HIGH,HIGH,HIGH,LOW,False,ZERO,NORMAL,NORMAL
HIGH,NORMAL,LOW,False,False,False,True,False,NORMAL,NORMAL,LOW,LOW,HIGH,HIGH,ZERO,HIGH,HIGH,NORMAL,False,ZERO,NORMAL,HIGH
HIGH,NORMAL,LOW,False,False,False,False,False,NORMAL,NORMAL,LOW,LOW,NORMAL,HIGH,ZERO,HIGH,HIGH,NORMAL,False,ZERO,NORMAL,LOW
HIGH,NORMAL,LOW,False,False,False,False,False,HIGH,NORMAL,LOW,LOW,NORMAL,HIGH,ZERO,HIGH,HIGH,HIGH,False,ZERO,NORMAL,NORMAL
HIGH,NORMAL,LOW,False,False,False,False,False,NORMAL,NORMAL,LOW,LOW,NORMAL,HIGH,ZERO,HIGH,HIGH,NORMAL,False,ZERO,NORMAL,HIGH
HIGH,NORMAL,LOW,False,False,False,False,False,NORMAL,NORMAL,ZERO,HIGH,NORMAL,HIGH,ZERO,HIGH,HIGH,NORMAL,False,HIGH,NORMAL,NORMAL
HIGH,NORMAL,LOW,False,False,True,False,False,NORMAL,NORMAL,LOW,LOW,NORMAL,LOW,ZERO,NORMAL,LOW,NORMAL,False,ZERO,HIGH,HIGH
HIGH,NORMAL,LOW,False,False,False,True,False,NORMAL,NORMAL,LOW,LOW,NORMAL,HIGH,ZERO,HIGH,HIGH,NORMAL,False,ZERO,NORMAL,NORMAL
NORMAL,NORMAL,LOW,False,False,False,False,False,NORMAL,NORMAL,LOW,LOW,NORMAL,HIGH,ZERO,HIGH,HIGH,NORMAL,False,ZERO,NORMAL,LOW
HIGH,NORMAL,LOW,False,False,False,True,False,NORMAL,NORMAL,LOW,LOW,NORMAL,HIGH,ZERO,HIGH,HIGH,NORMAL,False,ZERO,NORMAL,NORMAL
HIGH,NORMAL,LOW,False,False,False,False,False,NORMAL,NORMAL,LOW,LOW,HIGH,HIGH,ZERO,HIGH,HIGH,NORMAL,False,ZERO,NORMAL,NORMAL
HIGH,NORMAL,HIGH,False,False,False,False,False,NORMAL,ONESIDED,LOW,LOW,NORMAL,HIGH,LOW,HIGH,HIGH,NORMAL,False,LOW,HIGH,NORMAL
LOW,NORMAL,LOW,False,False,False,False,False,HIGH,NORMAL,LOW,LOW,NORMAL,LOW,ZERO,LOW,LOW,HIGH,False,ZERO,HIGH,NORMAL
LOW,NORMAL,LOW,False,False,False,False,False,NORMAL,NORMAL,ZERO,HIGH,NORMAL,NORMAL,HIGH,LOW,LOW,NORMAL,False,HIGH,NORMAL,NORMAL
LOW,NORMAL,ZERO,False,False,False,False,False,NORMAL,NORMAL,LOW,HIGH,NORMAL,NORMAL,HIGH,LOW,LOW,NORMAL,False,HIGH,NORMAL,NORMAL
HIGH,NORMAL,LOW,False,False,False,False,False,HIGH,NORMAL,LOW,LOW,LOW,LOW,ZERO,HIGH,HIGH,HIGH,False,ZERO,NORMAL,HIGH
HIGH,NORMAL,LOW,False,False,False,False,True,LOW,NORMAL,LOW,LOW,LOW,LOW,ZERO,HIGH,HIGH,LOW,False,ZERO,NORMAL,LOW
HIGH,ZERO,ZERO,False,False,False,False,False,NORMAL,NORMAL,LOW,HIGH,NORMAL,HIGH,HIGH,HIGH,HIGH,NORMAL,False,HIGH,NORMAL,NORMAL
LOW,HIGH,HIGH,False,False,False,False,False,NORMAL,NORMAL,LOW,HIGH,LOW,NORMAL,HIGH,LOW,LOW,NORMAL,False,HIGH,NORMAL,HIGH
HIGH,NORMAL,ZERO,False,False,True,False,False,NORMAL,NORMAL,NORMAL,LOW,NORMAL,HIGH,ZERO,NORMAL,NORMAL,NORMAL,False,NORMAL,NORMAL,LOW
NORMAL,NORMAL,LOW,False,False,False,False,False,HIGH,NORMAL,LOW,LOW,NORMAL,LOW,ZERO,HIGH,HIGH,HIGH,False,ZERO,NORMAL,LOW
LOW,LOW,ZERO,False,False,False,True,False,HIGH,NORMAL,LOW,HIGH,NORMAL,NORMAL,HIGH,LOW,LOW,HIGH,False,HIGH,NORMAL,NORMAL
HIGH,NORMAL,LOW,False,False,False,False,False,LOW,NORMAL,LOW,LOW,NORMAL,HIGH,ZERO,HIGH,HIGH,LOW,False,ZERO,NORMAL,NORMAL
HIGH,NORMAL,LOW,False,False,False,False,False,HIGH,NORMAL,LOW,LOW,NORMAL,HIGH,ZERO,HIGH,HIGH,HIGH,False,ZERO,NORMAL,NORMAL
HIGH,NORMAL,LOW,False,False,False,False,False,LOW,ESOPHAGEAL,LOW,LOW,NORMAL,HIGH,LOW,HIGH,HIGH,LOW,False,LOW,NORMAL,NORMAL
HIGH,NORMAL,LOW,False,False,False,False,False,NORMAL,NORMAL,LOW,LOW,LOW,HIGH,ZERO,HIGH,HIGH,NORMAL,False,ZERO,NORMAL,LOW
HIGH,NORMAL,LOW,False,False,True,False,False,NORMAL,NORMAL,LOW,LOW,NORMAL,HIGH,ZERO,NORMAL,NORMAL,NORMAL,False,ZERO,NORMAL,HIGH
HIGH,NORMAL,LOW,False,False,False,True,False,NORMAL,NORMAL,LOW,LOW,NORMAL,HIGH,ZERO,HIGH,HIGH,NORMAL,False,ZERO,NORMAL,NORMAL
HIGH,NORMAL,ZERO,False,False,False,False,False,NORMAL,NORMAL,LOW,HIGH,NORMAL,HIGH,HIGH,HIGH,HIGH,NORMAL,False,HIGH,NORMAL,NORMAL
HIGH,NORMAL,LOW,False,False,False,False,False,NORMAL,NORMAL,LOW,LOW,NORMAL,HIGH,ZERO,HIGH,HIGH,NORMAL,False,ZERO,NORMAL,HIGH
HIGH,NORMAL,LOW,False,False,False,False,False,NORMAL,ESOPHAGEAL,LOW,NORMAL,NORMAL,HIGH,LOW,HIGH,HIGH,NORMAL,False,LOW,NORMAL,LOW
HIGH,NORMAL,LOW,False,False,False,False,False,NORMAL,NORMAL,LOW,LOW,NORMAL,LOW,ZERO,HIGH,HIGH,NORMAL,False,ZERO,NORMAL,NORMAL
HIGH,NORMAL,ZERO,False,False,False,False,False,HIGH,NORMAL,LOW,HIGH,NORMAL,LOW,HIGH,HIGH,HIGH,HIGH,False,HIGH,NORMAL,LOW
HIGH,NORMAL,LOW,False,False,False,False,False,LOW,NORMAL,LOW,LOW,HIGH,HIGH,ZERO,HIGH,HIGH,LOW,False,ZERO,NORMAL,NORMAL
HIGH,NORMAL,LOW,False,False,False,False,False,LOW,NORMAL,ZERO,LOW,NORMAL,HIGH,ZERO,HIGH,HIGH,LOW,False,ZERO,NORMAL,HIGH
LOW,LOW,ZERO,False,False,False,True,False,NORMAL,NORMAL,LOW,HIGH,NORMAL,NORMAL,HIGH,LOW,LOW,NORMAL,False,HIGH,NORMAL,HIGH
HIGH,NORMAL,LOW,False,False,False,True,False,NORMAL,NORMAL,LOW,LOW,HIGH,HIGH,ZERO,HIGH,HIGH,NORMAL,False,ZERO,NORMAL,NORMAL
HIGH,NORMAL,LOW,False,False,True,True,False,NORMAL,NORMAL,LOW,LOW,NORMAL,HIGH,ZERO,NORMAL,NORMAL,NORMAL,False,ZERO,NORMAL,NORMAL
NORMAL,NORMAL,ZERO,False,False,False,False,False,NORMAL,ONESIDED,LOW,LOW,NORMAL,HIGH,NORMAL,HIGH,HIGH,NORMAL,False,NORMAL,HIGH,LOW
NORMAL,NORMAL,LOW,False,False,False,False,False,LOW,NORMAL,LOW,LOW,NORMAL,LOW,ZERO,HIGH,HIGH,LOW,False,ZERO,NORMAL,NORMAL
HIGH,NORMAL,LOW,False,False,False,False,False,NORMAL,NORMAL,LOW,LOW,NORMAL,HIGH,ZERO,HIGH,HIGH,HIGH,False,ZERO,NORMAL,NORMAL
HIGH,NORMAL,LOW,False,False,False,False,True,NORMAL,NORMAL,LOW,LOW,NORMAL,LOW,ZERO,HIGH,HIGH,NORMAL,False,ZERO,NORMAL,LOW
HIGH,HIGH,HIGH,False,False,False,False,True,LOW,NORMAL,LOW,HIGH,NORMAL,NORMAL,HIGH,HIGH,HIGH,LOW,False,HIGH,NORMAL,NORMAL
HIGH,NORMAL,LOW,False,False,False,False,False,NORMAL,NORMAL,LOW,LOW,NORMAL,HIGH,ZERO,HIGH,HIGH,NORMAL,False,ZERO,NORMAL,NORMAL
HIGH,ZERO,ZERO,False,False,False,False,False,HIGH,NORMAL,LOW,HIGH,NORMAL,HIGH,HIGH,HIGH,HIGH,HIGH,False,HIGH,NORMAL,NORMAL
NORMAL,NORMAL,LOW,False,False,False,False,False,NORMAL,NORMAL,LOW,LOW,NORMAL,HIGH,ZERO,HIGH,HIGH,NORMAL,False,ZERO,NORMAL,LOW
HIGH,LOW,ZERO,False,False,False,False,False,HIGH,NORMAL,LOW,HIGH,NORMAL,HIGH,NORMAL,HIGH,HIGH,HIGH,False,HIGH,NORMAL,LOW
HIGH,NORMAL,LOW,False,False,False,False,False,NORMAL,NORMAL,LOW,LOW,NORMAL,HIGH,ZERO,HIGH,HIGH,NORMAL,False,ZERO,NORMAL,NORMAL
HIGH,ZERO,ZERO,False,False,False,False,False,NORMAL,NORMAL,LOW,LOW,NORMAL,HIGH,NORMAL,HIGH,HIGH,NORMAL,False,ZERO,NORMAL,NORMAL
HIGH,NORMAL,LOW,False,False,False,False,False,NORMAL,NORMAL,LOW,LOW,NORMAL,HIGH,ZERO,HIGH,HIGH,LOW,False,ZERO,NORMAL,HIGH
LOW,ZERO,ZERO,False,False,False,False,False,NORMAL,NORMAL,LOW,HIGH,NORMAL,NORMAL,HIGH,LOW,LOW,LOW,False,HIGH,NORMAL,HIGH
HIGH,NORMAL,LOW,False,False,True,False,False,HIGH,NORMAL,LOW,LOW,NORMAL,HIGH,ZERO,NORMAL,NORMAL,HIGH,False,ZERO,NORMAL,LOW
HIGH,NORMAL,LOW,False,False,False,False,False,NORMAL,NORMAL,LOW,LOW,NORMAL,HIGH,ZERO,HIGH,HIGH,NORMAL,False,ZERO,NORMAL,NORMAL
HIGH,NORMAL,LOW,False,False,False,False,False,NORMAL,NORMAL,LOW,LOW,NORMAL,HIGH,ZERO,HIGH,HIGH,HIGH,False,ZERO,NORMAL,HIGH
HIGH,NORMAL,LOW,False,False,False,False,False,LOW,ONESIDED,LOW,LOW,NORMAL,HIGH,NORMAL,HIGH,HIGH,LOW,False,NORMAL,HIGH,HIGH
LOW,NORMAL,LOW,False,False,False,False,False,HIGH,NORMAL,LOW,LOW,NORMAL,LOW,ZERO,LOW,LOW,HIGH,False,ZERO,NORMAL,HIGH
HIGH,NORMAL,LOW,False,False,False,False,False,HIGH,NORMAL,LOW,LOW,NORMAL,LOW,ZERO,HIGH,HIGH,HIGH,False,ZERO,NORMAL,LOW
HIGH,NORMAL,LOW,False,False,False,False,False,NORMAL,NORMAL,LOW,LOW,HIGH,NORMAL,ZERO,HIGH,HIGH,NORMAL,False,ZERO,NORMAL,NORMAL
HIGH,NORMAL,LOW,False,False,False,False,False,HIGH,NORMAL,LOW,LOW,NORMAL,HIGH,ZERO,HIGH,HIGH,HIGH,False,ZERO,NORMAL,LOW
HIGH,HIGH,HIGH,False,False,True,False,True,LOW,NORMAL,LOW,HIGH,NORMAL,LOW,HIGH,NORMAL,NORMAL,LOW,False,HIGH,NORMAL,LOW
HIGH,NORMAL,LOW,False,False,False,False,False,NORMAL,NORMAL,LOW,LOW,NORMAL,HIGH,ZERO,HIGH,HIGH,NORMAL,False,ZERO,NORMAL,LOW
HIGH,NORMAL,LOW,False,False,False,False,False,NORMAL,NORMAL,LOW,LOW,NORMAL,HIGH,ZERO,HIGH,HIGH,NORMAL,False,ZERO,NORMAL,NORMAL
HIGH,NORMAL,LOW,False,False,False,False,True,LOW,NORMAL,LOW,LOW,NORMAL,NORMAL,ZERO,HIGH,HIGH,LOW,False,ZERO,NORMAL,LOW
HIGH,NORMAL,LOW,False,False,False,False,False,HIGH,NORMAL,LOW,LOW,NORMAL,NORMAL,ZERO,HIGH,HIGH,HIGH,False,ZERO,NORMAL,NORMAL
HIGH,NORMAL,LOW,False,False,True,False,False,HIGH,NORMAL,LOW,LOW,NORMAL,LOW,ZERO,NORMAL,NORMAL,HIGH,False,ZERO,NORMAL,HIGH
LOW,ZERO,ZERO,False,False,False,False,False,NORMAL,NORMAL,LOW,HIGH,NORMAL,NORMAL,HIGH,LOW,LOW,NORMAL,False,HIGH,NORMAL,HIGH
HIGH,NORMAL,LOW,False,False,False,False,False,NORMAL,NORMAL,LOW,LOW,NORMAL,HIGH,ZERO,HIGH,HIGH,NORMAL,False,ZERO,NORMAL,LOW
HIGH,NORMAL,LOW,False,False,False,False,False,NORMAL,NORMAL,LOW,LOW,NORMAL,HIGH,ZERO,HIGH,HIGH,NORMAL,False,ZERO,NORMAL,NORMAL
HIGH,NORMAL,LOW,False,False,False,False,False,HIGH,NORMAL,LOW,LOW,NORMAL,HIGH,ZERO,HIGH,HIGH,HIGH,False,ZERO,NORMAL,NORMAL
LOW,NORMAL,LOW,False,False,False,False,False,NORMAL,NORMAL,LOW,LOW,NORMAL,NORMAL,ZERO,LOW,LOW,NORMAL,False,ZERO,NORMAL,HIGH
LOW,NORMAL,LOW,False,False,True,False,False,NORMAL,ONESIDED,LOW,LOW,NORMAL,NORMAL,NORMAL,HIGH,HIGH,NORMAL,False,NORMAL,HIGH,HIGH
HIGH,NORMAL,ZERO,False,False,False,False,False,NORMAL,ONESIDED,LOW,LOW,NORMAL,HIGH,NORMAL,HIGH,HIGH,NORMAL,False,NORMAL,HIGH,NORMAL
LOW,HIGH,HIGH,False,False,False,False,False,NORMAL,NORMAL,HIGH,HIGH,NORMAL,NORMAL,HIGH,LOW,LOW,NORMAL,False,HIGH,NORMAL,HIGH
HIGH,NORMAL,LOW,False,False,False,False,False,NORMAL,NORMAL,LOW,LOW,NORMAL,HIGH,ZERO,HIGH,HIGH,NORMAL,False,ZERO,NORMAL,NORMAL
HIGH,NORMAL,LOW,False,False,False,False,False,NORMAL,NORMAL,LOW,LOW,NORMAL,HIGH,ZERO,HIGH,HIGH,NORMAL,False,ZERO,HIGH,NORMAL
HIGH,ZERO,ZERO,False,False,False,False,True,LOW,NORMAL,LOW,LOW,NORMAL,LOW,ZERO,HIGH,HIGH,LOW,True,ZERO,NORMAL,LOW
LOW,NORMAL,LOW,False,False,False,False,False,HIGH,NORMAL,LOW,LOW,NORMAL,NORMAL,ZERO,LOW,LOW,HIGH,False,ZERO,NORMAL,NORMAL
LOW,NORMAL,LOW,False,False,False,False,True,LOW,NORMAL,LOW,LOW,NORMAL,LOW,ZERO,HIGH,HIGH,LOW,False,ZERO,NORMAL,LOW
HIGH,NORMAL,LOW,False,False,False,False,False,NORMAL,NORMAL,LOW,LOW,NORMAL,NORMAL,ZERO,HIGH,HIGH,NORMAL,False,ZERO,NORMAL,HIGH
HIGH,NORMAL,LOW,False,False,False,True,False,NORMAL,ESOPHAGEAL,LOW,LOW,NORMAL,HIGH,NORMAL,HIGH,HIGH,NORMAL,False,LOW,NORMAL,LOW
HIGH,NORMAL,LOW,False,False,False,False,False,NORMAL,NORMAL,LOW,LOW,NORMAL,LOW,ZERO,HIGH,HIGH,NORMAL,False,ZERO,NORMAL,HIGH
HIGH,NORMAL,LOW,False,False,False,False,False,NORMAL,NORMAL,LOW,LOW,NORMAL,HIGH,ZERO,HIGH,HIGH,NORMAL,False,ZERO,NORMAL,NORMAL
HIGH,NORMAL,LOW,False,False,True,False,True,LOW,NORMAL,LOW,LOW,NORMAL,LOW,ZERO,NORMAL,NORMAL,LOW,False,ZERO,NORMAL,HIGH
HIGH,NORMAL,ZERO,False,False,False,False,False,HIGH,NORMAL,LOW,LOW,HIGH,HIGH,ZERO,HIGH,HIGH,HIGH,False,ZERO,NORMAL,NORMAL
HIGH,LOW,ZERO,False,False,True,False,False,NORMAL,NORMAL,LOW,HIGH,NORMAL,HIGH,HIGH,NORMAL,NORMAL,NORMAL,False,HIGH,NORMAL,LOW
HIGH,LOW,ZERO,False,False,False,True,False,NORMAL,NORMAL,LOW,LOW,NORMAL,HIGH,ZERO,HIGH,HIGH,NORMAL,False,ZERO,NORMAL,LOW
LOW,NORMAL,LOW,False,False,False,False,False,NORMAL,NORMAL,LOW,LOW,NORMAL,LOW,ZERO,LOW,LOW,NORMAL,False,ZERO,NORMAL,HIGH
LOW,NORMAL,LOW,False,False,False,False,False,NORMAL,NORMAL,NORMAL,LOW,NORMAL,NORMAL,ZERO,LOW,LOW,NORMAL,False,NORMAL,NORMAL,HIGH
HIGH,NORMAL,LOW,False,False,False,False,False,NORMAL,NORMAL,LOW,LOW,NORMAL,HIGH,ZERO,HIGH,HIGH,NORMAL,False,ZERO,NORMAL,HIGH
HIGH,NORMAL,LOW,False,False,False,False,False,LOW,NORMAL,LOW,LOW,NORMAL,HIGH,ZERO,HIGH,HIGH,LOW,False,ZERO,NORMAL,HIGH
HIGH,NORMAL,LOW,False,False,False,False,False,NORMAL,NORMAL,LOW,LOW,NORMAL,HIGH,ZERO,HIGH,HIGH,NORMAL,False,ZERO,NORMAL,HIGH
LOW,NORMAL,LOW,False,False,False,False,False,NORMAL,NORMAL,LOW,LOW,NORMAL,NORMAL,ZERO,LOW,LOW,NORMAL,False,ZERO,NORMAL,HIGH
HIGH,NORMAL,LOW,False,False,False,False,False,NORMAL,ONESIDED,NORMAL,LOW,NORMAL,HIGH,LOW,HIGH,HIGH,NORMAL,False,LOW,HIGH,NORMAL
HIGH,NORMAL,LOW,False,False,False,False,True,LOW,NORMAL,LOW,LOW,NORMAL,LOW,ZERO,HIGH,HIGH,LOW,False,ZERO,NORMAL,NORMAL
LOW,ZERO,ZERO,False,False,False,False,False,NORMAL,ESOPHAGEAL,LOW,LOW,NORMAL,NORMAL,LOW,HIGH,LOW,LOW,False,LOW,NORMAL,NORMAL
HIGH,NORMAL,LOW,False,False,False,False,False,NORMAL,NORMAL,LOW,LOW,NORMAL,HIGH,ZERO,HIGH,HIGH,NORMAL,False,ZERO,NORMAL,NORMAL
HIGH,NORMAL,LOW,False,False,False,False,False,HIGH,NORMAL,LOW,LOW,LOW,HIGH,ZERO,HIGH,HIGH,NORMAL,False,ZERO,NORMAL,NORMAL
LOW,NORMAL,LOW,False,False,False,False,False,NORMAL,NORMAL,LOW,HIGH,NORMAL,NORMAL,ZERO,LOW,LOW,NORMAL,False,HIGH,NORMAL,NORMAL
HIGH,NORMAL,LOW,False,False,False,False,False,NORMAL,NORMAL,LOW,LOW,NORMAL,HIGH,ZERO,HIGH,HIGH,NORMAL,False,ZERO,NORMAL,HIGH
HIGH,NORMAL,ZERO,False,False,False,True,False,HIGH,NORMAL,LOW,HIGH,NORMAL,HIGH,HIGH,HIGH,HIGH,HIGH,False,HIGH,NORMAL,LOW
HIGH,ZERO,ZERO,False,False,False,False,False,NORMAL,ONESIDED,LOW,LOW,NORMAL,HIGH,NORMAL,HIGH,LOW,LOW,False,NORMAL,HIGH,NORMAL
LOW,NORMAL,LOW,False,False,False,False,False,NORMAL,NORMAL,LOW,LOW,NORMAL,HIGH,ZERO,LOW,LOW,NORMAL,False,ZERO,NORMAL,HIGH
NORMAL,NORMAL,LOW,False,False,True,False,False,NORMAL,NORMAL,LOW,LOW,NORMAL,LOW,ZERO,NORMAL,NORMAL,NORMAL,False,ZERO,NORMAL,NORMAL
HIGH,NORMAL,LOW,False,False,False,False,False,NORMAL,NORMAL,LOW,LOW,LOW,HIGH,ZERO,HIGH,HIGH,LOW,False,ZERO,NORMAL,NORMAL
HIGH,NORMAL,LOW,False,False,False,False,False,NORMAL,NORMAL,LOW,LOW,LOW,HIGH,ZERO,HIGH,HIGH,NORMAL,False,ZERO,NORMAL,HIGH
HIGH,NORMAL,LOW,False,False,False,True,False,NORMAL,NORMAL,LOW,LOW,NORMAL,HIGH,ZERO,HIGH,HIGH,NORMAL,False,ZERO,NORMAL,NORMAL
LOW,NORMAL,ZERO,False,False,False,False,False,NORMAL,NORMAL,LOW,HIGH,NORMAL,NORMAL,HIGH,LOW,LOW,NORMAL,False,HIGH,NORMAL,HIGH
HIGH,NORMAL,ZERO,False,False,False,False,False,NORMAL,ONESIDED,LOW,LOW,NORMAL,HIGH,NORMAL,HIGH,HIGH,NORMAL,False,NORMAL,HIGH,HIGH
HIGH,NORMAL,LOW,False,False,False,False,False,NORMAL,NORMAL,LOW,LOW,NORMAL,HIGH,ZERO,HIGH,HIGH,NORMAL,False,ZERO,NORMAL,LOW
HIGH,NORMAL,HIGH,False,False,False,False,True,LOW,NORMAL,LOW,LOW,NORMAL,LOW,ZERO,HIGH,HIGH,LOW,True,ZERO,NORMAL,NORMAL
HIGH,NORMAL,LOW,False,False,False,False,False,NORMAL,NORMAL,LOW,LOW,NORMAL,HIGH,ZERO,HIGH,HIGH,NORMAL,False,ZERO,NORMAL,LOW
HIGH,NORMAL,LOW,False,False,False,False,True,LOW,ESOPHAGEAL,LOW,LOW,HIGH,LOW,LOW,HIGH,HIGH,LOW,False,LOW,NORMAL,NORMAL
HIGH,NORMAL,LOW,False,False,False,False,False,NORMAL,NORMAL,NORMAL,LOW,NORMAL,HIGH,ZERO,HIGH,HIGH,NORMAL,False,ZERO,NORMAL,HIGH
HIGH,NORMAL,LOW,False,False,False,False,True,HIGH,NORMAL,LOW,LOW,HIGH,NORMAL,HIGH,HIGH,HIGH,HIGH,True,ZERO,HIGH,LOW
LOW,NORMAL,LOW,False,False,False,False,True,LOW,NORMAL,ZERO,HIGH,NORMAL,NORMAL,ZERO,LOW,HIGH,LOW,False,HIGH,NORMAL,HIGH
NORMAL,NORMAL,ZERO,False,False,False,False,False,NORMAL,NORMAL,LOW,HIGH,NORMAL,NORMAL,HIGH,LOW,LOW,NORMAL,False,HIGH,NORMAL,LOW
HIGH,NORMAL,LOW,False,False,False,True,False,NORMAL,NORMAL,LOW,LOW,NORMAL,LOW,ZERO,HIGH,HIGH,LOW,False,ZERO,NORMAL,NORMAL
HIGH,HIGH,HIGH,False,False,False,False,False,HIGH,NORMAL,LOW,HIGH,NORMAL,HIGH,HIGH,HIGH,HIGH,HIGH,False,HIGH,NORMAL,NORMAL
LOW,HIGH,HIGH,False,False,False,False,False,NORMAL,NORMAL,LOW,NORMAL,NORMAL,NORMAL,HIGH,LOW,LOW,NORMAL,False,HIGH,NORMAL,HIGH
LOW,NORMAL,LOW,False,False,False,False,False,NORMAL,NORMAL,LOW,LOW,NORMAL,LOW,NORMAL,LOW,LOW,NORMAL,False,ZERO,NORMAL,NORMAL
HIGH,NORMAL,LOW,False,False,False,False,False,NORMAL,NORMAL,LOW,LOW,NORMAL,HIGH,ZERO,HIGH,HIGH,NORMAL,False,ZERO,NORMAL,NORMAL
LOW,HIGH,HIGH,False,False,False,False,False,NORMAL,NORMAL,LOW,HIGH,NORMAL,HIGH,HIGH,LOW,LOW,NORMAL,False,HIGH,NORMAL,HIGH
NORMAL,NORMAL,LOW,False,False,False,True,False,NORMAL,NORMAL,LOW,LOW,NORMAL,LOW,ZERO,LOW,NORMAL,NORMAL,False,ZERO,NORMAL,NORMAL
LOW,ZERO,ZERO,False,False,True,False,False,NORMAL,NORMAL,ZERO,HIGH,NORMAL,NORMAL,HIGH,NORMAL,NORMAL,NORMAL,False,HIGH,NORMAL,NORMAL
HIGH,NORMAL,LOW,False,False,False,False,False,NORMAL,NORMAL,LOW,LOW,NORMAL,LOW,ZERO,HIGH,HIGH,NORMAL,False,ZERO,NORMAL,HIGH
HIGH,NORMAL,LOW,False,False,False,False,False,NORMAL,NORMAL,LOW,LOW,LOW,HIGH,ZERO,HIGH,HIGH,NORMAL,False,ZERO,NORMAL,NORMAL
HIGH,NORMAL,LOW,False,False,False,False,False,NORMAL,NORMAL,LOW,LOW,NORMAL,HIGH,ZERO,HIGH,HIGH,NORMAL,False,ZERO,NORMAL,LOW
HIGH,NORMAL,LOW,False,False,False,False,False,HIGH,NORMAL,LOW,LOW,NORMAL,HIGH,ZERO,HIGH,HIGH,HIGH,False,ZERO,NORMAL,LOW
HIGH,NORMAL,LOW,False,False,False,False,False,NORMAL,NORMAL,LOW,LOW,NORMAL,HIGH,ZERO,HIGH,HIGH,NORMAL,False,ZERO,NORMAL,LOW
LOW,NORMAL,LOW,False,False,False,False,False,NORMAL,NORMAL,LOW,LOW,NORMAL,NORMAL,ZERO,LOW,LOW,NORMAL,False,ZERO,NORMAL,HIGH
HIGH,HIGH,NORMAL,False,False,False,False,False,NORMAL,NORMAL,ZERO,HIGH,NORMAL,HIGH,ZERO,HIGH,HIGH,NORMAL,True,HIGH,NORMAL,NORMAL
HIGH,ZERO,ZERO,False,False,False,False,False,NORMAL,NORMAL,LOW,HIGH,NORMAL,NORMAL,HIGH,HIGH,HIGH,NORMAL,False,HIGH,NORMAL,NORMAL
HIGH,NORMAL,LOW,False,False,False,False,False,NORMAL,NORMAL,LOW,LOW,NORMAL,HIGH,ZERO,HIGH,HIGH,NORMAL,False,ZERO,NORMAL,NORMAL
HIGH,NORMAL,LOW,False,False,False,True,False,NORMAL,NORMAL,LOW,LOW,NORMAL,HIGH,LOW,HIGH,HIGH,NORMAL,False,ZERO,NORMAL,NORMAL
HIGH,NORMAL,LOW,False,False,False,False,False,NORMAL,NORMAL,LOW,LOW,NORMAL,HIGH,ZERO,HIGH,HIGH,NORMAL,False,ZERO,NORMAL,NORMAL
HIGH,NORMAL,LOW,False,False,False,False,False,NORMAL,NORMAL,LOW,LOW,NORMAL,HIGH,ZERO,HIGH,HIGH,NORMAL,False,ZERO,NORMAL,LOW
LOW,NORMAL,LOW,False,False,False,False,False,HIGH,ONESIDED,NORMAL,LOW,NORMAL,LOW,ZERO,LOW,LOW,NORMAL,False,LOW,HIGH,HIGH
HIGH,NORMAL,LOW,False,False,False,False,False,LOW,NORMAL,LOW,NORMAL,NORMAL,LOW,ZERO,HIGH,HIGH,LOW,False,ZERO,NORMAL,NORMAL
HIGH,NORMAL,ZERO,False,False,False,False,False,HIGH,NORMAL,LOW,LOW,NORMAL,HIGH,ZERO,HIGH,HIGH,HIGH,False,ZERO,NORMAL,LOW
LOW,LOW,ZERO,False,False,False,False,False,NORMAL,NORMAL,LOW,NORMAL,NORMAL,NORMAL,HIGH,LOW,LOW,LOW,False,HIGH,NORMAL,HIGH
HIGH,NORMAL,LOW,False,False,False,False,False,NORMAL,NORMAL,LOW,LOW,LOW,HIGH,ZERO,HIGH,HIGH,NORMAL,False,ZERO,NORMAL,LOW
HIGH,NORMAL,LOW,False,False,False,False,False,NORMAL,ONESIDED,LOW,LOW,NORMAL,HIGH,NORMAL,HIGH,HIGH,NORMAL,False,NORMAL,HIGH,NORMAL
HIGH,NORMAL,LOW,False,False,False,False,False,HIGH,NORMAL,LOW,LOW,NORMAL,LOW,ZERO,HIGH,HIGH,HIGH,True,ZERO,NORMAL,LOW
LOW,NORMAL,LOW,False,False,False,False,True,LOW,NORMAL,LOW,LOW,NORMAL,LOW,ZERO,LOW,LOW,LOW,False,NORMAL,HIGH,HIGH
NORMAL,NORMAL,LOW,False,False,False,False,False,NORMAL,NORMAL,LOW,LOW,NORMAL,HIGH,ZERO,HIGH,HIGH,NORMAL,False,ZERO,NORMAL,HIGH
HIGH,NORMAL,LOW,False,False,False,True,False,NORMAL,NORMAL,HIGH,LOW,NORMAL,HIGH,ZERO,NORMAL,HIGH,NORMAL,False,ZERO,NORMAL,LOW
HIGH,NORMAL,LOW,False,False,False,False,False,HIGH,NORMAL,ZERO,LOW,NORMAL,LOW,ZERO,HIGH,HIGH,HIGH,True,ZERO,NORMAL,HIGH
LOW,NORMAL,LOW,False,False,False,False,False,NORMAL,ESOPHAGEAL,LOW,LOW,NORMAL,NORMAL,LOW,LOW,LOW,NORMAL,False,LOW,NORMAL,NORMAL
HIGH,NORMAL,LOW,False,False,False,False,False,NORMAL,NORMAL,LOW,LOW,LOW,HIGH,ZERO,HIGH,HIGH,NORMAL,False,ZERO,NORMAL,NORMAL
HIGH,LOW,ZERO,False,False,False,False,False,NORMAL,NORMAL,LOW,LOW,NORMAL,NORMAL,ZERO,LOW,LOW,NORMAL,False,ZERO,NORMAL,HIGH
LOW,NORMAL,LOW,False,False,True,True,False,NORMAL,NORMAL,LOW,LOW,NORMAL,NORMAL,ZERO,NORMAL,NORMAL,NORMAL,False,ZERO,HIGH,HIGH
LOW,NORMAL,LOW,False,False,False,True,False,HIGH,NORMAL,LOW,LOW,NORMAL,LOW,ZERO,LOW,LOW,HIGH,False,ZERO,NORMAL,HIGH
LOW,NORMAL,LOW,False,False,True,False,False,NORMAL,NORMAL,LOW,LOW,HIGH,HIGH,ZERO,NORMAL,NORMAL,NORMAL,False,ZERO,NORMAL,NORMAL
HIGH,LOW,ZERO,False,False,False,False,False,HIGH,NORMAL,LOW,LOW,NORMAL,HIGH,ZERO,HIGH,HIGH,HIGH,False,ZERO,NORMAL,HIGH
LOW,NORMAL,LOW,False,False,False,False,False,NORMAL,NORMAL,LOW,HIGH,NORMAL,NORMAL,HIGH,LOW,LOW,NORMAL,False,HIGH,NORMAL,NORMAL
HIGH,ZERO,ZERO,False,False,False,False,False,NORMAL,NORMAL,LOW,HIGH,LOW,HIGH,HIGH,HIGH,HIGH,HIGH,False,HIGH,NORMAL,LOW
HIGH,NORMAL,LOW,False,False,False,False,False,NORMAL,NORMAL,LOW,LOW,NORMAL,HIGH,ZERO,HIGH,HIGH,NORMAL,False,ZERO,NORMAL,LOW
HIGH,NORMAL,ZERO,False,False,True,True,False,NORMAL,NORMAL,LOW,LOW,NORMAL,HIGH,ZERO,NORMAL,NORMAL,NORMAL,False,ZERO,NORMAL,LOW
HIGH,NORMAL,LOW,False,False,True,False,False,HIGH,NORMAL,LOW,LOW,NORMAL,HIGH,ZERO,NORMAL,NORMAL,HIGH,False,ZERO,HIGH,NORMAL
LOW,NORMAL,LOW,False,False,True,False,False,NORMAL,NORMAL,LOW,LOW,NORMAL,NORMAL,ZERO,HIGH,LOW,NORMAL,False,ZERO,NORMAL,LOW
HIGH,NORMAL,LOW,False,False,False,False,False,NORMAL,NORMAL,LOW,LOW,NORMAL,HIGH,ZERO,HIGH,HIGH,NORMAL,False,ZERO,NORMAL,LOW
HIGH,ZERO,ZERO,False,False,False,False,False,NORMAL,NORMAL,LOW,HIGH,NORMAL,HIGH,HIGH,HIGH,HIGH,NORMAL,False,HIGH,NORMAL,HIGH
HIGH,NORMAL,ZERO,False,False,True,False,False,NORMAL,NORMAL,LOW,HIGH,NORMAL,HIGH,HIGH,NORMAL,NORMAL,NORMAL,False,HIGH,NORMAL,NORMAL
HIGH,NORMAL,LOW,False,False,False,False,False,HIGH,NORMAL,LOW,LOW,NORMAL,HIGH,ZERO,HIGH,HIGH,HIGH,True,ZERO,NORMAL,HIGH
HIGH,NORMAL,LOW,False,False,False,False,False,NORMAL,ESOPHAGEAL,ZERO,NORMAL,NORMAL,HIGH,LOW,HIGH,HIGH,NORMAL,False,LOW,NORMAL,NORMAL
LOW,NORMAL,LOW,False,False,False,False,False,NORMAL,NORMAL,LOW,LOW,NORMAL,NORMAL,ZERO,LOW,LOW,NORMAL,False,ZERO,NORMAL,HIGH
HIGH,NORMAL,LOW,False,False,False,False,False,NORMAL,NORMAL,LOW,LOW,NORMAL,HIGH,ZERO,HIGH,HIGH,NORMAL,False,ZERO,NORMAL,NORMAL
HIGH,NORMAL,NORMAL,False,False,False,False,False,HIGH,NORMAL,HIGH,LOW,NORMAL,HIGH,LOW,HIGH,HIGH,HIGH,False,LOW,NORMAL,LOW
HIGH,LOW,ZERO,False,False,False,False,True,LOW,NORMAL,LOW,HIGH,NORMAL,HIGH,HIGH,HIGH,HIGH,LOW,False,HIGH,NORMAL,LOW
HIGH,NORMAL,LOW,False,False,False,False,False,NORMAL,NORMAL,LOW,LOW,NORMAL,HIGH,ZERO,HIGH,HIGH,NORMAL,False,ZERO,NORMAL,LOW
HIGH,ZERO,ZERO,False,False,True,False,False,NORMAL,NORMAL,LOW,NORMAL,NORMAL,HIGH,HIGH,NORMAL,NORMAL,NORMAL,False,HIGH,NORMAL,LOW
HIGH,NORMAL,HIGH,False,False,False,False,False,NORMAL,ONESIDED,NORMAL,LOW,NORMAL,HIGH,HIGH,HIGH,HIGH,NORMAL,False,LOW,HIGH,NORMAL
HIGH,NORMAL,ZERO,False,False,False,False,False,NORMAL,NORMAL,LOW,HIGH,NORMAL,HIGH,HIGH,HIGH,HIGH,NORMAL,False,HIGH,NORMAL,NORMAL
HIGH,NORMAL,HIGH,False,False,False,True,False,NORMAL,NORMAL,LOW,HIGH,NORMAL,HIGH,HIGH,HIGH,HIGH,NORMAL,False,HIGH,HIGH,LOW
HIGH,NORMAL,LOW,False,False,False,False,False,NORMAL,ESOPHAGEAL,LOW,LOW,NORMAL,LOW,LOW,HIGH,HIGH,NORMAL,False,LOW,NORMAL,LOW
HIGH,NORMAL,LOW,False,False,True,True,False,NORMAL,NORMAL,LOW,LOW,NORMAL,HIGH,ZERO,NORMAL,NORMAL,NORMAL,False,ZERO,NORMAL,HIGH
HIGH,NORMAL,LOW,False,False,False,False,False,NORMAL,ONESIDED,LOW,LOW,NORMAL,HIGH,NORMAL,HIGH,HIGH,NORMAL,False,NORMAL,HIGH,NORMAL
HIGH,NORMAL,LOW,False,False,False,False,False,HIGH,NORMAL,LOW,LOW,HIGH,HIGH,ZERO,HIGH,HIGH,HIGH,False,ZERO,NORMAL,NORMAL
HIGH,LOW,ZERO,False,False,False,False,False,NORMAL,NORMAL,LOW,HIGH,NORMAL,HIGH,HIGH,HIGH,HIGH,NORMAL,False,HIGH,NORMAL,LOW
HIGH,NORMAL,LOW,False,False,False,True,False,NORMAL,ONESIDED,LOW,LOW,NORMAL,HIGH,NORMAL,HIGH,HIGH,NORMAL,False,NORMAL,HIGH,LOW
HIGH,NORMAL,LOW,False,False,True,False,False,NORMAL,ESOPHAGEAL,NORMAL,LOW,NORMAL,HIGH,ZERO,NORMAL,NORMAL,NORMAL,False,ZERO,NORMAL,NORMAL
HIGH,NORMAL,LOW,False,False,False,False,False,HIGH,NORMAL,LOW,LOW,NORMAL,HIGH,ZERO,HIGH,HIGH,HIGH,False,ZERO,NORMAL,HIGH
HIGH,NORMAL,LOW,False,False,False,False,False,NORMAL,NORMAL,LOW,HIGH,NORMAL,HIGH,LOW,HIGH,HIGH,NORMAL,False,HIGH,NORMAL,LOW
HIGH,NORMAL,LOW,False,False,False,False,False,NORMAL,NORMAL,LOW,LOW,NORMAL,HIGH,ZERO,HIGH,HIGH,NORMAL,False,ZERO,NORMAL,NORMAL
HIGH,NORMAL,LOW,False,False,False,False,False,NORMAL,NORMAL,LOW,LOW,NORMAL,HIGH,ZERO,HIGH,HIGH,NORMAL,False,ZERO,NORMAL,LOW
HIGH,NORMAL,LOW,False,False,False,True,False,NORMAL,NORMAL,LOW,LOW,NORMAL,HIGH,ZERO,HIGH,HIGH,NORMAL,False,ZERO,NORMAL,NORMAL
HIGH,NORMAL,LOW,False,False,False,False,False,NORMAL,NORMAL,LOW,LOW,NORMAL,HIGH,ZERO,HIGH,HIGH,NORMAL,False,ZERO,NORMAL,NORMAL
HIGH,NORMAL,LOW,False,False,False,False,False,HIGH,NORMAL,LOW,LOW,NORMAL,NORMAL,ZERO,HIGH,HIGH,HIGH,False,ZERO,NORMAL,LOW
HIGH,NORMAL,LOW,False,False,False,False,False,NORMAL,NORMAL,LOW,LOW,NORMAL,HIGH,ZERO,HIGH,HIGH,NORMAL,False,ZERO,NORMAL,LOW
HIGH,NORMAL,LOW,False,False,False,False,False,LOW,NORMAL,NORMAL,LOW,NORMAL,HIGH,ZERO,HIGH,HIGH,LOW,False,ZERO,NORMAL,HIGH
HIGH,NORMAL,LOW,False,False,False,False,False,NORMAL,NORMAL,LOW,LOW,HIGH,HIGH,ZERO,HIGH,HIGH,NORMAL,False,ZERO,NORMAL,NORMAL
HIGH,LOW,ZERO,False,False,False,False,True,NORMAL,NORMAL,LOW,HIGH,NORMAL,LOW,HIGH,HIGH,HIGH,NORMAL,False,HIGH,NORMAL,LOW
NORMAL,NORMAL,LOW,False,False,True,False,False,HIGH,NORMAL,LOW,LOW,NORMAL,HIGH,ZERO,NORMAL,NORMAL,HIGH,False,ZERO,NORMAL,LOW
NORMAL,NORMAL,LOW,False,False,False,False,False,LOW,NORMAL,LOW,NORMAL,NORMAL,HIGH,ZERO,HIGH,HIGH,LOW,False,ZERO,HIGH,NORMAL
HIGH,NORMAL,LOW,False,False,False,False,False,NORMAL,NORMAL,LOW,LOW,NORMAL,HIGH,ZERO,HIGH,HIGH,NORMAL,False,ZERO,NORMAL,NORMAL
HIGH,NORMAL,LOW,False,False,True,False,False,NORMAL,NORMAL,LOW,LOW,NORMAL,HIGH,ZERO,NORMAL,HIGH,NORMAL,False,ZERO,NORMAL,LOW
HIGH,NORMAL,LOW,False,False,True,False,False,HIGH,NORMAL,LOW,LOW,NORMAL,LOW,NORMAL,NORMAL,NORMAL,HIGH,False,ZERO,NORMAL,NORMAL
HIGH,NORMAL,LOW,False,False,False,False,False,NORMAL,NORMAL,LOW,LOW,NORMAL,HIGH,ZERO,HIGH,HIGH,NORMAL,False,ZERO,NORMAL,LOW
HIGH,NORMAL,LOW,False,False,False,False,False,NORMAL,NORMAL,NORMAL,LOW,NORMAL,HIGH,ZERO,HIGH,HIGH,NORMAL,False,ZERO,NORMAL,HIGH
HIGH,NORMAL,LOW,False,False,True,False,False,NORMAL,NORMAL,LOW,LOW,NORMAL,HIGH,ZERO,NORMAL,NORMAL,NORMAL,False,ZERO,NORMAL,NORMAL
LOW,NORMAL,LOW,False,False,False,False,False,HIGH,ONESIDED,ZERO,LOW,NORMAL,LOW,ZERO,LOW,LOW,HIGH,False,LOW,HIGH,NORMAL
HIGH,NORMAL,LOW,False,False,False,False,False,HIGH,NORMAL,LOW,LOW,NORMAL,LOW,ZERO,HIGH,HIGH,NORMAL,False,ZERO,NORMAL,LOW
HIGH,NORMAL,ZERO,False,False,False,False,False,NORMAL,NORMAL,LOW,HIGH,HIGH,HIGH,HIGH,HIGH,HIGH,NORMAL,False,HIGH,NORMAL,LOW
HIGH,NORMAL,LOW,False,False,False,False,False,NORMAL,ONESIDED,NORMAL,LOW,HIGH,HIGH,LOW,HIGH,HIGH,NORMAL,False,LOW,HIGH,HIGH
HIGH,NORMAL,LOW,False,False,False,False,False,NORMAL,NORMAL,LOW,LOW,NORMAL,HIGH,ZERO,HIGH,HIGH,NORMAL,False,ZERO,NORMAL,LOW
HIGH,NORMAL,LOW,False,False,False,True,False,HIGH,NORMAL,LOW,LOW,NORMAL,HIGH,ZERO,HIGH,NORMAL,HIGH,False,ZERO,NORMAL,HIGH
HIGH,NORMAL,ZERO,False,False,False,False,False,HIGH,NORMAL,LOW,LOW,NORMAL,HIGH,ZERO,HIGH,HIGH,HIGH,False,ZERO,NORMAL,NORMAL
HIGH,ZERO,ZERO,False,False,False,False,False,NORMAL,NORMAL,LOW,HIGH,NORMAL,HIGH,NORMAL,LOW,HIGH,NORMAL,False,HIGH,NORMAL,NORMAL
HIGH,NORMAL,LOW,False,False,False,False,True,LOW,NORMAL,LOW,LOW,NORMAL,LOW,ZERO,HIGH,HIGH,LOW,False,ZERO,NORMAL,NORMAL
HIGH,LOW,ZERO,False,False,False,False,False,HIGH,NORMAL,LOW,HIGH,NORMAL,LOW,HIGH,LOW,LOW,HIGH,False,HIGH,NORMAL,HIGH
HIGH,HIGH,HIGH,False,False,False,False,False,NORMAL,NORMAL,LOW,HIGH,NORMAL,LOW,HIGH,HIGH,HIGH,NORMAL,False,HIGH,NORMAL,NORMAL
HIGH,NORMAL,LOW,False,False,False,True,False,HIGH,NORMAL,LOW,LOW,NORMAL,HIGH,ZERO,HIGH,HIGH,HIGH,False,ZERO,NORMAL,NORMAL
HIGH,NORMAL,LOW,False,False,False,False,False,NORMAL,ONESIDED,NORMAL,LOW,NORMAL,HIGH,ZERO,HIGH,HIGH,NORMAL,False,LOW,HIGH,NORMAL
LOW,HIGH,HIGH,False,False,False,False,False,NORMAL,NORMAL,LOW,HIGH,NORMAL,NORMAL,HIGH,LOW,LOW,NORMAL,False,HIGH,NORMAL,HIGH
HIGH,NORMAL,LOW,False,False,True,False,False,NORMAL,NORMAL,LOW,LOW,NORMAL,HIGH,ZERO,NORMAL,NORMAL,NORMAL,False,ZERO,NORMAL,NORMAL
LOW,NORMAL,ZERO,False,False,True,False,False,NORMAL,NORMAL,LOW,HIGH,NORMAL,NORMAL,HIGH,LOW,HIGH,NORMAL,False,HIGH,NORMAL,HIGH
HIGH,ZERO,ZERO,False,False,False,False,False,NORMAL,NORMAL,LOW,LOW,HIGH,HIGH,ZERO,HIGH,HIGH,NORMAL,False,ZERO,NORMAL,HIGH
HIGH,NORMAL,LOW,False,False,False,False,False,NORMAL,NORMAL,LOW,HIGH,NORMAL,HIGH,HIGH,HIGH,HIGH,NORMAL,False,HIGH,NORMAL,NORMAL
NORMAL,NORMAL,LOW,False,False,False,False,False,NORMAL,NORMAL,LOW,LOW,NORMAL,HIGH,ZERO,HIGH,HIGH,NORMAL,False,ZERO,NORMAL,LOW
HIGH,NORMAL,LOW,False,False,False,False,False,NORMAL,NORMAL,LOW,LOW,NORMAL,HIGH,ZERO,HIGH,HIGH,NORMAL,False,ZERO,NORMAL,LOW
HIGH,NORMAL,LOW,False,False,False,False,False,NORMAL,NORMAL,LOW,LOW,NORMAL,HIGH,NORMAL,HIGH,HIGH,NORMAL,False,ZERO,NORMAL,LOW
HIGH,NORMAL,LOW,False,False,False,False,False,NORMAL,ONESIDED,NORMAL,LOW,NORMAL,HIGH,LOW,HIGH,HIGH,NORMAL,False,LOW,HIGH,NORMAL
HIGH,NORMAL,LOW,False,False,True,False,True,LOW,NORMAL,LOW,LOW,NORMAL,LOW,ZERO,NORMAL,NORMAL,LOW,False,ZERO,NORMAL,HIGH
HIGH,NORMAL,LOW,False,False,False,False,False,NORMAL,NORMAL,LOW,LOW,NORMAL,HIGH,ZERO,HIGH,HIGH,NORMAL,False,ZERO,NORMAL,NORMAL
NORMAL,NORMAL,LOW,False,False,False,False,False,NORMAL,NORMAL,LOW,LOW,HIGH,NORMAL,ZERO,LOW,LOW,NORMAL,False,ZERO,NORMAL,NORMAL
HIGH,NORMAL,LOW,False,False,False,False,False,HIGH,NORMAL,LOW,LOW,NORMAL,LOW,ZERO,HIGH,HIGH,LOW,False,ZERO,NORMAL,HIGH
HIGH,LOW,ZERO,False,False,False,False,False,HIGH,NORMAL,LOW,LOW,LOW,HIGH,ZERO,HIGH,HIGH,HIGH,False,ZERO,NORMAL,NORMAL
HIGH,NORMAL,LOW,False,False,False,False,False,LOW,NORMAL,LOW,LOW,NORMAL,LOW,ZERO,HIGH,HIGH,LOW,False,ZERO,HIGH,NORMAL
HIGH,NORMAL,LOW,False,False,False,False,False,NORMAL,NORMAL,LOW,LOW,NORMAL,HIGH,ZERO,HIGH,HIGH,NORMAL,False,ZERO,NORMAL,NORMAL
HIGH,NORMAL,LOW,False,False,False,False,False,LOW,NORMAL,LOW,LOW,NORMAL,HIGH,ZERO,HIGH,HIGH,LOW,False,LOW,HIGH,NORMAL
LOW,NORMAL,ZERO,False,False,False,False,False,NORMAL,NORMAL,LOW,HIGH,NORMAL,NORMAL,HIGH,LOW,HIGH,NORMAL,False,HIGH,NORMAL,NORMAL
HIGH,NORMAL,LOW,False,False,False,True,False,LOW,NORMAL,LOW,LOW,NORMAL,HIGH,ZERO,HIGH,NORMAL,LOW,False,ZERO,NORMAL,HIGH
LOW,LOW,ZERO,False,False,False,False,True,LOW,NORMAL,LOW,HIGH,NORMAL,LOW,HIGH,LOW,LOW,LOW,False,HIGH,NORMAL,HIGH
NORMAL,NORMAL,LOW,False,False,False,False,False,NORMAL,NORMAL,LOW,LOW,NORMAL,HIGH,ZERO,HIGH,HIGH,NORMAL,False,ZERO,HIGH,NORMAL
NORMAL,NORMAL,LOW,False,False,False,False,False,HIGH,NORMAL,LOW,LOW,NORMAL,HIGH,ZERO,HIGH,HIGH,HIGH,False,ZERO,NORMAL,LOW
HIGH,NORMAL,ZERO,False,False,False,False,False,NORMAL,NORMAL,LOW,NORMAL,NORMAL,HIGH,HIGH,HIGH,HIGH,NORMAL,False,HIGH,NORMAL,LOW
HIGH,LOW,ZERO,False,False,False,False,False,NORMAL,NORMAL,LOW,NORMAL,LOW,HIGH,HIGH,HIGH,HIGH,LOW,False,HIGH,NORMAL,NORMAL
LOW,HIGH,HIGH,False,False,False,False,False,NORMAL,NORMAL,LOW,HIGH,NORMAL,NORMAL,ZERO,LOW,LOW,NORMAL,False,HIGH,NORMAL,HIGH
HIGH,LOW,ZERO,False,False,False,False,False,HIGH,NORMAL,HIGH,NORMAL,NORMAL,HIGH,HIGH,HIGH,HIGH,HIGH,False,HIGH,NORMAL,LOW
HIGH,NORMAL,ZERO,False,False,False,False,False,NORMAL,NORMAL,LOW,HIGH,NORMAL,HIGH,HIGH,HIGH,HIGH,NORMAL,False,HIGH,NORMAL,LOW
HIGH,NORMAL,ZERO,False,False,False,False,False,NORMAL,NORMAL,LOW,HIGH,NORMAL,HIGH,HIGH,HIGH,HIGH,LOW,False,HIGH,NORMAL,NORMAL
HIGH,NORMAL,LOW,False,False,True,True,False,NORMAL,NORMAL,LOW,LOW,NORMAL,HIGH,ZERO,NORMAL,NORMAL,NORMAL,False,ZERO,NORMAL,LOW
HIGH,NORMAL,LOW,False,False,False,False,False,LOW,NORMAL,LOW,LOW,HIGH,HIGH,ZERO,HIGH,HIGH,LOW,False,ZERO,NORMAL,LOW
HIGH,NORMAL,LOW,False,False,False,True,False,NORMAL,NORMAL,LOW,LOW,NORMAL,HIGH,ZERO,HIGH,HIGH,NORMAL,False,ZERO,NORMAL,NORMAL
LOW,NORMAL,LOW,False,False,False,False,False,NORMAL,NORMAL,NORMAL,LOW,NORMAL,NORMAL,ZERO,LOW,LOW,NORMAL,True,NORMAL,NORMAL,HIGH
HIGH,HIGH,HIGH,False,False,False,False,False,NORMAL,NORMAL,LOW,HIGH,NORMAL,HIGH,HIGH,HIGH,HIGH,NORMAL,False,HIGH,NORMAL,NORMAL
HIGH,NORMAL,LOW,False,False,False,False,False,HIGH,NORMAL,LOW,LOW,LOW,HIGH,ZERO,HIGH,HIGH,HIGH,False,ZERO,NORMAL,NORMAL
HIGH,NORMAL,LOW,False,False,False,False,False,NORMAL,NORMAL,LOW,LOW,NORMAL,HIGH,ZERO,HIGH,HIGH,NORMAL,False,ZERO,NORMAL,HIGH
HIGH,NORMAL,LOW,False,False,False,False,False,HIGH,NORMAL,LOW,LOW,NORMAL,HIGH,ZERO,HIGH,HIGH,HIGH,False,ZERO,NORMAL,LOW
HIGH,NORMAL,LOW,False,False,False,False,False,NORMAL,NORMAL,ZERO,LOW,NORMAL,HIGH,ZERO,HIGH,HIGH,NORMAL,False,ZERO,NORMAL,HIGH
HIGH,NORMAL,LOW,True,False,False,False,False,LOW,NORMAL,NORMAL,LOW,NORMAL,HIGH,ZERO,HIGH,HIGH,LOW,False,ZERO,NORMAL,LOW
HIGH,NORMAL,LOW,False,False,False,False,False,NORMAL,NORMAL,LOW,LOW,NORMAL,HIGH,ZERO,HIGH,HIGH,NORMAL,False,ZERO,NORMAL,HIGH
HIGH,NORMAL,LOW,False,False,False,False,True,LOW,NORMAL,LOW,LOW,NORMAL,LOW,ZERO,HIGH,HIGH,LOW,False,ZERO,NORMAL,HIGH
LOW,NORMAL,ZERO,False,False,False,False,False,NORMAL,NORMAL,LOW,HIGH,NORMAL,NORMAL,HIGH,HIGH,LOW,NORMAL,False,HIGH,NORMAL,HIGH
NORMAL,NORMAL,LOW,False,False,False,False,False,HIGH,NORMAL,LOW,LOW,NORMAL,HIGH,ZERO,HIGH,HIGH,HIGH,False,ZERO,NORMAL,HIGH
LOW,NORMAL,LOW,False,False,False,False,False,NORMAL,NORMAL,LOW,LOW,HIGH,NORMAL,ZERO,LOW,LOW,NORMAL,False,ZERO,NORMAL,LOW
HIGH,NORMAL,LOW,False,False,False,False,False,NORMAL,ESOPHAGEAL,LOW,HIGH,NORMAL,HIGH,ZERO,HIGH,HIGH,NORMAL,False,HIGH,NORMAL,LOW
HIGH,NORMAL,LOW,False,False,False,False,False,NORMAL,NORMAL,LOW,LOW,NORMAL,HIGH,ZERO,HIGH,HIGH,NORMAL,False,ZERO,NORMAL,NORMAL
HIGH,NORMAL,LOW,False,False,False,False,False,NORMAL,NORMAL,LOW,LOW,NORMAL,HIGH,ZERO,HIGH,HIGH,NORMAL,False,ZERO,NORMAL,NORMAL
HIGH,NORMAL,LOW,False,False,False,False,False,NORMAL,NORMAL,LOW,HIGH,NORMAL,HIGH,HIGH,HIGH,HIGH,LOW,False,HIGH,NORMAL,LOW
HIGH,NORMAL,LOW,False,False,False,False,False,LOW,ESOPHAGEAL,LOW,LOW,NORMAL,LOW,LOW,LOW,LOW,LOW,False,LOW,NORMAL,NORMAL
HIGH,NORMAL,LOW,False,False,False,False,False,HIGH,NORMAL,LOW,LOW,NORMAL,HIGH,ZERO,HIGH,HIGH,HIGH,False,ZERO,NORMAL,LOW
HIGH,NORMAL,LOW,False,False,False,False,False,LOW,NORMAL,LOW,LOW,NORMAL,HIGH,ZERO,HIGH,HIGH,LOW,False,ZERO,NORMAL,NORMAL
NORMAL,LOW,ZERO,False,False,False,False,False,HIGH,ONESIDED,LOW,LOW,NORMAL,HIGH,NORMAL,HIGH,HIGH,HIGH,False,NORMAL,HIGH,LOW
HIGH,NORMAL,LOW,False,False,False,False,False,NORMAL,NORMAL,LOW,LOW,NORMAL,HIGH,ZERO,HIGH,HIGH,NORMAL,False,ZERO,NORMAL,LOW
HIGH,NORMAL,LOW,False,False,False,False,False,NORMAL,NORMAL,LOW,LOW,NORMAL,HIGH,ZERO,HIGH,HIGH,NORMAL,False,ZERO,HIGH,LOW
HIGH,NORMAL,LOW,False,False,True,False,False,HIGH,NORMAL,LOW,LOW,NORMAL,HIGH,ZERO,NORMAL,NORMAL,HIGH,False,ZERO,NORMAL,NORMAL
LOW,NORMAL,LOW,False,False,False,False,False,NORMAL,NORMAL,LOW,LOW,NORMAL,NORMAL,ZERO,LOW,LOW,NORMAL,False,ZERO,NORMAL,HIGH
HIGH,NORMAL,LOW,False,False,False,False,False,NORMAL,NORMAL,LOW,HIGH,NORMAL,NORMAL,HIGH,LOW,LOW,NORMAL,False,HIGH,NORMAL,HIGH
NORMAL,NORMAL,LOW,False,False,False,False,False,HIGH,NORMAL,LOW,LOW,NORMAL,LOW,ZERO,HIGH,HIGH,HIGH,False,ZERO,NORMAL,NORMAL
HIGH,ZERO,ZERO,False,False,False,False,False,NORMAL,NORMAL,ZERO,HIGH,NORMAL,HIGH,HIGH,HIGH,HIGH,NORMAL,False,HIGH,NORMAL,NORMAL
HIGH,NORMAL,LOW,False,False,False,False,False,NORMAL,NORMAL,LOW,LOW,NORMAL,HIGH,ZERO,LOW,HIGH,NORMAL,False,ZERO,NORMAL,NORMAL
HIGH,NORMAL,LOW,False,False,False,False,False,HIGH,NORMAL,LOW,LOW,NORMAL,LOW,ZERO,HIGH,HIGH,HIGH,False,ZERO,NORMAL,LOW
HIGH,NORMAL,ZERO,False,False,False,False,False,NORMAL,NORMAL,LOW,HIGH,NORMAL,HIGH,HIGH,HIGH,HIGH,NORMAL,False,HIGH,NORMAL,NORMAL
HIGH,NORMAL,LOW,False,False,False,False,False,HIGH,NORMAL,LOW,LOW,NORMAL,LOW,ZERO,HIGH,HIGH,HIGH,True,ZERO,NORMAL,NORMAL
HIGH,NORMAL,LOW,False,False,False,False,False,LOW,NORMAL,LOW,LOW,LOW,HIGH,ZERO,HIGH,HIGH,LOW,False,ZERO,NORMAL,NORMAL
HIGH,LOW,ZERO,False,False,False,False,False,NORMAL,NORMAL,LOW,LOW,NORMAL,HIGH,ZERO,HIGH,HIGH,LOW,False,ZERO,NORMAL,HIGH
HIGH,NORMAL,LOW,False,False,False,False,False,NORMAL,NORMAL,LOW,LOW,NORMAL,HIGH,LOW,HIGH,HIGH,NORMAL,False,ZERO,NORMAL,NORMAL
HIGH,NORMAL,LOW,False,False,False,False,False,HIGH,NORMAL,LOW,LOW,NORMAL,HIGH,ZERO,HIGH,HIGH,HIGH,False,ZERO,NORMAL,LOW
HIGH,NORMAL,LOW,False,False,False,False,False,NORMAL,NORMAL,NORMAL,HIGH,NORMAL,HIGH,LOW,HIGH,HIGH,NORMAL,False,HIGH,NORMAL,LOW
HIGH,NORMAL,ZERO,False,False,False,False,False,HIGH,NORMAL,LOW,HIGH,NORMAL,LOW,HIGH,HIGH,HIGH,HIGH,False,HIGH,NORMAL,NORMAL
HIGH,NORMAL,LOW,False,False,False,False,False,HIGH,NORMAL,LOW,LOW,NORMAL,LOW,ZERO,HIGH,HIGH,HIGH,False,ZERO,NORMAL,HIGH
HIGH,NORMAL,LOW,False,False,False,False,False,NORMAL,NORMAL,LOW,LOW,LOW,HIGH,ZERO,HIGH,HIGH,NORMAL,False,ZERO,NORMAL,HIGH
HIGH,HIGH,HIGH,False,False,False,False,False,HIGH,NORMAL,HIGH,HIGH,NORMAL,HIGH,HIGH,HIGH,HIGH,HIGH,False,HIGH,NORMAL,HIGH
HIGH,NORMAL,LOW,False,False,False,False,False,NORMAL,NORMAL,LOW,LOW,LOW,HIGH,ZERO,HIGH,HIGH,NORMAL,False,ZERO,NORMAL,LOW
HIGH,NORMAL,LOW,False,False,False,False,False,NORMAL,NORMAL,ZERO,LOW,NORMAL,HIGH,LOW,LOW,HIGH,NORMAL,False,ZERO,NORMAL,NORMAL
LOW,LOW,ZERO,False,False,False,False,False,NORMAL,NORMAL,LOW,HIGH,NORMAL,NORMAL,HIGH,LOW,LOW,NORMAL,False,HIGH,NORMAL,HIGH
HIGH,NORMAL,LOW,False,False,False,False,False,HIGH,ONESIDED,NORMAL,LOW,NORMAL,HIGH,LOW,HIGH,HIGH,HIGH,False,LOW,HIGH,NORMAL
HIGH,ZERO,ZERO,False,False,False,False,False,HIGH,NORMAL,LOW,HIGH,NORMAL,HIGH,LOW,HIGH,HIGH,HIGH,False,HIGH,NORMAL,LOW
HIGH,NORMAL,LOW,False,False,False,False,False,NORMAL,NORMAL,LOW,LOW,NORMAL,HIGH,ZERO,HIGH,HIGH,NORMAL,False,ZERO,NORMAL,NORMAL
HIGH,NORMAL,LOW,False,False,False,False,False,NORMAL,NORMAL,LOW,LOW,LOW,HIGH,ZERO,HIGH,HIGH,NORMAL,False,ZERO,NORMAL,NORMAL
NORMAL,NORMAL,LOW,False,False,False,True,False,NORMAL,NORMAL,LOW,LOW,LOW,HIGH,ZERO,HIGH,HIGH,NORMAL,False,ZERO,NORMAL,LOW
HIGH,NORMAL,ZERO,False,False,False,False,False,NORMAL,NORMAL,LOW,NORMAL,NORMAL,HIGH,ZERO,HIGH,HIGH,NORMAL,False,HIGH,NORMAL,HIGH
HIGH,HIGH,HIGH,False,False,False,False,False,NORMAL,NORMAL,LOW,HIGH,NORMAL,HIGH,HIGH,HIGH,HIGH,NORMAL,False,HIGH,NORMAL,LOW
NORMAL,NORMAL,LOW,False,False,False,False,False,NORMAL,NORMAL,LOW,LOW,NORMAL,HIGH,ZERO,HIGH,HIGH,NORMAL,True,ZERO,NORMAL,LOW
HIGH,NORMAL,LOW,False,False,False,False,False,NORMAL,NORMAL,LOW,LOW,HIGH,HIGH,ZERO,HIGH,HIGH,NORMAL,False,ZERO,NORMAL,NORMAL
LOW,LOW,ZERO,False,False,False,False,False,NORMAL,NORMAL,LOW,LOW,NORMAL,HIGH,ZERO,HIGH,HIGH,NORMAL,True,ZERO,NORMAL,HIGH
HIGH,NORMAL,LOW,False,False,False,False,False,NORMAL,NORMAL,LOW,LOW,NORMAL,HIGH,ZERO,HIGH,NORMAL,NORMAL,False,ZERO,NORMAL,NORMAL
NORMAL,ZERO,ZERO,False,False,False,False,False,HIGH,NORMAL,LOW,HIGH,NORMAL,NORMAL,HIGH,LOW,LOW,HIGH,False,HIGH,NORMAL,HIGH
HIGH,NORMAL,LOW,False,False,False,False,False,NORMAL,NORMAL,LOW,LOW,NORMAL,HIGH,LOW,HIGH,HIGH,NORMAL,False,LOW,NORMAL,NORMAL
HIGH,NORMAL,ZERO,False,False,True,False,False,NORMAL,ONESIDED,LOW,LOW,NORMAL,HIGH,NORMAL,NORMAL,NORMAL,NORMAL,False,NORMAL,HIGH,NORMAL
HIGH,HIGH,HIGH,False,False,False,False,False,NORMAL,NORMAL,LOW,HIGH,NORMAL,HIGH,HIGH,HIGH,HIGH,NORMAL,False,HIGH,NORMAL,LOW
LOW,HIGH,NORMAL,False,False,False,False,False,NORMAL,NORMAL,HIGH,NORMAL,NORMAL,NORMAL,LOW,LOW,LOW,NORMAL,False,LOW,NORMAL,HIGH
HIGH,NORMAL,LOW,False,False,False,False,False,NORMAL,ESOPHAGEAL,NORMAL,LOW,NORMAL,HIGH,ZERO,HIGH,HIGH,NORMAL,False,ZERO,NORMAL,LOW
HIGH,NORMAL,LOW,False,False,False,False,False,NORMAL,NORMAL,LOW,LOW,NORMAL,HIGH,ZERO,HIGH,HIGH,NORMAL,False,ZERO,NORMAL,LOW
HIGH,HIGH,NORMAL,False,False,False,False,False,NORMAL,NORMAL,HIGH,LOW,NORMAL,HIGH,LOW,HIGH,LOW,LOW,False,LOW,NORMAL,HIGH
HIGH,NORMAL,LOW,False,False,False,False,False,NORMAL,NORMAL,LOW,LOW,NORMAL,HIGH,ZERO,HIGH,HIGH,NORMAL,False,ZERO,NORMAL,HIGH
HIGH,NORMAL,LOW,False,False,False,False,False,HIGH,NORMAL,LOW,LOW,NORMAL,HIGH,ZERO,HIGH,HIGH,HIGH,False,ZERO,NORMAL,LOW
HIGH,NORMAL,LOW,False,False,False,False,False,NORMAL,NORMAL,LOW,LOW,NORMAL,NORMAL,ZERO,HIGH,HIGH,NORMAL,False,LOW,NORMAL,NORMAL
HIGH,NORMAL,LOW,False,False,False,False,False,NORMAL,NORMAL,LOW,LOW,NORMAL,NORMAL,ZERO,HIGH,HIGH,NORMAL,False,ZERO,NORMAL,NORMAL
LOW,NORMAL,ZERO,False,False,False,False,False,NORMAL,NORMAL,LOW,HIGH,NORMAL,NORMAL,HIGH,LOW,LOW,NORMAL,False,HIGH,NORMAL,HIGH
HIGH,LOW,ZERO,False,False,False,False,False,HIGH,NORMAL,LOW,NORMAL,LOW,LOW,HIGH,HIGH,HIGH,HIGH,False,HIGH,NORMAL,LOW
HIGH,LOW,ZERO,False,False,False,False,False,NORMAL,NORMAL,LOW,HIGH,NORMAL,HIGH,HIGH,HIGH,HIGH,NORMAL,False,HIGH,NORMAL,NORMAL
HIGH,NORMAL,LOW,False,False,False,False,False,HIGH,NORMAL,LOW,LOW,NORMAL,LOW,ZERO,HIGH,HIGH,HIGH,False,ZERO,NORMAL,NORMAL
LOW,HIGH,NORMAL,False,False,False,False,False,NORMAL,NORMAL,HIGH,LOW,NORMAL,NORMAL,LOW,LOW,LOW,NORMAL,False,LOW,NORMAL,LOW
HIGH,HIGH,HIGH,False,False,False,False,False,NORMAL,NORMAL,LOW,HIGH,NORMAL,HIGH,HIGH,HIGH,HIGH,NORMAL,False,HIGH,NORMAL,NORMAL
HIGH,HIGH,HIGH,False,False,False,True,False,NORMAL,NORMAL,LOW,HIGH,NORMAL,HIGH,ZERO,HIGH,HIGH,NORMAL,False,HIGH,NORMAL,NORMAL
HIGH,NORMAL,LOW,False,False,False,False,False,NORMAL,NORMAL,LOW,LOW,NORMAL,HIGH,ZERO,LOW,HIGH,NORMAL,False,ZERO,NORMAL,NORMAL
LOW,NORMAL,LOW,False,False,False,False,False,NORMAL,NORMAL,LOW,HIGH,NORMAL,NORMAL,HIGH,LOW,LOW,NORMAL,False,HIGH,NORMAL,HIGH
HIGH,NORMAL,LOW,False,False,False,True,False,NORMAL,NORMAL,LOW,LOW,NORMAL,HIGH,ZERO,HIGH,HIGH,NORMAL,False,ZERO,NORMAL,NORMAL
HIGH,NORMAL,LOW,False,False,False,False,False,NORMAL,NORMAL,LOW,LOW,NORMAL,HIGH,ZERO,HIGH,HIGH,NORMAL,False,ZERO,NORMAL,NORMAL
HIGH,NORMAL,LOW,False,False,False,False,False,NORMAL,NORMAL,LOW,LOW,NORMAL,HIGH,ZERO,HIGH,HIGH,NORMAL,False,ZERO,NORMAL,NORMAL
HIGH,NORMAL,LOW,False,False,False,False,False,NORMAL,NORMAL,LOW,LOW,NORMAL,HIGH,ZERO,HIGH,HIGH,NORMAL,False,ZERO,NORMAL,NORMAL
HIGH,NORMAL,LOW,False,False,True,False,False,NORMAL,NORMAL,LOW,LOW,NORMAL,HIGH,ZERO,NORMAL,NORMAL,NORMAL,True,ZERO,NORMAL,LOW
HIGH,NORMAL,LOW,False,True,False,False,False,HIGH,ESOPHAGEAL,LOW,LOW,HIGH,HIGH,LOW,HIGH,HIGH,HIGH,False,LOW,HIGH,LOW
HIGH,NORMAL,LOW,False,False,False,True,False,NORMAL,ESOPHAGEAL,NORMAL,LOW,NORMAL,HIGH,ZERO,HIGH,HIGH,NORMAL,False,ZERO,NORMAL,HIGH
HIGH,NORMAL,LOW,False,False,False,False,False,NORMAL,NORMAL,LOW,LOW,NORMAL,NORMAL,ZERO,LOW,LOW,NORMAL,False,ZERO,NORMAL,NORMAL
HIGH,NORMAL,LOW,False,False,False,False,False,NORMAL,NORMAL,LOW,LOW,NORMAL,LOW,ZERO,HIGH,HIGH,NORMAL,False,ZERO,NORMAL,LOW
HIGH,ZERO,ZERO,False,False,False,False,False,NORMAL,ESOPHAGEAL,LOW,LOW,NORMAL,HIGH,LOW,HIGH,HIGH,NORMAL,False,LOW,NORMAL,HIGH
HIGH,LOW,ZERO,False,False,False,False,False,NORMAL,ESOPHAGEAL,LOW,LOW,NORMAL,HIGH,LOW,HIGH,HIGH,NORMAL,False,LOW,NORMAL,NORMAL
HIGH,NORMAL,LOW,False,False,False,True,False,NORMAL,NORMAL,LOW,LOW,NORMAL,HIGH,ZERO,HIGH,HIGH,NORMAL,False,NORMAL,NORMAL,LOW
LOW,NORMAL,LOW,False,False,True,False,False,NORMAL,NORMAL,LOW,LOW,NORMAL,NORMAL,ZERO,HIGH,LOW,NORMAL,False,ZERO,NORMAL,HIGH
HIGH,NORMAL,LOW,False,False,False,False,False,NORMAL,NORMAL,LOW,LOW,NORMAL,HIGH,ZERO,HIGH,HIGH,NORMAL,False,ZERO,NORMAL,NORMAL
HIGH,LOW,ZERO,False,False,True,False,False,NORMAL,NORMAL,LOW,LOW,NORMAL,HIGH,ZERO,NORMAL,NORMAL,NORMAL,False,ZERO,NORMAL,LOW
HIGH,NORMAL,ZERO,False,False,True,False,False,NORMAL,NORMAL,LOW,LOW,NORMAL,HIGH,ZERO,NORMAL,NORMAL,NORMAL,False,ZERO,NORMAL,LOW
LOW,NORMAL,LOW,False,False,False,False,False,NORMAL,NORMAL,LOW,LOW,NORMAL,NORMAL,ZERO,LOW,LOW,NORMAL,False,ZERO,NORMAL,NORMAL
HIGH,NORMAL,LOW,False,False,True,False,False,NORMAL,NORMAL,LOW,LOW,HIGH,HIGH,ZERO,NORMAL,NORMAL,NORMAL,False,ZERO,NORMAL,LOW
HIGH,NORMAL,LOW,False,False,False,False,True,LOW,ONESIDED,LOW,LOW,NORMAL,LOW,NORMAL,HIGH,HIGH,LOW,True,NORMAL,HIGH,NORMAL
NORMAL,NORMAL,LOW,False,False,False,False,False,NORMAL,NORMAL,LOW,LOW,HIGH,LOW,ZERO,HIGH,HIGH,NORMAL,False,ZERO,NORMAL,HIGH
HIGH,HIGH,HIGH,False,False,False,False,False,NORMAL,NORMAL,LOW,HIGH,NORMAL,HIGH,HIGH,HIGH,HIGH,NORMAL,False,HIGH,NORMAL,LOW
HIGH,NORMAL,LOW,False,False,False,False,False,NORMAL,NORMAL,LOW,LOW,NORMAL,HIGH,ZERO,HIGH,HIGH,NORMAL,False,ZERO,NORMAL,LOW
HIGH,HIGH,HIGH,False,False,False,False,False,NORMAL,NORMAL,LOW,HIGH,NORMAL,HIGH,HIGH,HIGH,HIGH,NORMAL,False,HIGH,NORMAL,NORMAL
HIGH,NORMAL,ZERO,False,False,False,True,False,NORMAL,NORMAL,LOW,HIGH,NORMAL,HIGH,HIGH,HIGH,HIGH,NORMAL,False,HIGH,NORMAL,NORMAL
HIGH,NORMAL,LOW,False,False,False,False,False,NORMAL,NORMAL,LOW,LOW,NORMAL,HIGH,ZERO,HIGH,HIGH,NORMAL,False,ZERO,NORMAL,NORMAL
HIGH,ZERO,ZERO,False,False,False,False,False,NORMAL,NORMAL,ZERO,HIGH,NORMAL,HIGH,HIGH,HIGH,HIGH,NORMAL,False,HIGH,NORMAL,LOW
NORMAL,NORMAL,ZERO,False,False,False,False,False,LOW,NORMAL,NORMAL,HIGH,NORMAL,LOW,HIGH,HIGH,LOW,LOW,False,HIGH,NORMAL,NORMAL
HIGH,NORMAL,LOW,False,False,False,True,False,NORMAL,NORMAL,LOW,LOW,NORMAL,HIGH,ZERO,HIGH,HIGH,NORMAL,False,ZERO,NORMAL,NORMAL
HIGH,NORMAL,LOW,False,False,False,False,False,NORMAL,ONESIDED,NORMAL,LOW,NORMAL,HIGH,ZERO,HIGH,HIGH,NORMAL,False,LOW,HIGH,LOW
HIGH,NORMAL,LOW,False,False,False,False,False,NORMAL,NORMAL,LOW,LOW,NORMAL,HIGH,ZERO,HIGH,HIGH,NORMAL,False,ZERO,NORMAL,NORMAL
HIGH,NORMAL,LOW,False,False,False,False,False,NORMAL,NORMAL,LOW,LOW,NORMAL,HIGH,ZERO,HIGH,HIGH,NORMAL,False,ZERO,NORMAL,NORMAL
HIGH,NORMAL,LOW,False,False,False,False,False,NORMAL,NORMAL,LOW,LOW,NORMAL,NORMAL,ZERO,HIGH,HIGH,NORMAL,False,ZERO,NORMAL,NORMAL
NORMAL,NORMAL,LOW,False,False,False,True,False,HIGH,NORMAL,LOW,LOW,NORMAL,LOW,ZERO,NORMAL,LOW,HIGH,False,ZERO,NORMAL,NORMAL
HIGH,NORMAL,LOW,False,False,False,False,False,NORMAL,NORMAL,LOW,LOW,NORMAL,HIGH,ZERO,HIGH,HIGH,NORMAL,False,ZERO,NORMAL,NORMAL
HIGH,NORMAL,LOW,False,False,False,False,True,LOW,NORMAL,LOW,LOW,LOW,LOW,ZERO,HIGH,HIGH,LOW,False,ZERO,NORMAL,HIGH
HIGH,NORMAL,LOW,False,False,False,False,False,NORMAL,NORMAL,LOW,LOW,LOW,HIGH,ZERO,HIGH,HIGH,NORMAL,False,ZERO,NORMAL,NORMAL
LOW,ZERO,ZERO,False,False,False,False,False,HIGH,NORMAL,ZERO,LOW,NORMAL,NORMAL,ZERO,LOW,LOW,HIGH,False,ZERO,NORMAL,HIGH
LOW,NORMAL,LOW,False,False,False,False,False,HIGH,NORMAL,LOW,LOW,NORMAL,NORMAL,ZERO,LOW,LOW,HIGH,False,ZERO,NORMAL,HIGH
HIGH,NORMAL,LOW,False,False,False,False,False,NORMAL,NORMAL,LOW,LOW,LOW,HIGH,ZERO,HIGH,HIGH,NORMAL,False,ZERO,NORMAL,NORMAL
HIGH,NORMAL,LOW,False,False,False,False,False,NORMAL,NORMAL,LOW,LOW,NORMAL,HIGH,ZERO,HIGH,HIGH,NORMAL,False,ZERO,NORMAL,NORMAL
HIGH,NORMAL,LOW,False,False,False,False,False,HIGH,NORMAL,HIGH,LOW,NORMAL,LOW,LOW,HIGH,HIGH,HIGH,False,LOW,NORMAL,HIGH
HIGH,NORMAL,LOW,False,False,False,False,False,NORMAL,NORMAL,ZERO,LOW,NORMAL,LOW,ZERO,HIGH,HIGH,NORMAL,False,ZERO,NORMAL,NORMAL
HIGH,NORMAL,LOW,False,False,True,False,False,LOW,NORMAL,LOW,LOW,NORMAL,HIGH,ZERO,NORMAL,NORMAL,LOW,False,ZERO,HIGH,LOW
HIGH,NORMAL,LOW,False,False,False,False,False,NORMAL,NORMAL,NORMAL,LOW,NORMAL,HIGH,ZERO,HIGH,HIGH,NORMAL,False,ZERO,NORMAL,NORMAL
HIGH,NORMAL,ZERO,False,False,False,False,False,HIGH,NORMAL,LOW,LOW,NORMAL,HIGH,ZERO,HIGH,HIGH,HIGH,False,ZERO,NORMAL,NORMAL
HIGH,NORMAL,LOW,False,False,False,False,False,NORMAL,NORMAL,LOW,LOW,NORMAL,HIGH,ZERO,HIGH,HIGH,NORMAL,False,ZERO,NORMAL,LOW
HIGH,NORMAL,LOW,True,False,False,False,False,NORMAL,NORMAL,LOW,LOW,NORMAL,HIGH,ZERO,HIGH,HIGH,NORMAL,False,ZERO,NORMAL,LOW
NORMAL,NORMAL,LOW,False,False,False,False,False,NORMAL,NORMAL,LOW,LOW,NORMAL,HIGH,ZERO,HIGH,HIGH,LOW,False,ZERO,NORMAL,HIGH
HIGH,LOW,ZERO,False,False,False,False,False,NORMAL,NORMAL,LOW,HIGH,NORMAL,HIGH,HIGH,HIGH,HIGH,NORMAL,False,HIGH,NORMAL,NORMAL
HIGH,NORMAL,LOW,False,False,False,False,False,NORMAL,NORMAL,LOW,LOW,LOW,HIGH,ZERO,HIGH,HIGH,NORMAL,False,ZERO,NORMAL,LOW
NORMAL,NORMAL,LOW,False,False,False,False,False,HIGH,NORMAL,ZERO,LOW,NORMAL,NORMAL,ZERO,LOW,LOW,HIGH,False,ZERO,NORMAL,NORMAL
HIGH,NORMAL,LOW,False,False,False,False,False,NORMAL,NORMAL,LOW,LOW,NORMAL,HIGH,ZERO,HIGH,HIGH,NORMAL,False,ZERO,NORMAL,HIGH
HIGH,NORMAL,NORMAL,False,False,False,False,False,NORMAL,NORMAL,HIGH,LOW,NORMAL,LOW,LOW,HIGH,HIGH,NORMAL,False,LOW,NORMAL,LOW
HIGH,NORMAL,LOW,False,False,False,False,False,NORMAL,NORMAL,LOW,LOW,NORMAL,HIGH,ZERO,HIGH,HIGH,NORMAL,False,ZERO,NORMAL,LOW
HIGH,NORMAL,LOW,False,False,False,False,False,HIGH,NORMAL,LOW,LOW,NORMAL,HIGH,ZERO,HIGH,HIGH,HIGH,False,ZERO,NORMAL,NORMAL
HIGH,NORMAL,ZERO,False,False,False,False,False,HIGH,NORMAL,LOW,HIGH,NORMAL,HIGH,HIGH,HIGH,HIGH,HIGH,False,HIGH,NORMAL,LOW
HIGH,NORMAL,LOW,False,False,False,False,False,NORMAL,ONESIDED,LOW,LOW,NORMAL,HIGH,NORMAL,HIGH,HIGH,NORMAL,False,NORMAL,HIGH,LOW
LOW,NORMAL,LOW,False,False,False,False,False,NORMAL,NORMAL,LOW,LOW,HIGH,LOW,ZERO,LOW,LOW,NORMAL,False,ZERO,NORMAL,NORMAL
HIGH,NORMAL,LOW,False,False,False,False,False,NORMAL,NORMAL,LOW,LOW,NORMAL,HIGH,ZERO,HIGH,HIGH,NORMAL,False,ZERO,NORMAL,LOW
HIGH,NORMAL,ZERO,False,False,False,False,False,HIGH,NORMAL,LOW,HIGH,NORMAL,HIGH,HIGH,HIGH,HIGH,HIGH,False,HIGH,NORMAL,LOW
HIGH,NORMAL,LOW,False,False,False,False,False,NORMAL,NORMAL,LOW,LOW,NORMAL,HIGH,ZERO,HIGH,HIGH,NORMAL,False,ZERO,NORMAL,LOW
HIGH,NORMAL,LOW,False,False,False,True,False,NORMAL,NORMAL,LOW,LOW,NORMAL,HIGH,ZERO,HIGH,HIGH,LOW,False,ZERO,NORMAL,LOW
HIGH,NORMAL,LOW,False,False,False,False,False,NORMAL,NORMAL,LOW,LOW,NORMAL,HIGH,ZERO,HIGH,HIGH,NORMAL,False,ZERO,NORMAL,HIGH
HIGH,NORMAL,LOW,False,False,False,False,False,NORMAL,NORMAL,LOW,LOW,NORMAL,HIGH,ZERO,NORMAL,HIGH,NORMAL,False,ZERO,NORMAL,HIGH
HIGH,NORMAL,LOW,False,False,False,False,False,NORMAL,NORMAL,LOW,LOW,NORMAL,HIGH,ZERO,HIGH,HIGH,NORMAL,False,ZERO,NORMAL,LOW
LOW,ZERO,ZERO,False,False,False,False,False,HIGH,NORMAL,LOW,LOW,NORMAL,NORMAL,ZERO,LOW,LOW,HIGH,False,ZERO,NORMAL,LOW
HIGH,NORMAL,LOW,False,False,False,False,False,NORMAL,NORMAL,LOW,LOW,NORMAL,HIGH,ZERO,HIGH,HIGH,NORMAL,False,ZERO,NORMAL,LOW
LOW,HIGH,HIGH,False,False,False,False,False,NORMAL,NORMAL,LOW,HIGH,NORMAL,NORMAL,HIGH,LOW,LOW,NORMAL,False,HIGH,NORMAL,LOW
HIGH,NORMAL,LOW,False,False,False,False,False,NORMAL,NORMAL,LOW,LOW,NORMAL,HIGH,ZERO,HIGH,HIGH,NORMAL,False,LOW,NORMAL,NORMAL
HIGH,NORMAL,LOW,False,False,True,False,False,NORMAL,NORMAL,LOW,LOW,HIGH,HIGH,ZERO,NORMAL,NORMAL,NORMAL,False,ZERO,NORMAL,NORMAL
HIGH,NORMAL,LOW,False,False,False,False,False,NORMAL,NORMAL,LOW,LOW,NORMAL,HIGH,ZERO,HIGH,HIGH,NORMAL,False,ZERO,NORMAL,NORMAL
LOW,NORMAL,HIGH,False,False,False,False,False,NORMAL,ONESIDED,HIGH,LOW,NORMAL,NORMAL,HIGH,LOW,LOW,NORMAL,False,NORMAL,HIGH,NORMAL
HIGH,HIGH,HIGH,False,False,False,False,False,NORMAL,NORMAL,LOW,HIGH,LOW,NORMAL,HIGH,HIGH,HIGH,NORMAL,False,HIGH,NORMAL,LOW
LOW,NORMAL,LOW,False,False,False,False,False,NORMAL,NORMAL,NORMAL,LOW,NORMAL,NORMAL,ZERO,LOW,LOW,NORMAL,False,NORMAL,NORMAL,HIGH
LOW,NORMAL,LOW,False,False,False,False,False,NORMAL,NORMAL,LOW,LOW,NORMAL,NORMAL,ZERO,LOW,LOW,NORMAL,False,ZERO,NORMAL,LOW
LOW,NORMAL,LOW,False,False,False,False,False,NORMAL,NORMAL,LOW,LOW,NORMAL,LOW,ZERO,LOW,LOW,NORMAL,False,ZERO,NORMAL,LOW
HIGH,NORMAL,NORMAL,False,False,False,False,False,NORMAL,NORMAL,HIGH,LOW,NORMAL,HIGH,LOW,HIGH,HIGH,NORMAL,False,LOW,NORMAL,NORMAL
HIGH,NORMAL,LOW,False,False,False,False,False,HIGH,NORMAL,LOW,LOW,NORMAL,HIGH,ZERO,HIGH,HIGH,HIGH,False,ZERO,NORMAL,NORMAL
LOW,NORMAL,LOW,False,False,False,True,False,NORMAL,NORMAL,ZERO,LOW,NORMAL,NORMAL,ZERO,LOW,LOW,NORMAL,False,ZERO,NORMAL,HIGH
HIGH,NORMAL,LOW,False,False,False,False,False,NORMAL,NORMAL,LOW,LOW,NORMAL,HIGH,ZERO,HIGH,HIGH,NORMAL,False,ZERO,NORMAL,NORMAL
LOW,NORMAL,LOW,False,False,False,False,False,NORMAL,NORMAL,LOW,LOW,NORMAL,NORMAL,ZERO,LOW,LOW,NORMAL,False,ZERO,NORMAL,NORMAL
HIGH,NORMAL,LOW,False,False,False,False,False,NORMAL,NORMAL,LOW,LOW,HIGH,HIGH,ZERO,HIGH,HIGH,NORMAL,False,ZERO,HIGH,LOW
HIGH,NORMAL,LOW,False,False,False,True,False,NORMAL,NORMAL,LOW,LOW,NORMAL,HIGH,ZERO,HIGH,HIGH,NORMAL,False,ZERO,NORMAL,HIGH
HIGH,HIGH,NORMAL,False,False,False,False,False,NORMAL,NORMAL,HIGH,LOW,NORMAL,LOW,LOW,HIGH,HIGH,NORMAL,False,LOW,NORMAL,LOW
HIGH,HIGH,HIGH,False,False,False,False,False,NORMAL,NORMAL,LOW,HIGH,NORMAL,HIGH,HIGH,HIGH,HIGH,NORMAL,False,HIGH,HIGH,LOW
LOW,HIGH,HIGH,False,False,False,False,False,NORMAL,NORMAL,LOW,HIGH,NORMAL,LOW,HIGH,LOW,LOW,NORMAL,False,HIGH,NORMAL,HIGH
HIGH,NORMAL,LOW,False,False,False,False,False,NORMAL,NORMAL,LOW,LOW,NORMAL,HIGH,ZERO,HIGH,HIGH,NORMAL,False,ZERO,NORMAL,LOW
HIGH,NORMAL,LOW,False,False,False,False,False,NORMAL,NORMAL,LOW,LOW,NORMAL,HIGH,ZERO,HIGH,HIGH,NORMAL,False,ZERO,NORMAL,NORMAL
LOW,NORMAL,LOW,False,False,False,False,False,NORMAL,NORMAL,LOW,LOW,LOW,NORMAL,ZERO,LOW,LOW,NORMAL,False,ZERO,NORMAL,NORMAL
HIGH,HIGH,HIGH,False,False,True,False,False,NORMAL,ESOPHAGEAL,NORMAL,NORMAL,NORMAL,HIGH,LOW,NORMAL,NORMAL,NORMAL,False,HIGH,NORMAL,NORMAL
HIGH,HIGH,HIGH,False,False,False,False,False,HIGH,NORMAL,ZERO,LOW,NORMAL,HIGH,HIGH,HIGH,HIGH,HIGH,False,HIGH,NORMAL,NORMAL
HIGH,NORMAL,LOW,False,False,False,False,False,NORMAL,NORMAL,LOW,LOW,NORMAL,HIGH,ZERO,HIGH,HIGH,NORMAL,False,ZERO,NORMAL,NORMAL
LOW,LOW,ZERO,False,False,False,False,False,NORMAL,NORMAL,LOW,LOW,NORMAL,NORMAL,ZERO,LOW,LOW,NORMAL,False,ZERO,NORMAL,NORMAL
HIGH,NORMAL,LOW,False,False,True,False,False,NORMAL,NORMAL,LOW,LOW,NORMAL,LOW,ZERO,NORMAL,NORMAL,NORMAL,True,ZERO,HIGH,HIGH
HIGH,NORMAL,LOW,False,False,True,False,False,HIGH,NORMAL,LOW,LOW,NORMAL,LOW,ZERO,NORMAL,NORMAL,HIGH,False,ZERO,HIGH,NORMAL
HIGH,HIGH,NORMAL,False,False,False,False,False,NORMAL,ESOPHAGEAL,LOW,LOW,NORMAL,HIGH,LOW,HIGH,HIGH,NORMAL,False,LOW,NORMAL,LOW
HIGH,NORMAL,LOW,False,False,False,False,False,NORMAL,NORMAL,LOW,LOW,HIGH,HIGH,ZERO,HIGH,HIGH,NORMAL,False,ZERO,NORMAL,HIGH
HIGH,NORMAL,LOW,False,False,False,False,False,HIGH,NORMAL,LOW,LOW,NORMAL,HIGH,ZERO,LOW,HIGH,HIGH,False,ZERO,NORMAL,NORMAL
HIGH,NORMAL,LOW,False,False,False,False,False,NORMAL,NORMAL,LOW,LOW,NORMAL,HIGH,ZERO,HIGH,HIGH,NORMAL,False,ZERO,NORMAL,NORMAL
HIGH,NORMAL,LOW,False,False,True,False,False,NORMAL,NORMAL,LOW,LOW,LOW,HIGH,ZERO,NORMAL,NORMAL,NORMAL,False,ZERO,NORMAL,HIGH
HIGH,NORMAL,LOW,False,False,False,True,False,HIGH,NORMAL,LOW,HIGH,NORMAL,HIGH,HIGH,HIGH,HIGH,NORMAL,False,HIGH,NORMAL,NORMAL
HIGH,HIGH,HIGH,False,False,False,False,False,NORMAL,NORMAL,ZERO,HIGH,NORMAL,HIGH,HIGH,HIGH,HIGH,NORMAL,False,HIGH,NORMAL,NORMAL
LOW,NORMAL,NORMAL,False,False,False,True,False,NORMAL,NORMAL,HIGH,LOW,NORMAL,NORMAL,LOW,LOW,LOW,NORMAL,False,LOW,NORMAL,LOW
HIGH,NORMAL,LOW,False,False,False,False,False,NORMAL,NORMAL,LOW,LOW,NORMAL,HIGH,ZERO,HIGH,HIGH,NORMAL,False,ZERO,NORMAL,NORMAL
HIGH,HIGH,HIGH,False,False,False,False,False,NORMAL,NORMAL,LOW,LOW,NORMAL,HIGH,ZERO,HIGH,HIGH,NORMAL,False,ZERO,NORMAL,NORMAL
HIGH,NORMAL,LOW,False,False,False,False,False,NORMAL,NORMAL,LOW,LOW,NORMAL,HIGH,ZERO,HIGH,HIGH,NORMAL,False,ZERO,NORMAL,NORMAL
LOW,NORMAL,ZERO,False,False,False,False,False,NORMAL,NORMAL,LOW,HIGH,HIGH,NORMAL,HIGH,LOW,LOW,NORMAL,False,HIGH,NORMAL,HIGH
HIGH,LOW,ZERO,False,False,True,False,False,NORMAL,NORMAL,LOW,LOW,NORMAL,HIGH,ZERO,NORMAL,NORMAL,NORMAL,False,ZERO,NORMAL,NORMAL
HIGH,NORMAL,LOW,False,False,False,False,False,NORMAL,NORMAL,LOW,LOW,LOW,HIGH,ZERO,HIGH,HIGH,NORMAL,False,ZERO,NORMAL,HIGH
LOW,NORMAL,ZERO,False,False,False,False,False,NORMAL,NORMAL,LOW,HIGH,NORMAL,NORMAL,HIGH,LOW,LOW,NORMAL,False,HIGH,NORMAL,HIGH
HIGH,NORMAL,LOW,False,False,False,False,False,HIGH,NORMAL,LOW,LOW,NORMAL,LOW,ZERO,HIGH,HIGH,HIGH,False,ZERO,NORMAL,LOW
HIGH,NORMAL,LOW,False,False,False,False,False,NORMAL,NORMAL,LOW,LOW,NORMAL,HIGH,ZERO,HIGH,HIGH,NORMAL,False,ZERO,NORMAL,HIGH
HIGH,HIGH,HIGH,False,False,False,False,False,NORMAL,NORMAL,LOW,HIGH,HIGH,HIGH,HIGH,HIGH,HIGH,NORMAL,False,HIGH,NORMAL,LOW
HIGH,NORMAL,LOW,False,False,False,False,False,NORMAL,ESOPHAGEAL,LOW,LOW,NORMAL,HIGH,LOW,HIGH,HIGH,NORMAL,False,LOW,NORMAL,HIGH
LOW,HIGH,HIGH,False,False,False,False,False,NORMAL,NORMAL,LOW,NORMAL,NORMAL,NORMAL,HIGH,LOW,LOW,NORMAL,False,HIGH,HIGH,HIGH
LOW,NORMAL,LOW,False,False,False,True,False,LOW,NORMAL,LOW,LOW,NORMAL,HIGH,ZERO,HIGH,HIGH,LOW,False,ZERO,NORMAL,HIGH
HIGH,NORMAL,LOW,False,False,False,False,False,HIGH,NORMAL,LOW,LOW,NORMAL,LOW,ZERO,HIGH,HIGH,HIGH,False,ZERO,NORMAL,HIGH
HIGH,NORMAL,ZERO,False,False,True,False,False,HIGH,ONESIDED,LOW,LOW,NORMAL,NORMAL,NORMAL,NORMAL,NORMAL,HIGH,False,NORMAL,HIGH,NORMAL
HIGH,NORMAL,LOW,False,False,False,False,False,NORMAL,NORMAL,LOW,LOW,NORMAL,HIGH,ZERO,HIGH,HIGH,NORMAL,False,ZERO,NORMAL,HIGH
HIGH,NORMAL,LOW,True,False,False,True,False,NORMAL,NORMAL,LOW,LOW,NORMAL,HIGH,ZERO,HIGH,HIGH,NORMAL,False,ZERO,NORMAL,LOW
HIGH,LOW,ZERO,False,False,False,False,False,NORMAL,NORMAL,LOW,HIGH,NORMAL,HIGH,HIGH,HIGH,LOW,NORMAL,False,HIGH,NORMAL,LOW
HIGH,HIGH,NORMAL,False,False,False,False,False,NORMAL,NORMAL,HIGH,LOW,NORMAL,HIGH,LOW,HIGH,HIGH,NORMAL,False,LOW,NORMAL,LOW
HIGH,NORMAL,LOW,False,False,False,False,False,NORMAL,NORMAL,LOW,LOW,LOW,HIGH,ZERO,HIGH,HIGH,NORMAL,False,ZERO,HIGH,NORMAL
HIGH,NORMAL,LOW,False,False,False,False,False,NORMAL,NORMAL,LOW,LOW,NORMAL,HIGH,ZERO,HIGH,HIGH,NORMAL,False,ZERO,NORMAL,NORMAL
NORMAL,NORMAL,LOW,False,False,False,False,True,LOW,NORMAL,LOW,LOW,NORMAL,LOW,ZERO,LOW,LOW,LOW,False,ZERO,NORMAL,LOW
HIGH,NORMAL,LOW,False,False,False,False,False,NORMAL,NORMAL,LOW,LOW,NORMAL,HIGH,ZERO,HIGH,HIGH,NORMAL,False,ZERO,NORMAL,NORMAL
HIGH,NORMAL,ZERO,False,False,False,False,False,NORMAL,NORMAL,LOW,HIGH,NORMAL,HIGH,HIGH,HIGH,HIGH,NORMAL,False,HIGH,NORMAL,NORMAL
HIGH,NORMAL,LOW,False,True,True,False,True,LOW,NORMAL,LOW,LOW,HIGH,LOW,ZERO,NORMAL,NORMAL,LOW,False,ZERO,HIGH,LOW
LOW,LOW,ZERO,False,False,True,True,False,NORMAL,NORMAL,LOW,HIGH,NORMAL,HIGH,HIGH,NORMAL,HIGH,NORMAL,False,HIGH,NORMAL,HIGH
HIGH,LOW,ZERO,False,False,False,False,False,NORMAL,NORMAL,LOW,HIGH,NORMAL,HIGH,HIGH,HIGH,HIGH,NORMAL,False,HIGH,NORMAL,LOW
HIGH,NORMAL,LOW,False,False,False,False,False,NORMAL,NORMAL,LOW,LOW,NORMAL,LOW,ZERO,HIGH,HIGH,NORMAL,False,ZERO,NORMAL,LOW
LOW,NORMAL,LOW,False,False,False,False,False,LOW,NORMAL,LOW,LOW,NORMAL,NORMAL,ZERO,LOW,LOW,LOW,False,ZERO,NORMAL,NORMAL
HIGH,NORMAL,LOW,False,False,False,False,False,NORMAL,NORMAL,LOW,LOW,NORMAL,HIGH,ZERO,HIGH,HIGH,NORMAL,False,ZERO,NORMAL,LOW
HIGH,NORMAL,LOW,False,False,False,False,False,NORMAL,NORMAL,LOW,LOW,NORMAL,HIGH,ZERO,HIGH,HIGH,NORMAL,False,ZERO,NORMAL,HIGH
HIGH,NORMAL,LOW,False,False,False,True,False,NORMAL,NORMAL,ZERO,LOW,NORMAL,HIGH,HIGH,HIGH,HIGH,NORMAL,False,HIGH,NORMAL,LOW
HIGH,NORMAL,ZERO,False,False,True,False,False,NORMAL,NORMAL,ZERO,HIGH,NORMAL,NORMAL,HIGH,NORMAL,NORMAL,NORMAL,False,HIGH,NORMAL,LOW
HIGH,NORMAL,LOW,False,False,False,False,False,NORMAL,NORMAL,LOW,LOW,NORMAL,HIGH,ZERO,HIGH,HIGH,NORMAL,False,ZERO,NORMAL,LOW
HIGH,NORMAL,ZERO,False,False,False,False,False,HIGH,NORMAL,LOW,LOW,NORMAL,LOW,ZERO,HIGH,HIGH,HIGH,False,ZERO,NORMAL,HIGH
HIGH,NORMAL,LOW,False,False,False,False,False,NORMAL,NORMAL,LOW,LOW,NORMAL,HIGH,ZERO,HIGH,HIGH,NORMAL,False,ZERO,NORMAL,NORMAL
HIGH,NORMAL,LOW,False,False,False,False,False,NORMAL,NORMAL,LOW,LOW,NORMAL,HIGH,ZERO,HIGH,HIGH,NORMAL,False,ZERO,NORMAL,NORMAL
HIGH,ZERO,ZERO,False,False,False,False,False,NORMAL,NORMAL,LOW,HIGH,NORMAL,HIGH,HIGH,HIGH,HIGH,NORMAL,False,HIGH,NORMAL,LOW
LOW,NORMAL,ZERO,False,False,False,False,False,NORMAL,NORMAL,LOW,LOW,NORMAL,NORMAL,ZERO,LOW,LOW,NORMAL,False,ZERO,NORMAL,HIGH
HIGH,NORMAL,LOW,False,False,False,False,False,HIGH,NORMAL,NORMAL,LOW,NORMAL,NORMAL,ZERO,HIGH,LOW,HIGH,False,ZERO,NORMAL,NORMAL
NORMAL,NORMAL,ZERO,False,False,False,False,False,NORMAL,NORMAL,LOW,LOW,LOW,NORMAL,ZERO,LOW,LOW,NORMAL,False,ZERO,NORMAL,LOW
HIGH,NORMAL,LOW,False,False,False,False,False,HIGH,NORMAL,LOW,LOW,NORMAL,LOW,ZERO,HIGH,HIGH,HIGH,False,ZERO,NORMAL,NORMAL
HIGH,LOW,ZERO,False,False,False,False,False,HIGH,NORMAL,LOW,HIGH,NORMAL,HIGH,HIGH,HIGH,HIGH,HIGH,False,HIGH,NORMAL,NORMAL
HIGH,HIGH,HIGH,False,False,False,False,False,HIGH,NORMAL,LOW,HIGH,NORMAL,LOW,HIGH,HIGH,HIGH,HIGH,False,HIGH,NORMAL,NORMAL
HIGH,NORMAL,LOW,False,False,False,False,False,HIGH,NORMAL,LOW,LOW,NORMAL,HIGH,ZERO,HIGH,HIGH,HIGH,False,ZERO,NORMAL,NORMAL
HIGH,NORMAL,LOW,False,False,False,False,False,NORMAL,NORMAL,LOW,LOW,NORMAL,LOW,ZERO,HIGH,HIGH,NORMAL,False,ZERO,NORMAL,NORMAL
HIGH,NORMAL,LOW,False,False,False,False,False,NORMAL,NORMAL,LOW,LOW,LOW,HIGH,ZERO,HIGH,HIGH,HIGH,False,ZERO,NORMAL,HIGH
HIGH,NORMAL,LOW,False,False,False,False,False,NORMAL,NORMAL,LOW,LOW,NORMAL,HIGH,ZERO,HIGH,HIGH,NORMAL,False,ZERO,NORMAL,LOW
HIGH,NORMAL,ZERO,False,False,False,False,False,NORMAL,NORMAL,ZERO,HIGH,NORMAL,HIGH,HIGH,HIGH,HIGH,NORMAL,False,HIGH,NORMAL,LOW
HIGH,NORMAL,ZERO,False,False,False,False,False,HIGH,NORMAL,LOW,LOW,NORMAL,HIGH,ZERO,HIGH,HIGH,HIGH,False,ZERO,NORMAL,NORMAL
HIGH,NORMAL,LOW,False,False,False,False,False,NORMAL,NORMAL,LOW,LOW,HIGH,HIGH,ZERO,HIGH,HIGH,NORMAL,False,ZERO,HIGH,NORMAL
HIGH,NORMAL,LOW,False,False,False,False,False,NORMAL,NORMAL,LOW,LOW,NORMAL,LOW,ZERO,HIGH,HIGH,NORMAL,False,LOW,NORMAL,HIGH
HIGH,HIGH,HIGH,False,False,False,False,False,HIGH,NORMAL,LOW,HIGH,NORMAL,LOW,HIGH,HIGH,HIGH,HIGH,False,HIGH,NORMAL,NORMAL
HIGH,NORMAL,ZERO,False,False,False,False,False,HIGH,NORMAL,LOW,LOW,HIGH,HIGH,ZERO,HIGH,HIGH,NORMAL,False,ZERO,NORMAL,NORMAL
HIGH,NORMAL,LOW,False,False,False,False,False,NORMAL,NORMAL,LOW,LOW,NORMAL,HIGH,ZERO,HIGH,HIGH,NORMAL,False,ZERO,NORMAL,LOW
HIGH,NORMAL,LOW,False,False,False,False,True,LOW,NORMAL,LOW,LOW,NORMAL,LOW,ZERO,HIGH,HIGH,LOW,False,ZERO,NORMAL,LOW
LOW,NORMAL,LOW,False,False,False,True,False,NORMAL,NORMAL,LOW,LOW,HIGH,LOW,ZERO,LOW,HIGH,NORMAL,False,ZERO,NORMAL,HIGH
LOW,NORMAL,NORMAL,False,False,False,False,False,NORMAL,ONESIDED,LOW,LOW,NORMAL,NORMAL,NORMAL,LOW,LOW,NORMAL,False,NORMAL,HIGH,HIGH
NORMAL,NORMAL,LOW,False,False,False,False,False,NORMAL,NORMAL,HIGH,LOW,NORMAL,HIGH,LOW,HIGH,HIGH,NORMAL,False,LOW,NORMAL,LOW
HIGH,NORMAL,NORMAL,False,False,False,True,False,HIGH,NORMAL,HIGH,LOW,NORMAL,HIGH,LOW,HIGH,HIGH,HIGH,False,LOW,NORMAL,NORMAL
HIGH,NORMAL,LOW,False,False,False,False,False,NORMAL,NORMAL,LOW,LOW,LOW,HIGH,ZERO,HIGH,HIGH,NORMAL,False,ZERO,NORMAL,LOW
HIGH,NORMAL,LOW,False,False,False,False,False,NORMAL,NORMAL,ZERO,LOW,NORMAL,HIGH,ZERO,HIGH,HIGH,NORMAL,False,ZERO,NORMAL,LOW
HIGH,NORMAL,LOW,False,False,False,False,False,LOW,NORMAL,LOW,LOW,NORMAL,HIGH,ZERO,HIGH,HIGH,LOW,False,ZERO,NORMAL,NORMAL
HIGH,NORMAL,ZERO,False,False,False,True,False,HIGH,NORMAL,LOW,HIGH,NORMAL,HIGH,HIGH,HIGH,HIGH,HIGH,False,HIGH,NORMAL,NORMAL
HIGH,NORMAL,LOW,False,False,False,False,False,NORMAL,NORMAL,LOW,LOW,HIGH,HIGH,ZERO,HIGH,HIGH,NORMAL,False,ZERO,NORMAL,NORMAL
HIGH,NORMAL,LOW,False,False,False,False,False,NORMAL,NORMAL,LOW,LOW,NORMAL,HIGH,ZERO,HIGH,HIGH,NORMAL,False,ZERO,NORMAL,NORMAL
HIGH,NORMAL,LOW,False,False,False,False,False,NORMAL,NORMAL,LOW,LOW,NORMAL,HIGH,ZERO,HIGH,HIGH,NORMAL,False,ZERO,NORMAL,NORMAL
HIGH,NORMAL,NORMAL,False,False,False,True,False,NORMAL,NORMAL,HIGH,LOW,LOW,HIGH,LOW,HIGH,HIGH,NORMAL,False,LOW,NORMAL,NORMAL
HIGH,NORMAL,LOW,False,False,False,False,False,NORMAL,ONESIDED,NORMAL,LOW,NORMAL,HIGH,ZERO,HIGH,HIGH,NORMAL,False,LOW,HIGH,NORMAL
HIGH,NORMAL,ZERO,False,False,False,False,False,NORMAL,ONESIDED,LOW,NORMAL,NORMAL,HIGH,NORMAL,HIGH,HIGH,NORMAL,False,NORMAL,HIGH,NORMAL
LOW,NORMAL,LOW,False,False,False,False,False,HIGH,NORMAL,LOW,LOW,LOW,NORMAL,ZERO,LOW,LOW,HIGH,False,ZERO,HIGH,HIGH
NORMAL,LOW,ZERO,False,False,False,False,False,HIGH,NORMAL,ZERO,HIGH,NORMAL,HIGH,HIGH,HIGH,HIGH,HIGH,False,HIGH,HIGH,NORMAL
HIGH,LOW,ZERO,False,False,False,False,False,NORMAL,NORMAL,LOW,HIGH,NORMAL,HIGH,HIGH,HIGH,HIGH,NORMAL,False,HIGH,NORMAL,LOW
HIGH,NORMAL,LOW,False,False,False,False,False,NORMAL,NORMAL,LOW,LOW,NORMAL,HIGH,ZERO,HIGH,HIGH,NORMAL,False,ZERO,NORMAL,NORMAL
HIGH,NORMAL,LOW,False,False,True,False,False,NORMAL,NORMAL,LOW,LOW,NORMAL,NORMAL,ZERO,NORMAL,NORMAL,NORMAL,False,ZERO,NORMAL,LOW
LOW,NORMAL,LOW,False,False,False,False,True,LOW,NORMAL,LOW,LOW,NORMAL,LOW,ZERO,HIGH,HIGH,LOW,False,ZERO,NORMAL,LOW
HIGH,NORMAL,LOW,False,False,False,False,False,NORMAL,NORMAL,LOW,LOW,NORMAL,HIGH,ZERO,HIGH,HIGH,NORMAL,False,ZERO,NORMAL,HIGH
LOW,NORMAL,LOW,False,False,False,False,False,NORMAL,ESOPHAGEAL,LOW,LOW,NORMAL,NORMAL,LOW,LOW,LOW,LOW,False,LOW,NORMAL,HIGH
HIGH,NORMAL,LOW,False,False,False,True,False,NORMAL,NORMAL,LOW,LOW,NORMAL,HIGH,ZERO,HIGH,HIGH,LOW,False,ZERO,NORMAL,NORMAL
HIGH,NORMAL,LOW,False,False,True,False,False,NORMAL,NORMAL,LOW,LOW,NORMAL,HIGH,ZERO,HIGH,NORMAL,NORMAL,False,ZERO,NORMAL,NORMAL
NORMAL,NORMAL,LOW,False,False,False,False,False,NORMAL,NORMAL,LOW,NORMAL,NORMAL,HIGH,ZERO,HIGH,HIGH,NORMAL,False,ZERO,NORMAL,NORMAL
HIGH,NORMAL,LOW,False,False,False,False,False,NORMAL,NORMAL,LOW,LOW,NORMAL,HIGH,ZERO,HIGH,HIGH,NORMAL,False,ZERO,NORMAL,NORMAL
NORMAL,NORMAL,LOW,False,False,False,False,False,NORMAL,NORMAL,LOW,LOW,NORMAL,HIGH,ZERO,HIGH,HIGH,NORMAL,False,ZERO,NORMAL,NORMAL
HIGH,NORMAL,LOW,False,False,False,False,False,NORMAL,NORMAL,NORMAL,LOW,NORMAL,HIGH,ZERO,HIGH,HIGH,NORMAL,False,ZERO,NORMAL,LOW
HIGH,NORMAL,LOW,False,False,False,False,False,NORMAL,NORMAL,LOW,LOW,NORMAL,LOW,ZERO,HIGH,HIGH,NORMAL,False,ZERO,NORMAL,LOW
HIGH,ZERO,ZERO,False,False,False,False,False,NORMAL,ESOPHAGEAL,LOW,LOW,NORMAL,HIGH,LOW,HIGH,HIGH,NORMAL,False,LOW,NORMAL,NORMAL
LOW,NORMAL,LOW,False,False,False,False,False,LOW,ONESIDED,LOW,LOW,NORMAL,LOW,NORMAL,LOW,LOW,LOW,False,NORMAL,HIGH,HIGH
HIGH,NORMAL,LOW,False,False,False,True,False,HIGH,NORMAL,LOW,LOW,NORMAL,HIGH,ZERO,HIGH,HIGH,HIGH,False,ZERO,NORMAL,HIGH
HIGH,NORMAL,LOW,False,False,True,False,False,HIGH,NORMAL,HIGH,NORMAL,NORMAL,HIGH,HIGH,NORMAL,NORMAL,HIGH,False,HIGH,NORMAL,NORMAL
HIGH,NORMAL,LOW,False,False,False,False,False,NORMAL,NORMAL,LOW,LOW,NORMAL,HIGH,ZERO,HIGH,HIGH,NORMAL,False,ZERO,NORMAL,HIGH
HIGH,NORMAL,LOW,False,False,False,False,False,NORMAL,NORMAL,LOW,LOW,HIGH,NORMAL,ZERO,NORMAL,HIGH,NORMAL,False,ZERO,NORMAL,HIGH
NORMAL,NORMAL,LOW,False,False,False,False,False,NORMAL,NORMAL,LOW,LOW,NORMAL,HIGH,ZERO,HIGH,HIGH,NORMAL,False,ZERO,NORMAL,NORMAL
NORMAL,NORMAL,LOW,False,False,False,False,False,NORMAL,NORMAL,LOW,LOW,NORMAL,HIGH,ZERO,HIGH,HIGH,NORMAL,False,ZERO,NORMAL,LOW
LOW,LOW,ZERO,False,False,False,False,False,HIGH,NORMAL,LOW,HIGH,NORMAL,NORMAL,HIGH,LOW,LOW,HIGH,False,HIGH,NORMAL,HIGH
HIGH,NORMAL,LOW,False,False,False,False,False,NORMAL,NORMAL,LOW,LOW,NORMAL,HIGH,ZERO,HIGH,HIGH,NORMAL,False,ZERO,NORMAL,NORMAL
HIGH,NORMAL,LOW,False,False,False,False,False,NORMAL,NORMAL,LOW,LOW,NORMAL,HIGH,ZERO,HIGH,HIGH,NORMAL,False,ZERO,NORMAL,NORMAL
HIGH,NORMAL,ZERO,False,False,False,False,False,NORMAL,NORMAL,LOW,LOW,NORMAL,HIGH,ZERO,HIGH,HIGH,NORMAL,False,ZERO,NORMAL,NORMAL
HIGH,NORMAL,LOW,False,False,False,False,False,NORMAL,NORMAL,LOW,LOW,NORMAL,HIGH,ZERO,HIGH,HIGH,NORMAL,False,ZERO,NORMAL,NORMAL
HIGH,NORMAL,ZERO,False,False,False,False,False,NORMAL,NORMAL,LOW,HIGH,NORMAL,HIGH,HIGH,HIGH,HIGH,NORMAL,False,HIGH,NORMAL,NORMAL
HIGH,NORMAL,LOW,False,False,False,False,False,NORMAL,NORMAL,LOW,LOW,NORMAL,HIGH,ZERO,HIGH,HIGH,NORMAL,False,ZERO,NORMAL,LOW
HIGH,NORMAL,LOW,False,False,False,False,False,NORMAL,NORMAL,LOW,LOW,NORMAL,LOW,ZERO,HIGH,HIGH,NORMAL,False,ZERO,NORMAL,NORMAL
HIGH,NORMAL,LOW,False,False,False,False,False,NORMAL,NORMAL,LOW,LOW,NORMAL,HIGH,ZERO,HIGH,HIGH,NORMAL,False,ZERO,NORMAL,HIGH
HIGH,NORMAL,LOW,False,False,False,False,False,NORMAL,NORMAL,LOW,LOW,NORMAL,HIGH,ZERO,HIGH,HIGH,NORMAL,False,ZERO,NORMAL,HIGH
HIGH,NORMAL,LOW,False,False,True,False,False,HIGH,NORMAL,LOW,LOW,NORMAL,HIGH,ZERO,NORMAL,NORMAL,HIGH,True,ZERO,NORMAL,HIGH
HIGH,NORMAL,LOW,False,False,False,False,False,NORMAL,NORMAL,LOW,LOW,NORMAL,HIGH,ZERO,HIGH,HIGH,NORMAL,False,ZERO,NORMAL,HIGH
HIGH,NORMAL,LOW,False,False,False,False,False,NORMAL,NORMAL,LOW,LOW,NORMAL,HIGH,ZERO,HIGH,HIGH,NORMAL,False,NORMAL,NORMAL,NORMAL
HIGH,NORMAL,LOW,False,False,True,False,False,NORMAL,NORMAL,LOW,LOW,NORMAL,HIGH,ZERO,NORMAL,NORMAL,NORMAL,False,ZERO,NORMAL,NORMAL
HIGH,NORMAL,LOW,False,False,False,False,False,NORMAL,NORMAL,LOW,LOW,NORMAL,HIGH,ZERO,HIGH,HIGH,NORMAL,False,ZERO,NORMAL,NORMAL
HIGH,NORMAL,LOW,False,False,False,True,False,LOW,NORMAL,LOW,LOW,NORMAL,HIGH,ZERO,HIGH,HIGH,LOW,False,ZERO,NORMAL,HIGH
HIGH,NORMAL,LOW,False,False,False,False,False,NORMAL,NORMAL,LOW,LOW,NORMAL,HIGH,ZERO,HIGH,HIGH,NORMAL,False,ZERO,NORMAL,HIGH
HIGH,NORMAL,LOW,False,False,False,False,False,NORMAL,NORMAL,LOW,LOW,NORMAL,NORMAL,ZERO,HIGH,HIGH,NORMAL,False,ZERO,NORMAL,HIGH
HIGH,NORMAL,LOW,False,False,False,True,False,NORMAL,NORMAL,LOW,LOW,NORMAL,HIGH,ZERO,HIGH,HIGH,NORMAL,False,ZERO,NORMAL,LOW
HIGH,NORMAL,LOW,False,False,False,False,False,HIGH,NORMAL,LOW,LOW,NORMAL,LOW,ZERO,HIGH,HIGH,LOW,False,ZERO,NORMAL,LOW
HIGH,NORMAL,LOW,False,False,False,False,False,HIGH,NORMAL,LOW,LOW,NORMAL,HIGH,ZERO,HIGH,HIGH,HIGH,False,LOW,NORMAL,LOW
NORMAL,NORMAL,LOW,False,False,False,False,False,NORMAL,NORMAL,LOW,LOW,NORMAL,HIGH,ZERO,HIGH,HIGH,NORMAL,False,ZERO,NORMAL,NORMAL
HIGH,NORMAL,LOW,False,False,False,False,False,HIGH,ONESIDED,HIGH,LOW,NORMAL,LOW,HIGH,HIGH,HIGH,HIGH,False,LOW,NORMAL,LOW
HIGH,LOW,ZERO,False,False,False,True,False,NORMAL,NORMAL,LOW,HIGH,NORMAL,HIGH,HIGH,HIGH,HIGH,NORMAL,False,HIGH,NORMAL,NORMAL
HIGH,NORMAL,LOW,False,False,False,False,False,HIGH,NORMAL,LOW,LOW,NORMAL,HIGH,ZERO,HIGH,HIGH,HIGH,False,ZERO,NORMAL,LOW
LOW,LOW,ZERO,False,False,False,False,False,LOW,NORMAL,LOW,HIGH,NORMAL,NORMAL,HIGH,LOW,LOW,LOW,False,HIGH,NORMAL,HIGH
LOW,NORMAL,LOW,False,False,False,False,False,NORMAL,NORMAL,LOW,LOW,NORMAL,NORMAL,ZERO,LOW,LOW,LOW,False,ZERO,NORMAL,HIGH
HIGH,LOW,ZERO,False,False,False,False,True,LOW,ESOPHAGEAL,LOW,LOW,NORMAL,LOW,LOW,HIGH,HIGH,LOW,False,NORMAL,NORMAL,LOW
HIGH,NORMAL,LOW,False,False,False,False,False,NORMAL,NORMAL,LOW,LOW,NORMAL,HIGH,ZERO,HIGH,HIGH,NORMAL,False,ZERO,NORMAL,NORMAL
HIGH,LOW,ZERO,False,False,False,False,False,HIGH,NORMAL,LOW,NORMAL,HIGH,HIGH,HIGH,HIGH,HIGH,HIGH,False,HIGH,NORMAL,NORMAL
LOW,ZERO,ZERO,False,False,False,False,False,NORMAL,NORMAL,LOW,LOW,NORMAL,NORMAL,ZERO,LOW,LOW,NORMAL,False,ZERO,NORMAL,NORMAL
HIGH,NORMAL,LOW,False,False,False,False,False,NORMAL,NORMAL,LOW,LOW,NORMAL,HIGH,ZERO,HIGH,HIGH,NORMAL,False,ZERO,NORMAL,LOW
HIGH,NORMAL,LOW,False,False,False,False,False,NORMAL,NORMAL,LOW,LOW,NORMAL,NORMAL,ZERO,HIGH,HIGH,NORMAL,False,LOW,NORMAL,LOW
HIGH,NORMAL,LOW,False,False,False,False,False,NORMAL,NORMAL,LOW,LOW,NORMAL,HIGH,ZERO,HIGH,HIGH,NORMAL,False,ZERO,NORMAL,NORMAL
HIGH,NORMAL,LOW,False,False,False,False,False,NORMAL,NORMAL,LOW,LOW,NORMAL,HIGH,ZERO,NORMAL,HIGH,NORMAL,False,ZERO,HIGH,HIGH
HIGH,NORMAL,LOW,False,False,False,False,False,NORMAL,NORMAL,LOW,LOW,NORMAL,HIGH,ZERO,HIGH,HIGH,NORMAL,False,ZERO,NORMAL,HIGH
HIGH,NORMAL,LOW,False,False,True,False,False,NORMAL,NORMAL,LOW,LOW,NORMAL,HIGH,ZERO,NORMAL,NORMAL,NORMAL,False,ZERO,NORMAL,NORMAL
HIGH,NORMAL,LOW,False,False,False,False,False,NORMAL,NORMAL,LOW,LOW,NORMAL,LOW,ZERO,HIGH,HIGH,NORMAL,False,ZERO,NORMAL,HIGH
HIGH,NORMAL,LOW,False,False,False,False,True,LOW,NORMAL,LOW,LOW,NORMAL,LOW,ZERO,HIGH,HIGH,LOW,False,ZERO,NORMAL,HIGH
HIGH,NORMAL,LOW,False,False,False,False,False,NORMAL,NORMAL,LOW,LOW,NORMAL,HIGH,ZERO,HIGH,HIGH,NORMAL,False,ZERO,NORMAL,LOW
HIGH,HIGH,HIGH,False,False,False,True,False,NORMAL,NORMAL,LOW,HIGH,NORMAL,HIGH,HIGH,HIGH,HIGH,NORMAL,False,HIGH,NORMAL,LOW
LOW,NORMAL,LOW,False,False,False,False,False,NORMAL,NORMAL,LOW,LOW,LOW,NORMAL,ZERO,LOW,LOW,NORMAL,False,ZERO,NORMAL,NORMAL
LOW,NORMAL,LOW,False,False,False,False,False,NORMAL,NORMAL,LOW,LOW,NORMAL,NORMAL,ZERO,LOW,LOW,NORMAL,False,ZERO,NORMAL,HIGH
HIGH,NORMAL,LOW,False,False,False,False,False,NORMAL,NORMAL,LOW,LOW,NORMAL,HIGH,ZERO,HIGH,HIGH,NORMAL,True,ZERO,NORMAL,NORMAL
HIGH,LOW,ZERO,False,False,False,False,False,NORMAL,ESOPHAGEAL,LOW,LOW,NORMAL,HIGH,LOW,HIGH,HIGH,NORMAL,False,LOW,NORMAL,HIGH
HIGH,NORMAL,NORMAL,False,False,False,False,False,HIGH,ONESIDED,LOW,LOW,NORMAL,LOW,NORMAL,HIGH,HIGH,HIGH,False,NORMAL,HIGH,NORMAL
HIGH,ZERO,ZERO,False,False,False,False,False,NORMAL,NORMAL,LOW,HIGH,NORMAL,HIGH,HIGH,HIGH,HIGH,NORMAL,False,HIGH,HIGH,LOW
HIGH,NORMAL,ZERO,False,False,False,False,False,NORMAL,NORMAL,LOW,LOW,NORMAL,LOW,ZERO,HIGH,HIGH,NORMAL,True,ZERO,NORMAL,LOW
HIGH,NORMAL,LOW,False,False,False,True,False,LOW,NORMAL,LOW,NORMAL,NORMAL,LOW,ZERO,HIGH,HIGH,NORMAL,False,ZERO,NORMAL,LOW
HIGH,NORMAL,LOW,False,False,False,False,False,NORMAL,NORMAL,LOW,LOW,NORMAL,LOW,ZERO,HIGH,HIGH,NORMAL,True,ZERO,NORMAL,LOW
HIGH,NORMAL,ZERO,False,False,False,False,False,HIGH,NORMAL,LOW,LOW,LOW,HIGH,ZERO,HIGH,HIGH,HIGH,False,ZERO,NORMAL,HIGH
HIGH,NORMAL,LOW,False,False,False,False,False,HIGH,ESOPHAGEAL,NORMAL,LOW,NORMAL,LOW,ZERO,HIGH,HIGH,HIGH,False,ZERO,NORMAL,LOW
LOW,LOW,ZERO,False,False,False,False,False,NORMAL,NORMAL,HIGH,NORMAL,NORMAL,LOW,HIGH,HIGH,HIGH,NORMAL,False,HIGH,NORMAL,LOW
HIGH,NORMAL,LOW,False,False,False,False,False,NORMAL,NORMAL,LOW,LOW,NORMAL,HIGH,ZERO,HIGH,HIGH,HIGH,False,ZERO,NORMAL,LOW
HIGH,NORMAL,LOW,False,False,False,False,False,NORMAL,ONESIDED,NORMAL,LOW,NORMAL,HIGH,NORMAL,HIGH,HIGH,NORMAL,False,LOW,HIGH,HIGH
HIGH,NORMAL,ZERO,False,False,False,False,False,HIGH,NORMAL,LOW,LOW,NORMAL,HIGH,ZERO,HIGH,HIGH,HIGH,False,ZERO,NORMAL,NORMAL
HIGH,NORMAL,LOW,False,False,False,True,False,NORMAL,NORMAL,LOW,LOW,NORMAL,HIGH,ZERO,HIGH,HIGH,NORMAL,False,ZERO,NORMAL,LOW
NORMAL,ZERO,ZERO,False,False,False,False,False,NORMAL,NORMAL,LOW,HIGH,NORMAL,HIGH,LOW,HIGH,HIGH,NORMAL,False,HIGH,NORMAL,LOW
HIGH,NORMAL,LOW,False,False,False,False,False,NORMAL,NORMAL,LOW,LOW,NORMAL,HIGH,ZERO,HIGH,HIGH,NORMAL,False,ZERO,NORMAL,LOW
HIGH,NORMAL,LOW,False,False,False,False,False,NORMAL,NORMAL,ZERO,HIGH,NORMAL,HIGH,HIGH,HIGH,HIGH,NORMAL,False,HIGH,NORMAL,LOW
HIGH,NORMAL,LOW,False,False,False,False,False,NORMAL,NORMAL,LOW,LOW,NORMAL,HIGH,ZERO,HIGH,HIGH,LOW,False,ZERO,NORMAL,HIGH
HIGH,NORMAL,LOW,False,False,False,False,False,NORMAL,ESOPHAGEAL,LOW,LOW,NORMAL,LOW,LOW,HIGH,HIGH,NORMAL,False,LOW,NORMAL,NORMAL
LOW,NORMAL,LOW,False,False,False,True,False,HIGH,NORMAL,LOW,LOW,NORMAL,NORMAL,ZERO,LOW,HIGH,HIGH,True,ZERO,NORMAL,HIGH
HIGH,HIGH,HIGH,False,False,False,False,False,NORMAL,NORMAL,LOW,HIGH,NORMAL,HIGH,HIGH,HIGH,HIGH,LOW,False,HIGH,NORMAL,NORMAL
HIGH,NORMAL,LOW,False,False,False,False,False,NORMAL,NORMAL,LOW,HIGH,NORMAL,HIGH,HIGH,HIGH,HIGH,NORMAL,False,HIGH,NORMAL,NORMAL
HIGH,NORMAL,LOW,False,False,False,False,False,NORMAL,NORMAL,LOW,LOW,NORMAL,HIGH,ZERO,HIGH,HIGH,NORMAL,False,ZERO,NORMAL,HIGH
HIGH,NORMAL,LOW,False,False,False,False,False,HIGH,ESOPHAGEAL,NORMAL,LOW,NORMAL,HIGH,ZERO,HIGH,HIGH,HIGH,False,ZERO,NORMAL,HIGH
HIGH,NORMAL,ZERO,False,False,True,True,False,HIGH,NORMAL,LOW,LOW,NORMAL,LOW,ZERO,NORMAL,NORMAL,HIGH,False,ZERO,NORMAL,NORMAL
HIGH,NORMAL,LOW,False,False,False,False,False,NORMAL,NORMAL,NORMAL,LOW,NORMAL,HIGH,LOW,HIGH,HIGH,NORMAL,True,NORMAL,NORMAL,LOW
NORMAL,NORMAL,LOW,False,False,False,False,False,NORMAL,NORMAL,LOW,LOW,NORMAL,HIGH,ZERO,HIGH,HIGH,NORMAL,False,ZERO,NORMAL,NORMAL
HIGH,NORMAL,LOW,False,False,False,False,False,NORMAL,NORMAL,LOW,LOW,NORMAL,HIGH,ZERO,HIGH,HIGH,NORMAL,True,ZERO,NORMAL,NORMAL
HIGH,NORMAL,LOW,False,False,True,False,False,NORMAL,NORMAL,LOW,LOW,NORMAL,HIGH,ZERO,NORMAL,NORMAL,NORMAL,True,ZERO,NORMAL,NORMAL
HIGH,NORMAL,LOW,False,False,False,False,False,NORMAL,NORMAL,LOW,LOW,NORMAL,HIGH,ZERO,HIGH,HIGH,NORMAL,False,ZERO,NORMAL,LOW
NORMAL,NORMAL,LOW,False,False,False,False,False,NORMAL,NORMAL,LOW,LOW,NORMAL,HIGH,ZERO,HIGH,LOW,NORMAL,False,ZERO,NORMAL,HIGH
HIGH,LOW,ZERO,False,False,False,False,False,NORMAL,NORMAL,ZERO,LOW,NORMAL,HIGH,ZERO,HIGH,HIGH,NORMAL,False,ZERO,NORMAL,NORMAL
LOW,LOW,ZERO,False,False,False,True,False,NORMAL,NORMAL,LOW,HIGH,NORMAL,NORMAL,HIGH,LOW,LOW,NORMAL,False,HIGH,NORMAL,HIGH
HIGH,LOW,NORMAL,False,False,False,False,False,NORMAL,NORMAL,HIGH,LOW,HIGH,HIGH,LOW,HIGH,HIGH,NORMAL,False,LOW,NORMAL,NORMAL
HIGH,NORMAL,LOW,False,False,False,False,False,NORMAL,NORMAL,LOW,LOW,LOW,NORMAL,ZERO,HIGH,HIGH,NORMAL,False,ZERO,NORMAL,HIGH
HIGH,NORMAL,LOW,False,False,False,False,False,NORMAL,NORMAL,LOW,LOW,NORMAL,HIGH,ZERO,HIGH,HIGH,NORMAL,False,ZERO,NORMAL,NORMAL
HIGH,HIGH,HIGH,False,False,False,False,False,NORMAL,NORMAL,LOW,HIGH,NORMAL,LOW,HIGH,HIGH,HIGH,NORMAL,False,HIGH,NORMAL,LOW
NORMAL,HIGH,HIGH,False,False,False,False,True,LOW,NORMAL,NORMAL,LOW,NORMAL,LOW,HIGH,HIGH,HIGH,NORMAL,False,LOW,NORMAL,NORMAL
NORMAL,NORMAL,LOW,False,False,False,False,False,HIGH,NORMAL,LOW,LOW,NORMAL,HIGH,ZERO,HIGH,HIGH,HIGH,False,ZERO,NORMAL,NORMAL
HIGH,NORMAL,LOW,False,False,False,False,False,HIGH,NORMAL,ZERO,LOW,NORMAL,LOW,ZERO,HIGH,HIGH,HIGH,False,ZERO,NORMAL,NORMAL
HIGH,NORMAL,LOW,False,False,True,False,False,NORMAL,NORMAL,LOW,LOW,NORMAL,HIGH,ZERO,NORMAL,NORMAL,HIGH,False,ZERO,NORMAL,HIGH
HIGH,NORMAL,LOW,False,False,False,False,False,NORMAL,NORMAL,LOW,LOW,LOW,HIGH,ZERO,HIGH,HIGH,NORMAL,False,ZERO,NORMAL,LOW
LOW,NORMAL,LOW,False,False,False,False,False,NORMAL,NORMAL,LOW,LOW,NORMAL,LOW,ZERO,LOW,LOW,NORMAL,False,ZERO,NORMAL,LOW
HIGH,NORMAL,LOW,False,False,False,False,False,NORMAL,NORMAL,LOW,LOW,NORMAL,LOW,ZERO,HIGH,HIGH,NORMAL,False,ZERO,NORMAL,LOW
HIGH,NORMAL,LOW,False,False,False,False,False,NORMAL,NORMAL,LOW,LOW,NORMAL,HIGH,ZERO,HIGH,HIGH,NORMAL,False,ZERO,NORMAL,LOW
LOW,ZERO,ZERO,False,False,False,False,False,NORMAL,NORMAL,LOW,LOW,NORMAL,NORMAL,ZERO,LOW,LOW,NORMAL,False,ZERO,NORMAL,LOW
LOW,NORMAL,HIGH,False,False,False,False,False,NORMAL,NORMAL,LOW,HIGH,NORMAL,HIGH,HIGH,HIGH,HIGH,NORMAL,False,HIGH,HIGH,LOW
HIGH,ZERO,ZERO,False,False,False,False,False,LOW,ESOPHAGEAL,LOW,LOW,NORMAL,HIGH,LOW,HIGH,HIGH,LOW,False,LOW,NORMAL,HIGH
HIGH,NORMAL,LOW,False,False,False,False,False,NORMAL,ONESIDED,NORMAL,LOW,NORMAL,HIGH,ZERO,HIGH,HIGH,NORMAL,False,LOW,HIGH,HIGH
LOW,NORMAL,LOW,False,False,False,False,False,NORMAL,NORMAL,LOW,LOW,NORMAL,NORMAL,ZERO,LOW,LOW,NORMAL,False,ZERO,NORMAL,HIGH
HIGH,NORMAL,LOW,False,False,False,False,False,NORMAL,NORMAL,LOW,LOW,NORMAL,LOW,ZERO,HIGH,HIGH,LOW,False,ZERO,NORMAL,LOW
LOW,NORMAL,LOW,False,False,False,False,False,NORMAL,ESOPHAGEAL,ZERO,LOW,NORMAL,NORMAL,ZERO,LOW,LOW,NORMAL,False,ZERO,HIGH,HIGH
HIGH,NORMAL,LOW,False,False,False,False,False,NORMAL,NORMAL,LOW,LOW,NORMAL,HIGH,ZERO,HIGH,HIGH,NORMAL,False,LOW,NORMAL,LOW
LOW,HIGH,HIGH,False,False,True,False,False,NORMAL,NORMAL,LOW,HIGH,NORMAL,NORMAL,HIGH,NORMAL,HIGH,NORMAL,False,HIGH,NORMAL,HIGH
HIGH,NORMAL,ZERO,False,False,True,False,False,NORMAL,NORMAL,LOW,HIGH,NORMAL,HIGH,HIGH,NORMAL,NORMAL,NORMAL,False,HIGH,NORMAL,NORMAL
LOW,NORMAL,LOW,False,False,True,False,False,LOW,NORMAL,LOW,LOW,NORMAL,NORMAL,ZERO,NORMAL,LOW,HIGH,True,ZERO,NORMAL,NORMAL
HIGH,LOW,ZERO,False,False,True,False,False,NORMAL,NORMAL,LOW,LOW,NORMAL,HIGH,ZERO,NORMAL,NORMAL,NORMAL,True,ZERO,NORMAL,LOW
HIGH,NORMAL,ZERO,False,False,False,False,False,NORMAL,NORMAL,LOW,HIGH,NORMAL,HIGH,HIGH,HIGH,HIGH,NORMAL,False,HIGH,NORMAL,NORMAL
HIGH,NORMAL,LOW,False,False,False,False,False,HIGH,NORMAL,LOW,LOW,NORMAL,NORMAL,ZERO,HIGH,HIGH,HIGH,False,ZERO,NORMAL,HIGH
HIGH,ZERO,ZERO,False,False,False,True,False,HIGH,ESOPHAGEAL,LOW,LOW,NORMAL,HIGH,LOW,HIGH,HIGH,HIGH,False,LOW,NORMAL,LOW
HIGH,NORMAL,LOW,False,False,True,False,False,NORMAL,NORMAL,LOW,LOW,NORMAL,HIGH,ZERO,NORMAL,NORMAL,NORMAL,False,ZERO,NORMAL,HIGH
HIGH,NORMAL,LOW,False,False,False,False,False,NORMAL,NORMAL,LOW,LOW,NORMAL,LOW,ZERO,HIGH,HIGH,NORMAL,False,ZERO,NORMAL,HIGH
HIGH,NORMAL,LOW,False,False,False,False,False,NORMAL,NORMAL,LOW,LOW,NORMAL,HIGH,ZERO,HIGH,HIGH,NORMAL,False,ZERO,NORMAL,NORMAL
HIGH,NORMAL,LOW,False,True,False,False,False,NORMAL,NORMAL,LOW,LOW,HIGH,HIGH,ZERO,HIGH,HIGH,NORMAL,False,ZERO,HIGH,LOW
HIGH,NORMAL,LOW,False,False,False,False,False,NORMAL,NORMAL,LOW,LOW,NORMAL,HIGH,ZERO,HIGH,HIGH,NORMAL,False,ZERO,NORMAL,LOW
HIGH,NORMAL,LOW,False,False,False,False,False,NORMAL,NORMAL,LOW,LOW,NORMAL,HIGH,ZERO,HIGH,HIGH,NORMAL,False,ZERO,NORMAL,LOW
HIGH,NORMAL,LOW,False,False,False,False,False,NORMAL,ONESIDED,LOW,LOW,NORMAL,HIGH,NORMAL,HIGH,HIGH,NORMAL,False,NORMAL,HIGH,NORMAL
HIGH,HIGH,HIGH,False,False,False,False,False,NORMAL,ONESIDED,HIGH,LOW,NORMAL,HIGH,ZERO,LOW,HIGH,NORMAL,False,LOW,NORMAL,HIGH
HIGH,NORMAL,LOW,False,False,False,False,False,NORMAL,NORMAL,LOW,LOW,NORMAL,HIGH,ZERO,HIGH,HIGH,NORMAL,False,ZERO,NORMAL,NORMAL
HIGH,NORMAL,ZERO,False,False,False,False,False,NORMAL,NORMAL,LOW,LOW,NORMAL,HIGH,ZERO,HIGH,HIGH,NORMAL,False,ZERO,NORMAL,HIGH
HIGH,NORMAL,ZERO,False,False,False,False,False,NORMAL,NORMAL,LOW,HIGH,NORMAL,HIGH,HIGH,HIGH,HIGH,NORMAL,False,HIGH,NORMAL,LOW
HIGH,NORMAL,ZERO,False,False,False,False,True,LOW,NORMAL,LOW,LOW,HIGH,LOW,ZERO,HIGH,HIGH,LOW,False,ZERO,NORMAL,NORMAL
HIGH,NORMAL,LOW,False,False,False,False,False,NORMAL,NORMAL,ZERO,HIGH,NORMAL,HIGH,ZERO,HIGH,HIGH,NORMAL,False,HIGH,NORMAL,NORMAL
HIGH,NORMAL,LOW,False,False,False,False,False,HIGH,NORMAL,LOW,LOW,NORMAL,LOW,ZERO,HIGH,HIGH,HIGH,False,ZERO,NORMAL,NORMAL
LOW,NORMAL,LOW,False,False,False,False,False,HIGH,NORMAL,NORMAL,LOW,NORMAL,NORMAL,ZERO,LOW,LOW,HIGH,False,ZERO,NORMAL,NORMAL
NORMAL,NORMAL,LOW,False,False,False,False,False,HIGH,NORMAL,LOW,LOW,NORMAL,HIGH,ZERO,HIGH,HIGH,HIGH,False,ZERO,NORMAL,HIGH
HIGH,NORMAL,LOW,False,False,True,False,False,NORMAL,NORMAL,LOW,LOW,NORMAL,HIGH,ZERO,NORMAL,NORMAL,NORMAL,False,ZERO,NORMAL,LOW
LOW,NORMAL,LOW,False,False,False,False,False,NORMAL,NORMAL,LOW,LOW,NORMAL,LOW,ZERO,LOW,LOW,NORMAL,False,ZERO,NORMAL,LOW
HIGH,NORMAL,LOW,False,False,False,False,False,NORMAL,NORMAL,LOW,LOW,NORMAL,HIGH,ZERO,HIGH,LOW,NORMAL,False,ZERO,NORMAL,NORMAL
HIGH,NORMAL,LOW,False,False,False,False,False,NORMAL,NORMAL,LOW,LOW,NORMAL,HIGH,ZERO,HIGH,HIGH,NORMAL,False,ZERO,NORMAL,LOW
LOW,NORMAL,LOW,False,False,False,False,False,HIGH,NORMAL,LOW,LOW,NORMAL,LOW,ZERO,LOW,HIGH,HIGH,False,ZERO,NORMAL,HIGH
HIGH,HIGH,HIGH,False,False,False,False,False,NORMAL,NORMAL,LOW,NORMAL,NORMAL,HIGH,HIGH,HIGH,HIGH,NORMAL,False,HIGH,NORMAL,NORMAL
HIGH,NORMAL,LOW,False,False,False,False,False,HIGH,NORMAL,LOW,LOW,NORMAL,HIGH,ZERO,HIGH,HIGH,HIGH,False,ZERO,NORMAL,LOW
HIGH,NORMAL,LOW,False,False,False,False,False,NORMAL,NORMAL,LOW,LOW,NORMAL,HIGH,ZERO,HIGH,HIGH,NORMAL,False,ZERO,NORMAL,NORMAL
HIGH,NORMAL,LOW,False,False,False,False,False,NORMAL,NORMAL,LOW,LOW,NORMAL,HIGH,ZERO,HIGH,HIGH,NORMAL,False,ZERO,NORMAL,LOW
HIGH,NORMAL,LOW,False,False,False,False,False,NORMAL,NORMAL,LOW,LOW,NORMAL,HIGH,ZERO,HIGH,HIGH,NORMAL,False,ZERO,NORMAL,LOW
HIGH,NORMAL,LOW,False,False,True,False,False,LOW,NORMAL,LOW,LOW,NORMAL,HIGH,ZERO,NORMAL,HIGH,LOW,False,ZERO,NORMAL,NORMAL
LOW,NORMAL,LOW,False,False,False,False,False,HIGH,NORMAL,LOW,HIGH,NORMAL,LOW,HIGH,LOW,LOW,HIGH,False,HIGH,NORMAL,HIGH
LOW,NORMAL,LOW,False,False,False,False,False,NORMAL,NORMAL,LOW,LOW,NORMAL,NORMAL,NORMAL,LOW,LOW,NORMAL,False,ZERO,NORMAL,LOW
HIGH,NORMAL,ZERO,False,False,True,False,False,HIGH,NORMAL,LOW,HIGH,NORMAL,HIGH,HIGH,NORMAL,NORMAL,HIGH,False,HIGH,NORMAL,LOW
HIGH,NORMAL,LOW,False,False,False,False,False,NORMAL,NORMAL,LOW,LOW,NORMAL,HIGH,ZERO,HIGH,HIGH,NORMAL,False,ZERO,NORMAL,LOW
HIGH,NORMAL,LOW,False,False,False,False,False,NORMAL,NORMAL,LOW,LOW,NORMAL,HIGH,ZERO,HIGH,HIGH,NORMAL,False,ZERO,NORMAL,LOW
LOW,NORMAL,LOW,False,False,False,False,False,NORMAL,ESOPHAGEAL,LOW,LOW,NORMAL,NORMAL,LOW,LOW,LOW,NORMAL,False,LOW,NORMAL,HIGH
HIGH,NORMAL,ZERO,False,False,False,False,False,LOW,NORMAL,LOW,HIGH,HIGH,HIGH,HIGH,HIGH,HIGH,LOW,False,HIGH,NORMAL,NORMAL
LOW,NORMAL,ZERO,False,False,False,False,False,NORMAL,NORMAL,LOW,HIGH,NORMAL,NORMAL,HIGH,LOW,LOW,NORMAL,False,HIGH,NORMAL,HIGH
HIGH,NORMAL,LOW,False,False,False,False,True,LOW,NORMAL,LOW,LOW,NORMAL,LOW,ZERO,HIGH,HIGH,LOW,False,ZERO,NORMAL,LOW
HIGH,ZERO,ZERO,False,False,False,False,False,NORMAL,NORMAL,ZERO,HIGH,NORMAL,HIGH,HIGH,HIGH,HIGH,NORMAL,False,HIGH,NORMAL,NORMAL
HIGH,NORMAL,LOW,False,False,False,False,True,LOW,NORMAL,ZERO,LOW,NORMAL,LOW,ZERO,HIGH,HIGH,LOW,False,ZERO,NORMAL,NORMAL
HIGH,NORMAL,ZERO,False,False,False,False,False,NORMAL,NORMAL,LOW,HIGH,NORMAL,HIGH,HIGH,HIGH,HIGH,NORMAL,False,HIGH,NORMAL,LOW
LOW,NORMAL,ZERO,False,False,False,False,False,NORMAL,NORMAL,LOW,HIGH,NORMAL,NORMAL,HIGH,LOW,LOW,NORMAL,False,HIGH,NORMAL,HIGH
HIGH,NORMAL,ZERO,False,False,False,False,False,NORMAL,NORMAL,LOW,HIGH,NORMAL,HIGH,HIGH,HIGH,HIGH,NORMAL,False,HIGH,HIGH,HIGH
HIGH,NORMAL,LOW,False,False,True,False,False,NORMAL,NORMAL,LOW,LOW,NORMAL,HIGH,ZERO,NORMAL,NORMAL,NORMAL,False,ZERO,NORMAL,LOW
HIGH,NORMAL,LOW,False,False,False,False,False,NORMAL,NORMAL,LOW,LOW,NORMAL,HIGH,ZERO,HIGH,HIGH,NORMAL,False,ZERO,NORMAL,LOW
NORMAL,NORMAL,LOW,False,False,True,True,False,HIGH,NORMAL,LOW,NORMAL,NORMAL,HIGH,HIGH,NORMAL,NORMAL,HIGH,False,HIGH,NORMAL,LOW
HIGH,NORMAL,LOW,False,False,False,False,False,NORMAL,NORMAL,LOW,LOW,NORMAL,HIGH,ZERO,HIGH,HIGH,LOW,False,ZERO,NORMAL,HIGH
HIGH,NORMAL,HIGH,False,False,True,False,False,NORMAL,NORMAL,LOW,HIGH,NORMAL,LOW,HIGH,NORMAL,NORMAL,NORMAL,False,HIGH,NORMAL,NORMAL
LOW,NORMAL,LOW,False,True,False,False,False,NORMAL,NORMAL,ZERO,HIGH,HIGH,NORMAL,ZERO,LOW,LOW,NORMAL,False,NORMAL,HIGH,NORMAL
LOW,NORMAL,LOW,False,False,False,False,False,NORMAL,NORMAL,LOW,LOW,NORMAL,NORMAL,ZERO,LOW,LOW,NORMAL,False,ZERO,NORMAL,NORMAL
NORMAL,NORMAL,LOW,False,False,False,False,False,HIGH,NORMAL,LOW,LOW,NORMAL,HIGH,ZERO,HIGH,HIGH,HIGH,True,ZERO,NORMAL,LOW
HIGH,NORMAL,LOW,False,False,False,False,False,NORMAL,NORMAL,HIGH,LOW,NORMAL,HIGH,ZERO,HIGH,HIGH,NORMAL,True,ZERO,NORMAL,NORMAL
HIGH,NORMAL,LOW,False,False,True,False,False,NORMAL,NORMAL,LOW,LOW,NORMAL,HIGH,NORMAL,NORMAL,NORMAL,NORMAL,False,ZERO,NORMAL,NORMAL
HIGH,NORMAL,LOW,False,False,False,False,False,NORMAL,NORMAL,LOW,LOW,NORMAL,HIGH,ZERO,HIGH,HIGH,NORMAL,False,ZERO,NORMAL,NORMAL
HIGH,NORMAL,LOW,False,False,False,False,True,LOW,NORMAL,LOW,LOW,NORMAL,HIGH,ZERO,HIGH,HIGH,LOW,False,ZERO,NORMAL,LOW
HIGH,NORMAL,LOW,False,False,False,False,False,HIGH,NORMAL,ZERO,LOW,NORMAL,LOW,ZERO,HIGH,HIGH,HIGH,False,ZERO,NORMAL,LOW
HIGH,LOW,ZERO,False,False,False,False,False,NORMAL,NORMAL,LOW,HIGH,NORMAL,HIGH,HIGH,HIGH,HIGH,NORMAL,False,HIGH,NORMAL,NORMAL
HIGH,NORMAL,LOW,False,False,False,False,False,HIGH,NORMAL,LOW,LOW,NORMAL,NORMAL,ZERO,HIGH,NORMAL,HIGH,False,ZERO,NORMAL,NORMAL
LOW,NORMAL,LOW,False,True,False,False,False,NORMAL,NORMAL,LOW,LOW,HIGH,NORMAL,ZERO,LOW,LOW,NORMAL,False,ZERO,HIGH,LOW
HIGH,NORMAL,LOW,False,False,False,False,False,NORMAL,NORMAL,LOW,LOW,NORMAL,HIGH,ZERO,HIGH,HIGH,NORMAL,False,ZERO,NORMAL,NORMAL
HIGH,LOW,ZERO,False,False,False,False,False,NORMAL,NORMAL,LOW,NORMAL,NORMAL,HIGH,HIGH,HIGH,HIGH,NORMAL,False,HIGH,NORMAL,NORMAL
LOW,NORMAL,LOW,False,False,False,False,False,NORMAL,NORMAL,LOW,LOW,NORMAL,NORMAL,ZERO,LOW,LOW,NORMAL,False,ZERO,NORMAL,LOW
LOW,NORMAL,LOW,False,False,False,False,False,NORMAL,NORMAL,LOW,LOW,NORMAL,NORMAL,ZERO,LOW,LOW,NORMAL,False,ZERO,NORMAL,NORMAL
HIGH,NORMAL,ZERO,False,False,True,False,False,NORMAL,NORMAL,LOW,LOW,NORMAL,HIGH,LOW,NORMAL,NORMAL,NORMAL,True,ZERO,NORMAL,LOW
LOW,LOW,ZERO,False,False,False,False,False,HIGH,NORMAL,LOW,HIGH,NORMAL,NORMAL,HIGH,LOW,LOW,HIGH,False,HIGH,NORMAL,HIGH
HIGH,NORMAL,LOW,False,False,True,False,False,NORMAL,NORMAL,LOW,LOW,NORMAL,HIGH,ZERO,NORMAL,NORMAL,NORMAL,False,ZERO,NORMAL,LOW
HIGH,LOW,ZERO,False,False,False,False,False,HIGH,NORMAL,LOW,HIGH,NORMAL,HIGH,HIGH,HIGH,HIGH,HIGH,False,HIGH,NORMAL,NORMAL
HIGH,NORMAL,LOW,False,False,False,False,False,LOW,NORMAL,LOW,LOW,NORMAL,HIGH,ZERO,HIGH,HIGH,LOW,False,ZERO,NORMAL,NORMAL
HIGH,NORMAL,LOW,False,False,False,False,False,NORMAL,NORMAL,LOW,LOW,NORMAL,LOW,ZERO,HIGH,HIGH,NORMAL,False,ZERO,NORMAL,HIGH
HIGH,NORMAL,LOW,False,False,False,False,False,NORMAL,NORMAL,LOW,LOW,NORMAL,HIGH,ZERO,HIGH,HIGH,NORMAL,False,ZERO,NORMAL,LOW
LOW,LOW,ZERO,False,False,False,True,False,NORMAL,NORMAL,LOW,HIGH,NORMAL,NORMAL,HIGH,LOW,LOW,NORMAL,False,HIGH,NORMAL,HIGH
LOW,NORMAL,LOW,False,False,False,False,False,NORMAL,ESOPHAGEAL,NORMAL,LOW,NORMAL,NORMAL,ZERO,LOW,LOW,NORMAL,False,ZERO,NORMAL,HIGH
HIGH,NORMAL,LOW,False,False,False,False,False,HIGH,NORMAL,LOW,LOW,LOW,LOW,ZERO,HIGH,HIGH,HIGH,True,ZERO,NORMAL,LOW
HIGH,NORMAL,ZERO,False,False,False,False,False,NORMAL,NORMAL,LOW,HIGH,NORMAL,HIGH,HIGH,HIGH,HIGH,NORMAL,False,HIGH,NORMAL,LOW
NORMAL,ZERO,ZERO,False,False,False,False,False,HIGH,NORMAL,LOW,HIGH,NORMAL,HIGH,HIGH,HIGH,HIGH,HIGH,False,HIGH,NORMAL,LOW
HIGH,ZERO,ZERO,False,False,False,False,False,NORMAL,NORMAL,ZERO,HIGH,HIGH,LOW,HIGH,HIGH,HIGH,HIGH,False,HIGH,NORMAL,NORMAL
HIGH,NORMAL,LOW,False,False,False,False,False,NORMAL,ESOPHAGEAL,LOW,LOW,NORMAL,HIGH,LOW,HIGH,HIGH,NORMAL,False,LOW,NORMAL,NORMAL
HIGH,ZERO,ZERO,False,False,True,False,True,LOW,NORMAL,LOW,LOW,NORMAL,LOW,ZERO,NORMAL,NORMAL,LOW,False,ZERO,NORMAL,NORMAL
LOW,NORMAL,LOW,False,False,False,False,False,NORMAL,NORMAL,LOW,LOW,NORMAL,NORMAL,ZERO,LOW,LOW,NORMAL,False,ZERO,NORMAL,HIGH
HIGH,LOW,ZERO,False,False,False,False,False,NORMAL,NORMAL,LOW,LOW,NORMAL,HIGH,ZERO,HIGH,HIGH,NORMAL,False,ZERO,NORMAL,NORMAL
LOW,NORMAL,LOW,False,False,True,False,False,NORMAL,NORMAL,LOW,LOW,NORMAL,NORMAL,ZERO,LOW,NORMAL,NORMAL,False,ZERO,NORMAL,HIGH
HIGH,NORMAL,LOW,False,False,False,True,False,NORMAL,NORMAL,LOW,LOW,NORMAL,HIGH,ZERO,HIGH,HIGH,NORMAL,False,ZERO,NORMAL,NORMAL
HIGH,LOW,ZERO,False,False,False,False,False,NORMAL,NORMAL,LOW,LOW,NORMAL,HIGH,ZERO,HIGH,HIGH,NORMAL,False,ZERO,NORMAL,NORMAL
HIGH,NORMAL,LOW,False,False,False,False,False,NORMAL,NORMAL,LOW,LOW,NORMAL,HIGH,ZERO,HIGH,HIGH,NORMAL,False,ZERO,NORMAL,LOW
HIGH,NORMAL,LOW,False,False,False,False,False,NORMAL,NORMAL,LOW,LOW,NORMAL,HIGH,ZERO,HIGH,HIGH,NORMAL,False,ZERO,NORMAL,NORMAL
HIGH,NORMAL,LOW,False,False,False,False,False,NORMAL,NORMAL,LOW,HIGH,NORMAL,HIGH,ZERO,HIGH,HIGH,NORMAL,False,HIGH,NORMAL,NORMAL
HIGH,NORMAL,LOW,False,False,False,False,False,NORMAL,NORMAL,LOW,LOW,NORMAL,HIGH,ZERO,LOW,HIGH,NORMAL,False,ZERO,NORMAL,NORMAL
HIGH,NORMAL,LOW,False,False,False,False,False,NORMAL,ONESIDED,NORMAL,LOW,NORMAL,HIGH,ZERO,HIGH,HIGH,NORMAL,False,LOW,HIGH,NORMAL
HIGH,NORMAL,LOW,False,False,False,False,True,LOW,NORMAL,LOW,LOW,NORMAL,LOW,ZERO,HIGH,HIGH,LOW,False,ZERO,NORMAL,NORMAL
LOW,NORMAL,LOW,False,False,False,True,False,NORMAL,NORMAL,LOW,LOW,NORMAL,HIGH,ZERO,HIGH,HIGH,LOW,False,ZERO,NORMAL,NORMAL
HIGH,NORMAL,LOW,False,False,False,False,False,NORMAL,NORMAL,LOW,LOW,NORMAL,HIGH,ZERO,HIGH,HIGH,NORMAL,False,ZERO,NORMAL,HIGH
HIGH,NORMAL,LOW,False,False,False,False,False,NORMAL,NORMAL,LOW,LOW,NORMAL,HIGH,ZERO,HIGH,HIGH,NORMAL,False,ZERO,NORMAL,HIGH
HIGH,NORMAL,LOW,False,False,False,False,False,HIGH,NORMAL,LOW,LOW,NORMAL,HIGH,ZERO,HIGH,HIGH,HIGH,True,ZERO,NORMAL,NORMAL
NORMAL,NORMAL,LOW,False,False,False,False,False,NORMAL,NORMAL,LOW,LOW,NORMAL,LOW,ZERO,NORMAL,NORMAL,NORMAL,False,ZERO,NORMAL,NORMAL
HIGH,NORMAL,LOW,False,False,False,False,False,HIGH,NORMAL,LOW,LOW,HIGH,HIGH,ZERO,HIGH,HIGH,HIGH,False,ZERO,NORMAL,HIGH
HIGH,NORMAL,LOW,False,False,False,True,False,NORMAL,NORMAL,LOW,LOW,NORMAL,HIGH,ZERO,HIGH,HIGH,NORMAL,True,ZERO,NORMAL,HIGH
HIGH,NORMAL,LOW,True,False,False,False,False,NORMAL,NORMAL,LOW,LOW,NORMAL,HIGH,NORMAL,HIGH,HIGH,NORMAL,False,ZERO,NORMAL,LOW
HIGH,NORMAL,LOW,False,False,False,False,False,NORMAL,NORMAL,ZERO,NORMAL,NORMAL,HIGH,ZERO,HIGH,HIGH,NORMAL,False,HIGH,NORMAL,LOW
HIGH,NORMAL,LOW,False,False,False,False,False,NORMAL,NORMAL,LOW,LOW,NORMAL,HIGH,ZERO,HIGH,HIGH,NORMAL,False,ZERO,NORMAL,NORMAL
HIGH,NORMAL,LOW,False,False,False,False,False,NORMAL,NORMAL,LOW,LOW,NORMAL,HIGH,ZERO,HIGH,HIGH,NORMAL,False,ZERO,NORMAL,LOW
NORMAL,NORMAL,LOW,False,False,False,False,False,HIGH,NORMAL,LOW,LOW,NORMAL,HIGH,ZERO,HIGH,HIGH,HIGH,False,ZERO,NORMAL,NORMAL
HIGH,NORMAL,LOW,False,False,False,False,False,NORMAL,NORMAL,LOW,LOW,NORMAL,HIGH,ZERO,HIGH,HIGH,NORMAL,False,ZERO,NORMAL,LOW
LOW,NORMAL,LOW,False,False,False,False,False,NORMAL,NORMAL,LOW,LOW,NORMAL,NORMAL,ZERO,LOW,LOW,NORMAL,False,ZERO,NORMAL,NORMAL
LOW,NORMAL,LOW,False,False,False,False,False,NORMAL,NORMAL,LOW,LOW,NORMAL,NORMAL,ZERO,LOW,LOW,NORMAL,False,ZERO,NORMAL,NORMAL
NORMAL,HIGH,HIGH,False,False,False,False,False,NORMAL,NORMAL,LOW,HIGH,NORMAL,HIGH,HIGH,HIGH,HIGH,NORMAL,False,HIGH,NORMAL,NORMAL
LOW,NORMAL,LOW,False,False,False,False,False,NORMAL,NORMAL,LOW,LOW,NORMAL,NORMAL,ZERO,LOW,LOW,NORMAL,True,NORMAL,NORMAL,HIGH
NORMAL,NORMAL,LOW,False,False,False,False,False,NORMAL,ESOPHAGEAL,LOW,LOW,HIGH,HIGH,LOW,HIGH,HIGH,HIGH,False,LOW,NORMAL,HIGH
HIGH,NORMAL,LOW,False,False,True,False,False,HIGH,NORMAL,LOW,LOW,NORMAL,HIGH,ZERO,NORMAL,NORMAL,HIGH,False,ZERO,NORMAL,HIGH
HIGH,NORMAL,LOW,False,False,False,False,False,NORMAL,NORMAL,LOW,LOW,HIGH,HIGH,ZERO,HIGH,LOW,NORMAL,False,ZERO,NORMAL,NORMAL
NORMAL,HIGH,HIGH,False,False,False,False,False,NORMAL,NORMAL,LOW,HIGH,NORMAL,HIGH,HIGH,HIGH,HIGH,NORMAL,False,HIGH,NORMAL,NORMAL
HIGH,NORMAL,LOW,False,False,False,False,False,HIGH,NORMAL,LOW,LOW,NORMAL,HIGH,ZERO,HIGH,HIGH,HIGH,False,ZERO,NORMAL,LOW
LOW,NORMAL,LOW,False,False,False,False,False,NORMAL,NORMAL,ZERO,HIGH,NORMAL,NORMAL,ZERO,LOW,LOW,NORMAL,False,HIGH,NORMAL,HIGH
HIGH,NORMAL,LOW,False,False,False,False,False,NORMAL,NORMAL,NORMAL,LOW,NORMAL,HIGH,LOW,HIGH,HIGH,LOW,False,NORMAL,NORMAL,LOW
LOW,HIGH,HIGH,False,False,False,False,False,HIGH,NORMAL,LOW,HIGH,NORMAL,LOW,HIGH,LOW,NORMAL,HIGH,False,HIGH,NORMAL,HIGH
HIGH,NORMAL,ZERO,False,False,True,False,False,NORMAL,NORMAL,LOW,HIGH,NORMAL,HIGH,HIGH,NORMAL,NORMAL,NORMAL,False,HIGH,NORMAL,NORMAL
LOW,ZERO,ZERO,False,False,False,False,False,NORMAL,NORMAL,LOW,LOW,NORMAL,NORMAL,ZERO,LOW,LOW,NORMAL,False,ZERO,NORMAL,HIGH
HIGH,NORMAL,LOW,False,False,False,False,False,NORMAL,NORMAL,LOW,LOW,NORMAL,HIGH,ZERO,HIGH,HIGH,NORMAL,False,ZERO,NORMAL,HIGH
HIGH,HIGH,HIGH,False,False,False,False,False,NORMAL,NORMAL,LOW,LOW,NORMAL,NORMAL,ZERO,HIGH,HIGH,NORMAL,True,ZERO,NORMAL,LOW
HIGH,NORMAL,LOW,False,False,False,False,False,NORMAL,NORMAL,LOW,LOW,NORMAL,HIGH,ZERO,HIGH,HIGH,NORMAL,False,ZERO,NORMAL,HIGH
HIGH,NORMAL,LOW,False,False,False,False,False,NORMAL,NORMAL,LOW,NORMAL,NORMAL,HIGH,ZERO,HIGH,HIGH,NORMAL,False,ZERO,NORMAL,LOW
HIGH,NORMAL,LOW,False,False,False,False,False,NORMAL,ONESIDED,NORMAL,LOW,NORMAL,LOW,ZERO,HIGH,HIGH,NORMAL,False,LOW,HIGH,HIGH
HIGH,HIGH,HIGH,False,False,False,True,False,NORMAL,NORMAL,LOW,HIGH,HIGH,HIGH,HIGH,HIGH,HIGH,NORMAL,False,HIGH,NORMAL,NORMAL
HIGH,NORMAL,LOW,False,False,False,False,False,NORMAL,NORMAL,LOW,LOW,NORMAL,HIGH,ZERO,HIGH,HIGH,NORMAL,False,ZERO,NORMAL,NORMAL
HIGH,NORMAL,LOW,False,False,False,True,False,HIGH,NORMAL,LOW,LOW,NORMAL,LOW,ZERO,HIGH,HIGH,HIGH,False,ZERO,NORMAL,LOW
HIGH,NORMAL,LOW,False,False,False,False,False,NORMAL,NORMAL,LOW,LOW,NORMAL,HIGH,ZERO,HIGH,HIGH,NORMAL,False,ZERO,NORMAL,HIGH
HIGH,NORMAL,LOW,False,False,False,False,True,LOW,NORMAL,LOW,LOW,NORMAL,LOW,ZERO,HIGH,HIGH,NORMAL,False,ZERO,NORMAL,NORMAL
HIGH,NORMAL,LOW,False,False,False,True,False,NORMAL,ESOPHAGEAL,LOW,LOW,NORMAL,HIGH,LOW,HIGH,HIGH,NORMAL,False,LOW,NORMAL,LOW
HIGH,HIGH,HIGH,False,False,False,False,False,NORMAL,NORMAL,LOW,HIGH,NORMAL,HIGH,HIGH,HIGH,HIGH,LOW,False,HIGH,NORMAL,NORMAL
LOW,NORMAL,LOW,False,False,False,False,False,NORMAL,ESOPHAGEAL,LOW,LOW,NORMAL,NORMAL,LOW,LOW,LOW,NORMAL,False,LOW,NORMAL,NORMAL
NORMAL,NORMAL,LOW,False,False,True,False,False,NORMAL,NORMAL,LOW,LOW,NORMAL,HIGH,ZERO,NORMAL,NORMAL,NORMAL,False,ZERO,NORMAL,HIGH
HIGH,NORMAL,LOW,False,False,False,True,False,HIGH,NORMAL,LOW,LOW,NORMAL,HIGH,ZERO,HIGH,HIGH,HIGH,False,ZERO,NORMAL,NORMAL
LOW,NORMAL,LOW,False,False,False,True,False,HIGH,NORMAL,LOW,LOW,NORMAL,LOW,ZERO,LOW,LOW,HIGH,False,ZERO,NORMAL,HIGH
HIGH,NORMAL,LOW,False,False,False,True,False,NORMAL,NORMAL,LOW,LOW,NORMAL,HIGH,ZERO,HIGH,HIGH,NORMAL,True,ZERO,NORMAL,LOW
HIGH,NORMAL,LOW,False,True,False,False,False,NORMAL,ONESIDED,NORMAL,LOW,HIGH,HIGH,ZERO,HIGH,HIGH,NORMAL,False,LOW,HIGH,LOW
HIGH,NORMAL,LOW,False,False,True,False,False,NORMAL,NORMAL,LOW,LOW,NORMAL,NORMAL,ZERO,NORMAL,NORMAL,NORMAL,False,ZERO,NORMAL,NORMAL
NORMAL,HIGH,HIGH,False,False,False,False,False,NORMAL,NORMAL,LOW,HIGH,NORMAL,NORMAL,HIGH,LOW,LOW,NORMAL,False,HIGH,NORMAL,NORMAL
HIGH,NORMAL,LOW,False,False,False,False,False,NORMAL,NORMAL,LOW,LOW,NORMAL,NORMAL,ZERO,HIGH,HIGH,NORMAL,False,ZERO,NORMAL,HIGH
HIGH,NORMAL,LOW,False,False,True,False,False,NORMAL,NORMAL,LOW,LOW,NORMAL,HIGH,ZERO,NORMAL,NORMAL,NORMAL,False,ZERO,NORMAL,NORMAL
NORMAL,ZERO,ZERO,False,False,False,False,False,NORMAL,NORMAL,LOW,HIGH,HIGH,HIGH,HIGH,HIGH,NORMAL,NORMAL,False,HIGH,NORMAL,NORMAL
HIGH,HIGH,HIGH,False,False,False,False,False,HIGH,NORMAL,LOW,HIGH,NORMAL,HIGH,HIGH,HIGH,HIGH,HIGH,False,HIGH,NORMAL,LOW
HIGH,NORMAL,LOW,False,False,False,False,False,NORMAL,NORMAL,LOW,LOW,NORMAL,HIGH,ZERO,HIGH,HIGH,NORMAL,False,ZERO,NORMAL,NORMAL
HIGH,NORMAL,LOW,False,False,False,False,False,NORMAL,NORMAL,HIGH,LOW,LOW,HIGH,ZERO,HIGH,HIGH,NORMAL,False,ZERO,NORMAL,NORMAL
LOW,NORMAL,LOW,False,False,False,False,False,NORMAL,NORMAL,LOW,LOW,NORMAL,HIGH,ZERO,HIGH,HIGH,NORMAL,False,ZERO,NORMAL,NORMAL
HIGH,NORMAL,LOW,False,False,False,False,True,LOW,NORMAL,LOW,LOW,NORMAL,LOW,ZERO,HIGH,HIGH,LOW,False,ZERO,NORMAL,LOW
HIGH,NORMAL,ZERO,False,False,False,False,False,NORMAL,NORMAL,LOW,LOW,NORMAL,HIGH,ZERO,HIGH,HIGH,NORMAL,False,ZERO,NORMAL,LOW
HIGH,ZERO,ZERO,False,False,False,False,False,NORMAL,NORMAL,LOW,LOW,NORMAL,HIGH,ZERO,HIGH,HIGH,NORMAL,False,ZERO,NORMAL,HIGH
HIGH,NORMAL,LOW,False,False,False,False,False,NORMAL,NORMAL,LOW,LOW,NORMAL,HIGH,ZERO,HIGH,HIGH,NORMAL,False,ZERO,NORMAL,NORMAL
HIGH,NORMAL,LOW,False,False,False,False,False,HIGH,NORMAL,LOW,LOW,NORMAL,HIGH,ZERO,HIGH,HIGH,HIGH,False,ZERO,NORMAL,LOW
HIGH,NORMAL,LOW,False,False,False,False,False,HIGH,NORMAL,NORMAL,LOW,NORMAL,LOW,ZERO,HIGH,HIGH,HIGH,False,ZERO,NORMAL,NORMAL
LOW,LOW,ZERO,False,False,False,False,False,HIGH,NORMAL,LOW,HIGH,NORMAL,HIGH,HIGH,LOW,LOW,HIGH,False,HIGH,NORMAL,HIGH
HIGH,NORMAL,LOW,False,False,False,False,False,NORMAL,NORMAL,LOW,LOW,NORMAL,HIGH,ZERO,HIGH,HIGH,NORMAL,False,ZERO,NORMAL,NORMAL
LOW,NORMAL,ZERO,False,False,False,False,False,LOW,NORMAL,LOW,HIGH,NORMAL,NORMAL,HIGH,LOW,LOW,LOW,False,HIGH,NORMAL,HIGH
LOW,NORMAL,LOW,False,False,False,False,False,NORMAL,NORMAL,LOW,LOW,NORMAL,LOW,LOW,LOW,NORMAL,NORMAL,False,ZERO,NORMAL,HIGH
HIGH,NORMAL,LOW,False,False,False,False,False,NORMAL,NORMAL,LOW,LOW,NORMAL,HIGH,ZERO,HIGH,HIGH,NORMAL,False,ZERO,NORMAL,NORMAL
HIGH,NORMAL,LOW,False,False,False,False,False,NORMAL,NORMAL,LOW,LOW,NORMAL,HIGH,ZERO,HIGH,HIGH,NORMAL,False,ZERO,NORMAL,NORMAL
HIGH,HIGH,NORMAL,False,False,False,False,False,NORMAL,NORMAL,HIGH,LOW,NORMAL,HIGH,LOW,HIGH,HIGH,NORMAL,False,LOW,NORMAL,LOW
HIGH,NORMAL,NORMAL,False,False,False,False,False,NORMAL,NORMAL,ZERO,LOW,NORMAL,HIGH,LOW,HIGH,HIGH,NORMAL,False,LOW,NORMAL,NORMAL
HIGH,HIGH,HIGH,False,False,False,False,False,NORMAL,NORMAL,LOW,HIGH,NORMAL,HIGH,HIGH,HIGH,HIGH,LOW,False,HIGH,NORMAL,LOW
NORMAL,NORMAL,LOW,False,False,False,False,True,LOW,NORMAL,LOW,LOW,NORMAL,LOW,ZERO,HIGH,HIGH,LOW,False,ZERO,NORMAL,NORMAL
HIGH,NORMAL,LOW,False,False,False,False,False,NORMAL,NORMAL,LOW,HIGH,NORMAL,HIGH,HIGH,HIGH,HIGH,NORMAL,False,HIGH,NORMAL,NORMAL
LOW,LOW,ZERO,False,False,True,False,False,NORMAL,NORMAL,LOW,HIGH,NORMAL,NORMAL,HIGH,HIGH,LOW,NORMAL,False,HIGH,NORMAL,HIGH
LOW,ZERO,ZERO,False,False,False,False,False,NORMAL,NORMAL,ZERO,HIGH,NORMAL,NORMAL,HIGH,LOW,LOW,NORMAL,False,HIGH,NORMAL,HIGH
HIGH,NORMAL,LOW,False,False,False,False,False,NORMAL,NORMAL,LOW,LOW,NORMAL,NORMAL,ZERO,HIGH,HIGH,NORMAL,False,NORMAL,NORMAL,HIGH
LOW,NORMAL,ZERO,False,False,False,False,False,NORMAL,NORMAL,LOW,LOW,NORMAL,NORMAL,ZERO,LOW,LOW,NORMAL,False,ZERO,NORMAL,HIGH
LOW,NORMAL,LOW,False,False,False,False,False,NORMAL,NORMAL,LOW,LOW,NORMAL,NORMAL,ZERO,LOW,LOW,NORMAL,False,ZERO,NORMAL,LOW
HIGH,NORMAL,LOW,False,False,False,False,False,HIGH,NORMAL,LOW,LOW,NORMAL,HIGH,ZERO,HIGH,HIGH,HIGH,False,ZERO,NORMAL,NORMAL
LOW,ZERO,ZERO,False,False,False,False,False,HIGH,NORMAL,LOW,HIGH,NORMAL,HIGH,HIGH,LOW,LOW,HIGH,False,HIGH,NORMAL,HIGH
HIGH,NORMAL,LOW,False,False,False,False,False,HIGH,NORMAL,LOW,LOW,NORMAL,HIGH,ZERO,HIGH,HIGH,HIGH,False,ZERO,NORMAL,LOW
HIGH,ZERO,ZERO,False,False,False,False,False,NORMAL,NORMAL,LOW,LOW,NORMAL,NORMAL,ZERO,LOW,LOW,NORMAL,False,LOW,NORMAL,NORMAL
HIGH,NORMAL,LOW,False,False,False,False,False,NORMAL,ESOPHAGEAL,ZERO,LOW,NORMAL,HIGH,ZERO,HIGH,HIGH,NORMAL,False,ZERO,NORMAL,NORMAL
HIGH,NORMAL,LOW,True,False,False,False,False,NORMAL,NORMAL,LOW,LOW,NORMAL,HIGH,ZERO,HIGH,HIGH,NORMAL,False,ZERO,NORMAL,LOW
NORMAL,NORMAL,ZERO,False,False,False,False,False,NORMAL,NORMAL,LOW,HIGH,NORMAL,HIGH,HIGH,HIGH,HIGH,NORMAL,False,HIGH,NORMAL,LOW
HIGH,NORMAL,LOW,False,False,False,True,False,NORMAL,NORMAL,LOW,LOW,NORMAL,HIGH,ZERO,HIGH,HIGH,NORMAL,False,ZERO,NORMAL,LOW
HIGH,NORMAL,LOW,False,False,False,False,False,NORMAL,NORMAL,LOW,LOW,NORMAL,LOW,ZERO,HIGH,HIGH,NORMAL,False,ZERO,NORMAL,LOW
HIGH,NORMAL,LOW,False,False,False,False,False,NORMAL,NORMAL,LOW,LOW,NORMAL,HIGH,ZERO,HIGH,HIGH,NORMAL,False,ZERO,NORMAL,HIGH
HIGH,NORMAL,LOW,False,False,False,False,False,HIGH,NORMAL,LOW,LOW,NORMAL,LOW,ZERO,HIGH,HIGH,HIGH,False,ZERO,NORMAL,HIGH
LOW,NORMAL,LOW,False,False,False,False,False,NORMAL,NORMAL,LOW,LOW,NORMAL,NORMAL,ZERO,LOW,LOW,NORMAL,False,ZERO,NORMAL,HIGH
HIGH,NORMAL,LOW,False,False,False,True,True,LOW,NORMAL,LOW,LOW,NORMAL,LOW,ZERO,HIGH,HIGH,LOW,False,ZERO,NORMAL,LOW
HIGH,NORMAL,LOW,False,False,False,False,False,HIGH,NORMAL,LOW,LOW,NORMAL,HIGH,ZERO,HIGH,HIGH,HIGH,False,ZERO,NORMAL,NORMAL
HIGH,ZERO,ZERO,False,False,False,True,False,NORMAL,NORMAL,LOW,HIGH,NORMAL,HIGH,HIGH,HIGH,HIGH,NORMAL,False,HIGH,NORMAL,LOW
HIGH,NORMAL,LOW,False,False,False,False,False,NORMAL,NORMAL,LOW,LOW,NORMAL,HIGH,ZERO,HIGH,HIGH,LOW,False,ZERO,NORMAL,NORMAL
LOW,NORMAL,LOW,False,False,True,False,False,NORMAL,NORMAL,LOW,LOW,LOW,NORMAL,ZERO,NORMAL,LOW,NORMAL,False,ZERO,NORMAL,HIGH
LOW,NORMAL,LOW,False,False,False,False,False,NORMAL,NORMAL,LOW,LOW,NORMAL,LOW,ZERO,LOW,LOW,NORMAL,False,ZERO,NORMAL,HIGH
HIGH,NORMAL,LOW,False,False,False,False,False,NORMAL,NORMAL,ZERO,HIGH,NORMAL,HIGH,ZERO,HIGH,HIGH,NORMAL,False,HIGH,NORMAL,LOW
HIGH,NORMAL,LOW,False,False,False,False,False,HIGH,NORMAL,LOW,LOW,NORMAL,LOW,ZERO,HIGH,NORMAL,HIGH,False,ZERO,NORMAL,NORMAL
LOW,ZERO,ZERO,False,False,False,False,False,HIGH,NORMAL,NORMAL,HIGH,NORMAL,LOW,HIGH,LOW,LOW,HIGH,False,HIGH,NORMAL,HIGH
LOW,NORMAL,ZERO,False,False,False,False,False,NORMAL,NORMAL,LOW,HIGH,NORMAL,NORMAL,HIGH,LOW,LOW,NORMAL,False,HIGH,NORMAL,HIGH
LOW,LOW,ZERO,False,False,False,False,False,HIGH,ONESIDED,LOW,LOW,NORMAL,LOW,NORMAL,LOW,LOW,HIGH,False,NORMAL,HIGH,HIGH
HIGH,NORMAL,LOW,False,False,False,False,False,NORMAL,NORMAL,LOW,LOW,NORMAL,HIGH,ZERO,HIGH,HIGH,NORMAL,False,ZERO,HIGH,NORMAL
HIGH,NORMAL,ZERO,False,False,False,True,False,NORMAL,NORMAL,LOW,HIGH,NORMAL,HIGH,HIGH,HIGH,HIGH,NORMAL,False,HIGH,NORMAL,HIGH
LOW,LOW,ZERO,False,False,False,False,False,HIGH,NORMAL,LOW,HIGH,NORMAL,NORMAL,HIGH,LOW,LOW,HIGH,False,HIGH,NORMAL,NORMAL
LOW,NORMAL,ZERO,False,False,False,False,False,HIGH,NORMAL,LOW,NORMAL,NORMAL,NORMAL,HIGH,LOW,LOW,HIGH,False,HIGH,NORMAL,HIGH
HIGH,NORMAL,LOW,False,False,False,False,False,NORMAL,NORMAL,LOW,LOW,NORMAL,HIGH,ZERO,HIGH,HIGH,NORMAL,False,ZERO,NORMAL,NORMAL
HIGH,NORMAL,LOW,False,False,False,False,False,NORMAL,NORMAL,LOW,LOW,NORMAL,LOW,ZERO,HIGH,HIGH,NORMAL,False,ZERO,HIGH,NORMAL
HIGH,NORMAL,LOW,False,False,False,True,False,HIGH,NORMAL,LOW,LOW,NORMAL,HIGH,ZERO,HIGH,HIGH,HIGH,False,ZERO,NORMAL,HIGH
HIGH,NORMAL,NORMAL,False,False,False,False,False,NORMAL,NORMAL,HIGH,LOW,NORMAL,HIGH,LOW,HIGH,HIGH,NORMAL,False,LOW,HIGH,HIGH
HIGH,NORMAL,LOW,False,False,False,False,False,NORMAL,NORMAL,LOW,LOW,NORMAL,HIGH,ZERO,HIGH,HIGH,NORMAL,False,ZERO,NORMAL,NORMAL
HIGH,NORMAL,LOW,False,False,False,False,False,NORMAL,NORMAL,LOW,LOW,NORMAL,HIGH,ZERO,HIGH,HIGH,NORMAL,True,ZERO,NORMAL,NORMAL
HIGH,NORMAL,LOW,False,False,False,False,False,NORMAL,NORMAL,LOW,LOW,NORMAL,HIGH,ZERO,HIGH,HIGH,NORMAL,False,ZERO,NORMAL,LOW
HIGH,ZERO,ZERO,False,False,False,False,False,NORMAL,NORMAL,NORMAL,LOW,NORMAL,HIGH,HIGH,HIGH,HIGH,NORMAL,False,LOW,NORMAL,NORMAL
HIGH,NORMAL,LOW,False,False,False,False,False,HIGH,NORMAL,LOW,LOW,NORMAL,HIGH,ZERO,HIGH,NORMAL,HIGH,False,ZERO,NORMAL,NORMAL
HIGH,NORMAL,LOW,False,False,False,False,False,NORMAL,NORMAL,LOW,LOW,HIGH,HIGH,ZERO,HIGH,HIGH,NORMAL,False,ZERO,NORMAL,LOW
NORMAL,NORMAL,LOW,False,False,False,False,True,LOW,NORMAL,ZERO,HIGH,NORMAL,LOW,ZERO,LOW,LOW,LOW,False,HIGH,NORMAL,HIGH
HIGH,NORMAL,LOW,False,False,False,False,False,HIGH,ONESIDED,NORMAL,LOW,LOW,HIGH,ZERO,HIGH,HIGH,HIGH,False,LOW,HIGH,HIGH
HIGH,NORMAL,LOW,False,False,False,False,False,NORMAL,NORMAL,LOW,LOW,NORMAL,HIGH,ZERO,HIGH,HIGH,NORMAL,False,ZERO,NORMAL,LOW
HIGH,NORMAL,LOW,False,False,False,False,False,NORMAL,NORMAL,LOW,LOW,NORMAL,HIGH,ZERO,HIGH,HIGH,NORMAL,False,ZERO,NORMAL,HIGH
HIGH,NORMAL,LOW,False,False,False,False,False,HIGH,NORMAL,NORMAL,LOW,NORMAL,HIGH,ZERO,HIGH,HIGH,HIGH,False,ZERO,NORMAL,NORMAL
NORMAL,ZERO,ZERO,False,False,False,False,False,HIGH,NORMAL,LOW,LOW,NORMAL,HIGH,ZERO,HIGH,HIGH,HIGH,False,ZERO,NORMAL,HIGH
HIGH,NORMAL,LOW,False,False,True,False,False,NORMAL,NORMAL,LOW,LOW,NORMAL,HIGH,ZERO,NORMAL,NORMAL,NORMAL,False,ZERO,NORMAL,NORMAL
LOW,NORMAL,LOW,False,False,False,False,True,LOW,NORMAL,LOW,LOW,NORMAL,LOW,ZERO,LOW,LOW,LOW,False,ZERO,NORMAL,HIGH
HIGH,NORMAL,LOW,False,False,False,False,False,NORMAL,NORMAL,LOW,HIGH,NORMAL,HIGH,HIGH,HIGH,HIGH,NORMAL,True,HIGH,NORMAL,NORMAL
HIGH,NORMAL,LOW,False,False,False,False,False,NORMAL,NORMAL,LOW,LOW,NORMAL,HIGH,ZERO,NORMAL,HIGH,NORMAL,False,ZERO,NORMAL,LOW
HIGH,NORMAL,LOW,False,False,False,False,False,HIGH,NORMAL,ZERO,LOW,NORMAL,HIGH,ZERO,HIGH,HIGH,NORMAL,False,ZERO,NORMAL,LOW
HIGH,NORMAL,LOW,False,False,False,False,False,HIGH,NORMAL,LOW,LOW,LOW,HIGH,ZERO,HIGH,HIGH,HIGH,False,ZERO,NORMAL,LOW
HIGH,NORMAL,LOW,False,False,False,False,False,NORMAL,NORMAL,LOW,LOW,NORMAL,HIGH,ZERO,HIGH,HIGH,NORMAL,False,ZERO,NORMAL,NORMAL
HIGH,NORMAL,NORMAL,False,False,False,False,False,NORMAL,NORMAL,HIGH,LOW,NORMAL,HIGH,LOW,HIGH,HIGH,LOW,False,LOW,NORMAL,NORMAL
LOW,NORMAL,ZERO,False,False,False,False,False,NORMAL,NORMAL,LOW,HIGH,NORMAL,NORMAL,HIGH,LOW,LOW,NORMAL,False,HIGH,NORMAL,HIGH
HIGH,LOW,ZERO,False,False,False,False,False,NORMAL,NORMAL,LOW,LOW,NORMAL,HIGH,ZERO,LOW,HIGH,NORMAL,False,ZERO,NORMAL,NORMAL
HIGH,NORMAL,LOW,False,False,False,False,False,NORMAL,NORMAL,LOW,LOW,NORMAL,HIGH,ZERO,HIGH,HIGH,NORMAL,False,ZERO,NORMAL,NORMAL
LOW,ZERO,ZERO,False,False,False,True,False,HIGH,ESOPHAGEAL,LOW,LOW,NORMAL,NORMAL,LOW,LOW,LOW,HIGH,False,LOW,NORMAL,LOW
HIGH,NORMAL,ZERO,False,False,False,False,False,NORMAL,NORMAL,ZERO,HIGH,NORMAL,HIGH,HIGH,HIGH,HIGH,NORMAL,False,HIGH,NORMAL,NORMAL
HIGH,NORMAL,LOW,False,False,False,False,False,HIGH,ESOPHAGEAL,LOW,LOW,NORMAL,LOW,LOW,HIGH,HIGH,HIGH,False,LOW,NORMAL,NORMAL
LOW,NORMAL,LOW,False,False,False,False,False,NORMAL,NORMAL,LOW,LOW,NORMAL,NORMAL,ZERO,LOW,LOW,NORMAL,False,ZERO,NORMAL,HIGH
HIGH,NORMAL,LOW,False,False,False,False,False,NORMAL,NORMAL,LOW,LOW,NORMAL,HIGH,ZERO,HIGH,HIGH,NORMAL,True,ZERO,HIGH,NORMAL
HIGH,NORMAL,LOW,False,False,False,False,False,NORMAL,NORMAL,LOW,LOW,NORMAL,HIGH,ZERO,HIGH,HIGH,NORMAL,False,ZERO,NORMAL,LOW
HIGH,NORMAL,LOW,False,False,False,False,False,NORMAL,NORMAL,LOW,LOW,NORMAL,HIGH,ZERO,HIGH,HIGH,NORMAL,False,ZERO,NORMAL,LOW
HIGH,NORMAL,LOW,False,False,False,False,False,NORMAL,NORMAL,LOW,LOW,NORMAL,HIGH,ZERO,HIGH,HIGH,NORMAL,False,ZERO,NORMAL,LOW
LOW,NORMAL,LOW,False,False,False,True,False,NORMAL,NORMAL,LOW,LOW,NORMAL,NORMAL,ZERO,LOW,NORMAL,NORMAL,False,ZERO,NORMAL,HIGH
HIGH,NORMAL,LOW,False,False,False,False,False,HIGH,NORMAL,LOW,NORMAL,NORMAL,LOW,ZERO,HIGH,HIGH,HIGH,False,ZERO,NORMAL,LOW
HIGH,NORMAL,LOW,False,False,False,False,False,NORMAL,NORMAL,LOW,LOW,NORMAL,HIGH,ZERO,HIGH,HIGH,NORMAL,False,ZERO,NORMAL,HIGH
HIGH,LOW,ZERO,False,False,False,True,False,NORMAL,NORMAL,NORMAL,HIGH,NORMAL,HIGH,HIGH,HIGH,HIGH,NORMAL,False,HIGH,NORMAL,LOW
HIGH,NORMAL,LOW,False,False,True,False,False,NORMAL,ONESIDED,LOW,LOW,NORMAL,HIGH,NORMAL,NORMAL,NORMAL,NORMAL,True,NORMAL,NORMAL,NORMAL
HIGH,NORMAL,LOW,False,False,False,False,False,NORMAL,NORMAL,LOW,LOW,HIGH,HIGH,ZERO,HIGH,HIGH,NORMAL,False,ZERO,NORMAL,NORMAL
HIGH,NORMAL,LOW,False,False,False,True,False,HIGH,NORMAL,LOW,LOW,NORMAL,LOW,ZERO,HIGH,HIGH,HIGH,False,ZERO,NORMAL,NORMAL
HIGH,NORMAL,ZERO,False,False,False,False,False,NORMAL,NORMAL,LOW,HIGH,NORMAL,LOW,HIGH,HIGH,HIGH,NORMAL,False,HIGH,NORMAL,LOW
HIGH,NORMAL,ZERO,False,False,False,False,False,NORMAL,NORMAL,LOW,LOW,NORMAL,LOW,ZERO,HIGH,HIGH,NORMAL,False,ZERO,NORMAL,LOW
HIGH,LOW,NORMAL,False,False,False,False,False,NORMAL,NORMAL,HIGH,LOW,NORMAL,HIGH,LOW,HIGH,HIGH,NORMAL,False,LOW,NORMAL,NORMAL
HIGH,NORMAL,LOW,False,False,False,False,False,NORMAL,ESOPHAGEAL,LOW,LOW,NORMAL,HIGH,LOW,HIGH,HIGH,NORMAL,False,LOW,NORMAL,HIGH
HIGH,NORMAL,LOW,False,False,False,True,False,NORMAL,ONESIDED,NORMAL,LOW,HIGH,HIGH,ZERO,HIGH,HIGH,NORMAL,False,LOW,HIGH,LOW
HIGH,NORMAL,ZERO,False,False,False,False,False,HIGH,NORMAL,LOW,HIGH,NORMAL,HIGH,HIGH,HIGH,HIGH,HIGH,False,HIGH,NORMAL,NORMAL
HIGH,NORMAL,LOW,False,False,False,False,False,LOW,NORMAL,NORMAL,LOW,NORMAL,HIGH,ZERO,HIGH,HIGH,LOW,False,ZERO,NORMAL,NORMAL
HIGH,LOW,ZERO,False,False,False,False,True,LOW,NORMAL,NORMAL,LOW,NORMAL,LOW,ZERO,HIGH,HIGH,LOW,False,ZERO,HIGH,LOW
HIGH,HIGH,NORMAL,False,False,False,False,False,NORMAL,NORMAL,HIGH,LOW,NORMAL,HIGH,LOW,HIGH,HIGH,NORMAL,False,LOW,NORMAL,LOW
HIGH,NORMAL,LOW,False,False,False,False,False,NORMAL,NORMAL,LOW,LOW,NORMAL,HIGH,ZERO,HIGH,HIGH,NORMAL,False,ZERO,NORMAL,HIGH
LOW,NORMAL,LOW,False,False,False,False,False,NORMAL,NORMAL,LOW,HIGH,NORMAL,HIGH,HIGH,LOW,LOW,NORMAL,False,HIGH,NORMAL,HIGH
NORMAL,NORMAL,LOW,False,False,False,True,False,NORMAL,NORMAL,LOW,LOW,NORMAL,HIGH,ZERO,HIGH,HIGH,LOW,False,ZERO,NORMAL,NORMAL
HIGH,NORMAL,LOW,False,False,False,False,True,LOW,NORMAL,LOW,LOW,NORMAL,LOW,ZERO,HIGH,HIGH,LOW,False,ZERO,NORMAL,HIGH
HIGH,HIGH,HIGH,False,False,False,False,False,NORMAL,NORMAL,LOW,HIGH,HIGH,HIGH,HIGH,HIGH,HIGH,NORMAL,False,HIGH,NORMAL,NORMAL
HIGH,NORMAL,LOW,False,False,False,False,False,NORMAL,NORMAL,LOW,LOW,NORMAL,HIGH,ZERO,HIGH,HIGH,NORMAL,False,ZERO,NORMAL,NORMAL
HIGH,NORMAL,LOW,False,False,False,False,False,NORMAL,NORMAL,LOW,LOW,NORMAL,HIGH,ZERO,HIGH,HIGH,NORMAL,False,ZERO,NORMAL,LOW
LOW,LOW,ZERO,False,False,False,False,False,NORMAL,NORMAL,LOW,HIGH,NORMAL,NORMAL,HIGH,LOW,LOW,NORMAL,False,HIGH,NORMAL,HIGH
HIGH,NORMAL,LOW,False,False,False,False,False,NORMAL,NORMAL,LOW,HIGH,NORMAL,HIGH,HIGH,HIGH,HIGH,NORMAL,False,HIGH,HIGH,LOW
NORMAL,NORMAL,LOW,False,False,False,False,False,LOW,NORMAL,LOW,LOW,NORMAL,LOW,ZERO,HIGH,HIGH,LOW,True,ZERO,HIGH,NORMAL
HIGH,LOW,ZERO,False,False,True,False,False,NORMAL,NORMAL,LOW,LOW,NORMAL,HIGH,ZERO,NORMAL,NORMAL,NORMAL,False,ZERO,NORMAL,HIGH
LOW,NORMAL,LOW,False,False,False,False,False,NORMAL,NORMAL,LOW,LOW,NORMAL,LOW,ZERO,LOW,LOW,NORMAL,False,ZERO,NORMAL,HIGH
LOW,LOW,ZERO,False,False,False,True,False,HIGH,NORMAL,LOW,HIGH,NORMAL,NORMAL,HIGH,LOW,LOW,HIGH,False,HIGH,NORMAL,HIGH
HIGH,ZERO,ZERO,False,False,False,False,False,NORMAL,NORMAL,LOW,LOW,NORMAL,HIGH,ZERO,HIGH,HIGH,NORMAL,False,ZERO,NORMAL,NORMAL
HIGH,NORMAL,LOW,False,False,False,False,False,HIGH,NORMAL,NORMAL,LOW,NORMAL,NORMAL,ZERO,HIGH,HIGH,HIGH,False,ZERO,NORMAL,HIGH
HIGH,NORMAL,LOW,False,False,False,False,False,NORMAL,NORMAL,LOW,LOW,NORMAL,HIGH,ZERO,HIGH,HIGH,NORMAL,False,ZERO,NORMAL,NORMAL
LOW,NORMAL,LOW,False,False,False,True,False,NORMAL,NORMAL,LOW,LOW,NORMAL,NORMAL,ZERO,LOW,LOW,NORMAL,False,ZERO,NORMAL,HIGH
HIGH,NORMAL,LOW,False,False,False,False,False,HIGH,NORMAL,LOW,LOW,NORMAL,HIGH,ZERO,HIGH,HIGH,HIGH,False,ZERO,NORMAL,NORMAL
HIGH,NORMAL,HIGH,False,False,False,False,False,HIGH,NORMAL,LOW,NORMAL,NORMAL,HIGH,HIGH,HIGH,HIGH,HIGH,False,HIGH,NORMAL,LOW
HIGH,NORMAL,LOW,False,False,False,False,False,NORMAL,NORMAL,LOW,LOW,NORMAL,NORMAL,ZERO,HIGH,HIGH,NORMAL,False,ZERO,NORMAL,NORMAL
HIGH,NORMAL,LOW,False,False,False,False,False,NORMAL,NORMAL,LOW,LOW,NORMAL,HIGH,ZERO,HIGH,HIGH,NORMAL,False,ZERO,NORMAL,LOW
HIGH,LOW,ZERO,False,False,False,False,False,NORMAL,NORMAL,LOW,NORMAL,NORMAL,NORMAL,HIGH,LOW,LOW,NORMAL,False,HIGH,NORMAL,NORMAL
HIGH,NORMAL,LOW,False,False,False,False,False,NORMAL,NORMAL,LOW,LOW,NORMAL,HIGH,ZERO,HIGH,HIGH,LOW,False,ZERO,HIGH,NORMAL
LOW,NORMAL,ZERO,False,False,False,True,False,NORMAL,NORMAL,LOW,HIGH,NORMAL,NORMAL,HIGH,LOW,LOW,NORMAL,False,HIGH,NORMAL,HIGH
HIGH,NORMAL,LOW,False,False,False,False,False,NORMAL,NORMAL,LOW,LOW,NORMAL,HIGH,ZERO,HIGH,HIGH,NORMAL,False,ZERO,NORMAL,LOW
LOW,NORMAL,LOW,False,False,False,False,False,NORMAL,NORMAL,LOW,LOW,NORMAL,NORMAL,ZERO,NORMAL,LOW,NORMAL,False,ZERO,NORMAL,HIGH
LOW,NORMAL,LOW,False,False,False,False,False,NORMAL,NORMAL,LOW,LOW,NORMAL,NORMAL,ZERO,LOW,LOW,NORMAL,False,ZERO,NORMAL,HIGH
LOW,NORMAL,LOW,False,False,False,False,False,NORMAL,NORMAL,LOW,LOW,NORMAL,NORMAL,ZERO,HIGH,LOW,NORMAL,False,ZERO,NORMAL,NORMAL
HIGH,NORMAL,LOW,False,False,False,False,False,NORMAL,NORMAL,LOW,LOW,NORMAL,HIGH,ZERO,HIGH,NORMAL,NORMAL,False,ZERO,NORMAL,HIGH
HIGH,NORMAL,ZERO,False,False,False,False,False,HIGH,NORMAL,LOW,HIGH,NORMAL,LOW,HIGH,HIGH,HIGH,HIGH,False,HIGH,NORMAL,LOW
HIGH,NORMAL,LOW,False,False,False,False,False,HIGH,NORMAL,LOW,LOW,LOW,HIGH,ZERO,HIGH,HIGH,HIGH,False,ZERO,NORMAL,NORMAL
HIGH,NORMAL,LOW,False,False,True,False,False,NORMAL,NORMAL,LOW,LOW,NORMAL,HIGH,ZERO,NORMAL,NORMAL,NORMAL,False,ZERO,NORMAL,NORMAL
HIGH,HIGH,HIGH,False,False,False,False,False,NORMAL,NORMAL,LOW,HIGH,NORMAL,HIGH,HIGH,HIGH,HIGH,NORMAL,False,HIGH,NORMAL,NORMAL
HIGH,NORMAL,LOW,False,False,False,False,False,NORMAL,NORMAL,LOW,LOW,NORMAL,LOW,ZERO,HIGH,HIGH,NORMAL,False,ZERO,NORMAL,HIGH
HIGH,NORMAL,ZERO,False,False,True,False,False,NORMAL,NORMAL,LOW,HIGH,NORMAL,HIGH,HIGH,NORMAL,NORMAL,NORMAL,False,HIGH,NORMAL,NORMAL
HIGH,NORMAL,ZERO,False,False,False,False,False,NORMAL,NORMAL,LOW,HIGH,NORMAL,HIGH,HIGH,HIGH,HIGH,NORMAL,False,HIGH,NORMAL,LOW
LOW,NORMAL,LOW,False,False,False,False,False,NORMAL,NORMAL,LOW,LOW,NORMAL,NORMAL,ZERO,LOW,LOW,HIGH,False,ZERO,NORMAL,LOW
HIGH,NORMAL,LOW,False,False,False,False,False,HIGH,NORMAL,LOW,LOW,NORMAL,LOW,ZERO,HIGH,HIGH,HIGH,False,ZERO,NORMAL,LOW
HIGH,NORMAL,LOW,False,False,False,False,False,NORMAL,NORMAL,LOW,LOW,NORMAL,NORMAL,ZERO,HIGH,HIGH,NORMAL,False,ZERO,NORMAL,LOW
HIGH,ZERO,ZERO,False,False,False,False,False,NORMAL,NORMAL,LOW,HIGH,NORMAL,HIGH,HIGH,HIGH,HIGH,LOW,False,HIGH,NORMAL,NORMAL
HIGH,ZERO,ZERO,False,False,False,True,False,HIGH,ESOPHAGEAL,LOW,LOW,NORMAL,HIGH,LOW,HIGH,HIGH,HIGH,False,LOW,NORMAL,LOW
HIGH,NORMAL,LOW,False,False,False,False,False,NORMAL,NORMAL,LOW,LOW,NORMAL,HIGH,ZERO,HIGH,HIGH,NORMAL,False,ZERO,NORMAL,NORMAL
NORMAL,NORMAL,LOW,False,False,False,False,False,NORMAL,NORMAL,LOW,LOW,NORMAL,HIGH,ZERO,HIGH,HIGH,NORMAL,False,ZERO,NORMAL,NORMAL
LOW,NORMAL,LOW,False,False,False,False,False,NORMAL,NORMAL,LOW,LOW,NORMAL,NORMAL,ZERO,LOW,LOW,NORMAL,False,ZERO,NORMAL,NORMAL
LOW,NORMAL,ZERO,False,False,False,False,False,NORMAL,NORMAL,LOW,HIGH,NORMAL,NORMAL,HIGH,LOW,LOW,NORMAL,False,HIGH,NORMAL,LOW
LOW,NORMAL,LOW,False,False,False,False,False,HIGH,NORMAL,LOW,LOW,NORMAL,LOW,ZERO,LOW,HIGH,HIGH,False,ZERO,NORMAL,LOW
HIGH,NORMAL,LOW,False,False,True,False,False,NORMAL,NORMAL,LOW,HIGH,NORMAL,HIGH,HIGH,HIGH,NORMAL,LOW,False,HIGH,NORMAL,NORMAL
HIGH,NORMAL,LOW,False,False,False,False,False,NORMAL,NORMAL,LOW,LOW,NORMAL,LOW,ZERO,HIGH,HIGH,NORMAL,False,ZERO,NORMAL,LOW
HIGH,LOW,ZERO,False,False,True,False,False,NORMAL,NORMAL,LOW,HIGH,NORMAL,NORMAL,LOW,NORMAL,NORMAL,NORMAL,False,HIGH,NORMAL,NORMAL
HIGH,NORMAL,LOW,False,False,False,False,False,HIGH,ESOPHAGEAL,LOW,NORMAL,NORMAL,LOW,LOW,HIGH,HIGH,HIGH,False,LOW,NORMAL,LOW
HIGH,NORMAL,LOW,False,False,False,False,True,LOW,NORMAL,HIGH,LOW,NORMAL,NORMAL,LOW,HIGH,HIGH,LOW,False,LOW,NORMAL,NORMAL
HIGH,NORMAL,LOW,False,False,False,False,False,NORMAL,NORMAL,LOW,LOW,NORMAL,HIGH,ZERO,HIGH,HIGH,NORMAL,False,ZERO,NORMAL,LOW
LOW,NORMAL,HIGH,False,False,False,False,False,NORMAL,NORMAL,LOW,HIGH,NORMAL,NORMAL,HIGH,LOW,LOW,NORMAL,False,HIGH,NORMAL,LOW
HIGH,HIGH,HIGH,False,False,False,False,False,NORMAL,ONESIDED,LOW,LOW,NORMAL,NORMAL,NORMAL,LOW,LOW,NORMAL,True,NORMAL,NORMAL,NORMAL
HIGH,NORMAL,LOW,False,False,False,False,False,NORMAL,NORMAL,LOW,LOW,NORMAL,HIGH,ZERO,HIGH,HIGH,NORMAL,False,ZERO,HIGH,LOW
HIGH,HIGH,HIGH,False,False,False,False,False,NORMAL,NORMAL,LOW,HIGH,NORMAL,HIGH,HIGH,HIGH,HIGH,NORMAL,False,HIGH,HIGH,LOW
HIGH,NORMAL,LOW,False,False,False,False,False,HIGH,NORMAL,LOW,LOW,NORMAL,LOW,ZERO,HIGH,HIGH,HIGH,False,ZERO,NORMAL,NORMAL
NORMAL,NORMAL,NORMAL,True,False,False,False,False,NORMAL,ESOPHAGEAL,LOW,LOW,NORMAL,LOW,LOW,NORMAL,HIGH,NORMAL,False,LOW,NORMAL,LOW
LOW,NORMAL,LOW,False,False,False,False,False,NORMAL,NORMAL,LOW,LOW,NORMAL,NORMAL,ZERO,LOW,LOW,NORMAL,False,ZERO,HIGH,LOW
HIGH,NORMAL,HIGH,False,False,False,False,True,LOW,NORMAL,LOW,HIGH,NORMAL,NORMAL,HIGH,HIGH,HIGH,LOW,False,HIGH,NORMAL,NORMAL
HIGH,LOW,ZERO,False,False,False,False,False,HIGH,NORMAL,LOW,HIGH,NORMAL,HIGH,HIGH,HIGH,HIGH,NORMAL,False,HIGH,NORMAL,LOW
HIGH,NORMAL,LOW,False,False,False,False,False,HIGH,NORMAL,LOW,LOW,NORMAL,HIGH,ZERO,HIGH,HIGH,HIGH,False,ZERO,NORMAL,HIGH
HIGH,NORMAL,LOW,False,False,False,False,False,NORMAL,NORMAL,LOW,LOW,HIGH,HIGH,ZERO,HIGH,HIGH,NORMAL,True,ZERO,NORMAL,NORMAL
HIGH,NORMAL,LOW,False,False,False,False,False,NORMAL,NORMAL,LOW,LOW,NORMAL,HIGH,ZERO,HIGH,HIGH,NORMAL,False,ZERO,NORMAL,HIGH
LOW,NORMAL,LOW,False,False,True,False,False,NORMAL,NORMAL,LOW,LOW,NORMAL,NORMAL,ZERO,HIGH,NORMAL,LOW,False,ZERO,NORMAL,HIGH
HIGH,NORMAL,LOW,False,False,False,False,False,HIGH,NORMAL,LOW,LOW,NORMAL,LOW,ZERO,HIGH,HIGH,HIGH,False,ZERO,HIGH,HIGH
LOW,NORMAL,ZERO,False,False,False,False,False,NORMAL,NORMAL,LOW,HIGH,NORMAL,NORMAL,HIGH,LOW,LOW,NORMAL,False,HIGH,NORMAL,NORMAL
HIGH,NORMAL,LOW,False,False,False,False,False,NORMAL,NORMAL,LOW,LOW,NORMAL,HIGH,ZERO,HIGH,HIGH,NORMAL,False,ZERO,NORMAL,LOW
HIGH,NORMAL,LOW,False,False,False,False,False,NORMAL,NORMAL,LOW,LOW,NORMAL,HIGH,ZERO,HIGH,HIGH,NORMAL,False,ZERO,NORMAL,LOW
HIGH,NORMAL,LOW,False,False,False,False,False,NORMAL,NORMAL,LOW,LOW,NORMAL,HIGH,ZERO,HIGH,HIGH,NORMAL,False,ZERO,NORMAL,NORMAL
LOW,HIGH,HIGH,False,False,False,False,False,NORMAL,NORMAL,LOW,HIGH,NORMAL,NORMAL,HIGH,LOW,LOW,NORMAL,False,HIGH,NORMAL,HIGH
HIGH,NORMAL,LOW,False,False,False,True,False,NORMAL,ESOPHAGEAL,LOW,LOW,LOW,HIGH,LOW,HIGH,HIGH,NORMAL,False,LOW,NORMAL,NORMAL
HIGH,NORMAL,LOW,False,False,False,False,False,LOW,NORMAL,LOW,LOW,NORMAL,HIGH,ZERO,HIGH,HIGH,LOW,False,ZERO,NORMAL,NORMAL
HIGH,NORMAL,LOW,False,False,False,False,True,LOW,NORMAL,LOW,LOW,NORMAL,HIGH,ZERO,HIGH,HIGH,LOW,False,ZERO,NORMAL,HIGH
HIGH,NORMAL,LOW,False,False,False,False,False,NORMAL,NORMAL,LOW,LOW,NORMAL,HIGH,ZERO,HIGH,HIGH,NORMAL,False,ZERO,NORMAL,HIGH
LOW,NORMAL,LOW,False,True,False,False,False,NORMAL,NORMAL,LOW,LOW,HIGH,NORMAL,ZERO,LOW,LOW,NORMAL,False,ZERO,HIGH,HIGH
LOW,NORMAL,LOW,False,False,False,False,False,NORMAL,NORMAL,LOW,LOW,NORMAL,NORMAL,ZERO,LOW,LOW,NORMAL,False,ZERO,NORMAL,NORMAL
LOW,NORMAL,LOW,False,False,False,False,False,NORMAL,NORMAL,LOW,LOW,NORMAL,NORMAL,ZERO,LOW,LOW,HIGH,False,ZERO,NORMAL,NORMAL
HIGH,NORMAL,LOW,False,False,False,False,False,NORMAL,NORMAL,HIGH,LOW,NORMAL,HIGH,ZERO,HIGH,HIGH,NORMAL,False,ZERO,NORMAL,LOW
HIGH,NORMAL,ZERO,False,False,False,True,False,LOW,NORMAL,LOW,HIGH,NORMAL,HIGH,HIGH,HIGH,HIGH,LOW,False,HIGH,NORMAL,LOW
HIGH,NORMAL,LOW,False,False,False,False,False,NORMAL,NORMAL,LOW,LOW,LOW,HIGH,ZERO,HIGH,HIGH,NORMAL,False,ZERO,NORMAL,HIGH
HIGH,NORMAL,LOW,False,False,False,True,False,NORMAL,NORMAL,LOW,LOW,NORMAL,HIGH,ZERO,HIGH,HIGH,NORMAL,False,ZERO,NORMAL,HIGH
HIGH,NORMAL,LOW,False,False,False,False,False,LOW,NORMAL,LOW,LOW,NORMAL,HIGH,ZERO,HIGH,NORMAL,LOW,True,ZERO,NORMAL,NORMAL
HIGH,NORMAL,LOW,False,False,False,True,False,HIGH,NORMAL,LOW,LOW,NORMAL,HIGH,ZERO,HIGH,HIGH,HIGH,False,ZERO,NORMAL,NORMAL
HIGH,NORMAL,ZERO,False,False,True,False,False,NORMAL,NORMAL,LOW,LOW,NORMAL,HIGH,ZERO,NORMAL,NORMAL,NORMAL,False,ZERO,NORMAL,NORMAL
HIGH,NORMAL,LOW,False,False,False,False,False,HIGH,NORMAL,LOW,LOW,NORMAL,LOW,ZERO,HIGH,HIGH,HIGH,False,ZERO,NORMAL,HIGH
HIGH,NORMAL,LOW,False,False,True,False,False,NORMAL,ONESIDED,NORMAL,LOW,NORMAL,LOW,ZERO,NORMAL,NORMAL,NORMAL,False,LOW,HIGH,NORMAL
HIGH,NORMAL,LOW,False,False,False,False,False,NORMAL,ESOPHAGEAL,LOW,LOW,NORMAL,HIGH,LOW,HIGH,HIGH,NORMAL,True,LOW,NORMAL,LOW
HIGH,NORMAL,LOW,False,False,False,False,False,HIGH,NORMAL,LOW,LOW,NORMAL,LOW,ZERO,HIGH,HIGH,HIGH,True,ZERO,NORMAL,HIGH
HIGH,NORMAL,LOW,False,False,False,False,False,NORMAL,NORMAL,LOW,LOW,NORMAL,HIGH,ZERO,HIGH,HIGH,NORMAL,False,ZERO,NORMAL,NORMAL
HIGH,ZERO,ZERO,False,False,False,False,False,NORMAL,NORMAL,NORMAL,LOW,NORMAL,HIGH,ZERO,HIGH,HIGH,NORMAL,False,ZERO,NORMAL,NORMAL
HIGH,NORMAL,LOW,False,False,False,False,False,NORMAL,NORMAL,LOW,LOW,NORMAL,HIGH,ZERO,HIGH,HIGH,NORMAL,False,ZERO,NORMAL,LOW
HIGH,NORMAL,LOW,False,False,False,False,False,NORMAL,NORMAL,LOW,LOW,NORMAL,HIGH,ZERO,HIGH,HIGH,NORMAL,False,ZERO,NORMAL,HIGH
HIGH,NORMAL,LOW,False,False,False,False,False,NORMAL,NORMAL,LOW,LOW,NORMAL,HIGH,ZERO,HIGH,HIGH,NORMAL,False,ZERO,NORMAL,HIGH
HIGH,NORMAL,LOW,False,False,False,False,False,LOW,NORMAL,NORMAL,LOW,NORMAL,HIGH,ZERO,HIGH,HIGH,LOW,False,ZERO,NORMAL,HIGH
HIGH,NORMAL,LOW,False,False,False,False,False,NORMAL,NORMAL,LOW,LOW,HIGH,HIGH,ZERO,HIGH,HIGH,NORMAL,False,ZERO,HIGH,HIGH
HIGH,NORMAL,LOW,False,False,False,False,False,NORMAL,NORMAL,LOW,LOW,NORMAL,HIGH,ZERO,HIGH,HIGH,NORMAL,False,ZERO,NORMAL,NORMAL
HIGH,NORMAL,LOW,False,False,False,False,False,NORMAL,NORMAL,LOW,LOW,NORMAL,HIGH,ZERO,HIGH,HIGH,NORMAL,False,ZERO,NORMAL,NORMAL
HIGH,NORMAL,LOW,False,False,False,False,True,LOW,NORMAL,LOW,LOW,LOW,LOW,ZERO,HIGH,HIGH,LOW,False,ZERO,NORMAL,HIGH
HIGH,NORMAL,LOW,False,False,False,False,False,NORMAL,NORMAL,LOW,LOW,LOW,HIGH,LOW,HIGH,HIGH,NORMAL,False,ZERO,NORMAL,NORMAL
HIGH,NORMAL,LOW,False,False,False,False,False,HIGH,NORMAL,LOW,LOW,NORMAL,HIGH,ZERO,HIGH,HIGH,HIGH,False,ZERO,NORMAL,LOW
HIGH,LOW,ZERO,False,False,False,False,False,NORMAL,NORMAL,LOW,HIGH,NORMAL,HIGH,HIGH,HIGH,HIGH,NORMAL,False,HIGH,NORMAL,NORMAL
HIGH,NORMAL,LOW,False,False,False,False,True,LOW,NORMAL,LOW,LOW,NORMAL,LOW,ZERO,HIGH,HIGH,LOW,False,ZERO,HIGH,LOW
HIGH,NORMAL,LOW,False,False,True,False,False,HIGH,NORMAL,LOW,LOW,NORMAL,NORMAL,ZERO,NORMAL,NORMAL,NORMAL,False,ZERO,NORMAL,LOW
HIGH,NORMAL,LOW,False,False,True,False,False,NORMAL,NORMAL,LOW,LOW,HIGH,HIGH,ZERO,NORMAL,NORMAL,NORMAL,False,ZERO,NORMAL,HIGH
LOW,NORMAL,LOW,False,False,False,False,False,HIGH,NORMAL,LOW,LOW,NORMAL,LOW,ZERO,LOW,LOW,HIGH,False,ZERO,NORMAL,NORMAL
HIGH,NORMAL,LOW,False,False,False,False,False,NORMAL,NORMAL,LOW,LOW,NORMAL,HIGH,ZERO,HIGH,HIGH,NORMAL,False,ZERO,NORMAL,NORMAL
HIGH,HIGH,HIGH,False,False,False,False,False,NORMAL,NORMAL,NORMAL,LOW,NORMAL,HIGH,HIGH,HIGH,HIGH,NORMAL,False,ZERO,NORMAL,LOW
LOW,NORMAL,LOW,False,False,False,False,False,NORMAL,NORMAL,LOW,LOW,NORMAL,HIGH,ZERO,HIGH,HIGH,NORMAL,False,ZERO,NORMAL,NORMAL
HIGH,NORMAL,LOW,False,False,False,False,False,NORMAL,ONESIDED,NORMAL,LOW,NORMAL,HIGH,ZERO,HIGH,HIGH,NORMAL,False,LOW,HIGH,NORMAL
HIGH,NORMAL,LOW,False,False,False,False,False,NORMAL,NORMAL,LOW,LOW,NORMAL,HIGH,ZERO,HIGH,HIGH,NORMAL,False,ZERO,NORMAL,NORMAL
HIGH,NORMAL,LOW,False,False,False,False,False,NORMAL,NORMAL,LOW,LOW,NORMAL,HIGH,ZERO,HIGH,HIGH,NORMAL,False,ZERO,NORMAL,NORMAL
HIGH,NORMAL,LOW,False,False,False,False,False,HIGH,NORMAL,LOW,LOW,NORMAL,HIGH,ZERO,NORMAL,HIGH,HIGH,False,ZERO,HIGH,NORMAL
NORMAL,NORMAL,LOW,False,False,False,False,False,NORMAL,NORMAL,LOW,LOW,NORMAL,HIGH,ZERO,HIGH,HIGH,NORMAL,False,ZERO,NORMAL,LOW
HIGH,LOW,ZERO,False,False,False,False,False,NORMAL,NORMAL,LOW,HIGH,NORMAL,HIGH,HIGH,HIGH,HIGH,NORMAL,False,HIGH,NORMAL,NORMAL
LOW,LOW,ZERO,False,False,False,False,False,NORMAL,NORMAL,LOW,HIGH,NORMAL,NORMAL,HIGH,LOW,LOW,NORMAL,False,HIGH,NORMAL,HIGH
LOW,NORMAL,LOW,False,False,False,False,False,NORMAL,NORMAL,LOW,LOW,NORMAL,NORMAL,ZERO,LOW,LOW,NORMAL,False,ZERO,NORMAL,HIGH
NORMAL,LOW,ZERO,False,False,False,False,False,NORMAL,NORMAL,LOW,LOW,LOW,HIGH,ZERO,HIGH,HIGH,NORMAL,False,ZERO,NORMAL,LOW
LOW,NORMAL,LOW,False,False,True,False,False,NORMAL,NORMAL,LOW,LOW,NORMAL,NORMAL,ZERO,LOW,LOW,NORMAL,False,ZERO,NORMAL,HIGH
HIGH,ZERO,ZERO,False,False,False,False,False,LOW,NORMAL,LOW,LOW,NORMAL,HIGH,HIGH,HIGH,HIGH,LOW,False,ZERO,NORMAL,LOW
HIGH,LOW,ZERO,False,False,False,False,False,LOW,NORMAL,LOW,HIGH,NORMAL,LOW,HIGH,HIGH,HIGH,LOW,False,HIGH,NORMAL,NORMAL
LOW,ZERO,ZERO,False,False,False,False,False,NORMAL,NORMAL,LOW,HIGH,NORMAL,NORMAL,HIGH,LOW,LOW,NORMAL,False,HIGH,NORMAL,NORMAL
HIGH,NORMAL,LOW,False,False,False,True,False,NORMAL,NORMAL,ZERO,LOW,NORMAL,HIGH,ZERO,HIGH,HIGH,NORMAL,False,ZERO,NORMAL,NORMAL
HIGH,ZERO,ZERO,False,False,False,False,False,NORMAL,NORMAL,LOW,NORMAL,LOW,HIGH,ZERO,HIGH,HIGH,NORMAL,False,ZERO,NORMAL,LOW
LOW,NORMAL,LOW,False,False,False,False,False,NORMAL,NORMAL,LOW,LOW,NORMAL,HIGH,ZERO,HIGH,HIGH,NORMAL,False,ZERO,NORMAL,HIGH
HIGH,LOW,ZERO,False,False,False,False,False,NORMAL,NORMAL,LOW,HIGH,NORMAL,HIGH,HIGH,HIGH,HIGH,NORMAL,False,HIGH,NORMAL,LOW
LOW,LOW,ZERO,False,False,True,False,False,LOW,NORMAL,LOW,HIGH,NORMAL,NORMAL,HIGH,NORMAL,NORMAL,LOW,False,HIGH,NORMAL,HIGH
HIGH,NORMAL,LOW,False,False,False,False,False,NORMAL,ONESIDED,LOW,LOW,NORMAL,HIGH,NORMAL,HIGH,HIGH,LOW,False,NORMAL,HIGH,NORMAL
HIGH,HIGH,HIGH,False,False,False,False,False,NORMAL,NORMAL,LOW,NORMAL,NORMAL,HIGH,HIGH,HIGH,HIGH,NORMAL,False,HIGH,NORMAL,LOW
HIGH,NORMAL,LOW,False,False,False,False,False,NORMAL,NORMAL,LOW,LOW,NORMAL,HIGH,ZERO,HIGH,HIGH,NORMAL,False,ZERO,NORMAL,NORMAL
HIGH,NORMAL,LOW,False,False,False,False,False,HIGH,NORMAL,LOW,LOW,NORMAL,NORMAL,ZERO,HIGH,HIGH,NORMAL,False,ZERO,NORMAL,LOW
HIGH,NORMAL,LOW,False,False,False,False,False,HIGH,NORMAL,LOW,LOW,NORMAL,LOW,ZERO,HIGH,HIGH,HIGH,False,ZERO,NORMAL,NORMAL
HIGH,NORMAL,LOW,False,False,False,True,False,NORMAL,NORMAL,LOW,LOW,NORMAL,HIGH,ZERO,HIGH,HIGH,NORMAL,False,ZERO,NORMAL,NORMAL
HIGH,NORMAL,LOW,False,False,False,False,False,HIGH,NORMAL,LOW,LOW,NORMAL,LOW,ZERO,HIGH,HIGH,HIGH,False,ZERO,NORMAL,NORMAL
HIGH,NORMAL,LOW,False,False,False,False,False,NORMAL,NORMAL,LOW,LOW,NORMAL,HIGH,ZERO,HIGH,HIGH,NORMAL,False,ZERO,NORMAL,LOW
HIGH,NORMAL,LOW,False,False,False,False,False,NORMAL,NORMAL,LOW,LOW,NORMAL,HIGH,ZERO,HIGH,HIGH,NORMAL,False,ZERO,NORMAL,HIGH
HIGH,HIGH,HIGH,False,False,False,True,False,NORMAL,NORMAL,LOW,HIGH,NORMAL,HIGH,HIGH,HIGH,HIGH,HIGH,False,HIGH,NORMAL,NORMAL
HIGH,NORMAL,LOW,False,False,False,True,False,HIGH,ESOPHAGEAL,LOW,NORMAL,NORMAL,HIGH,LOW,HIGH,HIGH,HIGH,False,LOW,NORMAL,HIGH
HIGH,NORMAL,LOW,False,False,False,False,False,NORMAL,NORMAL,LOW,LOW,NORMAL,HIGH,ZERO,HIGH,HIGH,NORMAL,False,ZERO,NORMAL,HIGH
HIGH,NORMAL,LOW,False,False,False,False,False,HIGH,NORMAL,LOW,LOW,NORMAL,HIGH,ZERO,HIGH,HIGH,HIGH,False,ZERO,NORMAL,NORMAL
LOW,NORMAL,LOW,False,False,False,False,False,NORMAL,NORMAL,LOW,LOW,NORMAL,NORMAL,ZERO,LOW,LOW,NORMAL,False,ZERO,NORMAL,NORMAL
LOW,NORMAL,LOW,False,False,False,False,False,HIGH,ONESIDED,NORMAL,LOW,NORMAL,LOW,ZERO,LOW,LOW,HIGH,False,LOW,HIGH,HIGH
LOW,HIGH,HIGH,False,False,False,True,False,NORMAL,NORMAL,LOW,HIGH,NORMAL,NORMAL,HIGH,LOW,LOW,NORMAL,False,HIGH,NORMAL,HIGH
HIGH,NORMAL,LOW,False,False,False,False,False,NORMAL,NORMAL,LOW,LOW,NORMAL,HIGH,ZERO,HIGH,HIGH,NORMAL,False,ZERO,NORMAL,NORMAL
HIGH,NORMAL,ZERO,False,False,False,False,False,NORMAL,NORMAL,LOW,HIGH,NORMAL,HIGH,HIGH,HIGH,HIGH,NORMAL,False,HIGH,NORMAL,NORMAL
HIGH,NORMAL,LOW,False,False,False,False,False,NORMAL,NORMAL,LOW,LOW,NORMAL,HIGH,ZERO,HIGH,HIGH,NORMAL,False,ZERO,NORMAL,NORMAL
LOW,NORMAL,LOW,False,False,False,False,False,NORMAL,NORMAL,LOW,LOW,HIGH,NORMAL,NORMAL,LOW,LOW,NORMAL,True,ZERO,NORMAL,HIGH
HIGH,NORMAL,LOW,False,False,False,False,False,NORMAL,NORMAL,LOW,LOW,NORMAL,HIGH,ZERO,HIGH,HIGH,NORMAL,False,ZERO,NORMAL,NORMAL
HIGH,NORMAL,LOW,False,False,False,True,False,NORMAL,NORMAL,LOW,LOW,NORMAL,HIGH,ZERO,HIGH,HIGH,NORMAL,False,ZERO,NORMAL,NORMAL
HIGH,HIGH,HIGH,False,False,False,True,False,NORMAL,NORMAL,ZERO,HIGH,NORMAL,HIGH,HIGH,HIGH,LOW,NORMAL,False,HIGH,HIGH,HIGH
HIGH,NORMAL,LOW,False,False,False,False,False,NORMAL,NORMAL,LOW,LOW,NORMAL,HIGH,ZERO,HIGH,HIGH,NORMAL,False,ZERO,NORMAL,LOW
HIGH,NORMAL,LOW,False,False,False,False,True,LOW,NORMAL,ZERO,LOW,NORMAL,LOW,ZERO,HIGH,HIGH,LOW,False,ZERO,NORMAL,NORMAL
HIGH,NORMAL,LOW,False,False,False,False,False,HIGH,NORMAL,ZERO,NORMAL,NORMAL,LOW,ZERO,NORMAL,HIGH,HIGH,False,HIGH,NORMAL,LOW
LOW,ZERO,ZERO,False,False,False,False,False,HIGH,NORMAL,LOW,HIGH,NORMAL,NORMAL,HIGH,LOW,LOW,HIGH,False,HIGH,NORMAL,HIGH
HIGH,NORMAL,LOW,False,False,False,True,False,NORMAL,NORMAL,LOW,LOW,NORMAL,HIGH,ZERO,HIGH,HIGH,NORMAL,False,ZERO,NORMAL,NORMAL
NORMAL,NORMAL,LOW,False,False,False,True,False,HIGH,NORMAL,LOW,LOW,NORMAL,HIGH,ZERO,HIGH,HIGH,HIGH,False,ZERO,NORMAL,NORMAL
HIGH,NORMAL,LOW,False,False,False,False,False,HIGH,NORMAL,LOW,LOW,LOW,LOW,ZERO,HIGH,HIGH,HIGH,False,ZERO,NORMAL,HIGH
HIGH,NORMAL,LOW,False,False,False,False,False,NORMAL,NORMAL,LOW,LOW,NORMAL,NORMAL,ZERO,HIGH,HIGH,NORMAL,False,ZERO,NORMAL,HIGH
HIGH,NORMAL,LOW,False,False,False,False,False,NORMAL,NORMAL,LOW,LOW,LOW,NORMAL,ZERO,HIGH,HIGH,NORMAL,False,ZERO,NORMAL,LOW
HIGH,NORMAL,LOW,False,False,False,False,False,HIGH,NORMAL,LOW,LOW,NORMAL,LOW,ZERO,HIGH,HIGH,HIGH,False,ZERO,NORMAL,NORMAL
NORMAL,NORMAL,LOW,False,False,False,False,False,NORMAL,NORMAL,LOW,LOW,NORMAL,HIGH,ZERO,HIGH,HIGH,NORMAL,False,ZERO,NORMAL,NORMAL
HIGH,NORMAL,ZERO,False,False,False,False,False,NORMAL,NORMAL,LOW,LOW,HIGH,LOW,ZERO,HIGH,HIGH,NORMAL,False,ZERO,NORMAL,HIGH
HIGH,NORMAL,LOW,False,False,False,False,False,NORMAL,NORMAL,LOW,LOW,NORMAL,HIGH,ZERO,HIGH,HIGH,NORMAL,False,ZERO,NORMAL,HIGH
HIGH,NORMAL,LOW,False,False,True,False,False,HIGH,NORMAL,LOW,LOW,NORMAL,HIGH,ZERO,NORMAL,NORMAL,HIGH,False,ZERO,NORMAL,NORMAL
HIGH,NORMAL,LOW,False,False,False,False,False,HIGH,NORMAL,LOW,LOW,NORMAL,HIGH,ZERO,HIGH,HIGH,HIGH,False,ZERO,NORMAL,LOW
HIGH,LOW,ZERO,False,False,True,True,False,HIGH,NORMAL,LOW,LOW,NORMAL,LOW,NORMAL,NORMAL,NORMAL,HIGH,False,ZERO,NORMAL,NORMAL
HIGH,NORMAL,ZERO,False,False,False,True,False,HIGH,NORMAL,LOW,LOW,NORMAL,HIGH,ZERO,HIGH,HIGH,HIGH,False,ZERO,NORMAL,HIGH
HIGH,NORMAL,LOW,False,False,False,False,False,NORMAL,NORMAL,LOW,LOW,NORMAL,HIGH,ZERO,HIGH,HIGH,NORMAL,False,ZERO,NORMAL,HIGH
LOW,NORMAL,LOW,False,False,False,False,False,NORMAL,NORMAL,LOW,LOW,NORMAL,NORMAL,ZERO,LOW,LOW,NORMAL,False,NORMAL,NORMAL,HIGH
NORMAL,NORMAL,LOW,False,False,False,False,False,HIGH,NORMAL,LOW,LOW,NORMAL,NORMAL,ZERO,LOW,HIGH,HIGH,False,ZERO,NORMAL,LOW
HIGH,NORMAL,LOW,False,False,False,False,False,NORMAL,NORMAL,LOW,LOW,HIGH,HIGH,ZERO,HIGH,HIGH,NORMAL,False,ZERO,NORMAL,LOW
HIGH,NORMAL,LOW,False,False,False,True,False,NORMAL,ESOPHAGEAL,NORMAL,LOW,NORMAL,HIGH,ZERO,HIGH,HIGH,NORMAL,False,ZERO,NORMAL,NORMAL
LOW,ZERO,ZERO,False,False,False,False,False,LOW,NORMAL,LOW,LOW,NORMAL,LOW,LOW,HIGH,HIGH,LOW,True,ZERO,NORMAL,HIGH
HIGH,NORMAL,LOW,False,False,False,False,False,NORMAL,NORMAL,LOW,LOW,NORMAL,HIGH,ZERO,HIGH,HIGH,NORMAL,False,ZERO,NORMAL,NORMAL
HIGH,NORMAL,LOW,False,False,False,False,False,NORMAL,NORMAL,LOW,LOW,NORMAL,HIGH,ZERO,HIGH,HIGH,NORMAL,False,ZERO,NORMAL,LOW
HIGH,HIGH,HIGH,False,False,False,False,False,NORMAL,NORMAL,LOW,HIGH,NORMAL,NORMAL,HIGH,HIGH,HIGH,NORMAL,False,HIGH,NORMAL,LOW
NORMAL,NORMAL,LOW,False,False,False,False,False,NORMAL,NORMAL,LOW,LOW,NORMAL,HIGH,ZERO,HIGH,HIGH,NORMAL,False,ZERO,NORMAL,NORMAL
HIGH,NORMAL,ZERO,False,False,False,True,False,NORMAL,NORMAL,LOW,LOW,NORMAL,HIGH,ZERO,HIGH,HIGH,NORMAL,False,ZERO,NORMAL,LOW
LOW,HIGH,HIGH,False,False,False,False,False,NORMAL,NORMAL,LOW,HIGH,NORMAL,NORMAL,HIGH,LOW,LOW,NORMAL,False,HIGH,NORMAL,HIGH
HIGH,HIGH,HIGH,False,False,True,False,False,HIGH,NORMAL,LOW,HIGH,NORMAL,NORMAL,HIGH,NORMAL,NORMAL,HIGH,False,HIGH,NORMAL,NORMAL
HIGH,HIGH,HIGH,False,False,False,False,False,NORMAL,NORMAL,LOW,NORMAL,NORMAL,HIGH,HIGH,HIGH,HIGH,NORMAL,False,HIGH,NORMAL,NORMAL
NORMAL,NORMAL,LOW,False,False,False,False,False,LOW,NORMAL,LOW,NORMAL,NORMAL,NORMAL,HIGH,HIGH,HIGH,LOW,False,HIGH,NORMAL,LOW
HIGH,NORMAL,LOW,False,False,False,False,False,HIGH,NORMAL,LOW,LOW,NORMAL,LOW,ZERO,HIGH,HIGH,HIGH,False,ZERO,NORMAL,HIGH
NORMAL,NORMAL,LOW,False,False,False,False,False,NORMAL,NORMAL,LOW,LOW,LOW,LOW,ZERO,HIGH,HIGH,NORMAL,False,ZERO,NORMAL,LOW
HIGH,NORMAL,LOW,False,False,False,False,False,HIGH,NORMAL,LOW,LOW,NORMAL,HIGH,ZERO,HIGH,HIGH,HIGH,False,ZERO,NORMAL,NORMAL
HIGH,NORMAL,LOW,False,False,False,False,False,NORMAL,NORMAL,LOW,LOW,NORMAL,HIGH,ZERO,HIGH,HIGH,NORMAL,False,ZERO,NORMAL,NORMAL
HIGH,NORMAL,LOW,False,False,False,False,False,LOW,NORMAL,LOW,LOW,NORMAL,HIGH,ZERO,HIGH,HIGH,HIGH,False,ZERO,NORMAL,NORMAL
HIGH,ZERO,ZERO,False,False,False,False,False,NORMAL,NORMAL,LOW,HIGH,NORMAL,LOW,HIGH,LOW,HIGH,NORMAL,False,HIGH,NORMAL,HIGH
HIGH,NORMAL,LOW,False,False,False,False,False,NORMAL,NORMAL,LOW,LOW,NORMAL,HIGH,ZERO,HIGH,HIGH,NORMAL,False,ZERO,NORMAL,HIGH
HIGH,NORMAL,LOW,False,False,False,False,False,NORMAL,NORMAL,LOW,LOW,NORMAL,HIGH,ZERO,HIGH,HIGH,LOW,False,ZERO,HIGH,NORMAL
LOW,NORMAL,ZERO,False,False,True,False,False,NORMAL,NORMAL,ZERO,HIGH,NORMAL,NORMAL,HIGH,LOW,LOW,NORMAL,False,HIGH,NORMAL,HIGH
NORMAL,NORMAL,LOW,False,False,False,False,False,HIGH,NORMAL,LOW,LOW,NORMAL,HIGH,ZERO,HIGH,HIGH,HIGH,True,ZERO,NORMAL,LOW
HIGH,NORMAL,LOW,False,False,False,False,True,LOW,NORMAL,LOW,LOW,NORMAL,LOW,ZERO,HIGH,HIGH,NORMAL,False,ZERO,NORMAL,HIGH
HIGH,NORMAL,LOW,False,False,False,False,True,LOW,NORMAL,LOW,LOW,LOW,HIGH,ZERO,HIGH,HIGH,LOW,False,ZERO,HIGH,NORMAL
HIGH,NORMAL,LOW,False,False,False,False,False,NORMAL,NORMAL,LOW,LOW,HIGH,HIGH,ZERO,HIGH,HIGH,NORMAL,False,ZERO,NORMAL,NORMAL
HIGH,NORMAL,LOW,False,False,True,False,False,NORMAL,NORMAL,LOW,LOW,NORMAL,HIGH,HIGH,NORMAL,NORMAL,NORMAL,False,ZERO,NORMAL,HIGH
HIGH,NORMAL,LOW,False,False,False,False,False,NORMAL,NORMAL,LOW,LOW,NORMAL,LOW,ZERO,HIGH,HIGH,NORMAL,True,ZERO,NORMAL,HIGH
HIGH,NORMAL,LOW,False,False,True,True,False,NORMAL,NORMAL,LOW,LOW,NORMAL,NORMAL,ZERO,NORMAL,NORMAL,NORMAL,False,ZERO,NORMAL,LOW
HIGH,NORMAL,LOW,False,False,False,True,False,NORMAL,NORMAL,NORMAL,HIGH,NORMAL,NORMAL,ZERO,HIGH,HIGH,NORMAL,True,HIGH,NORMAL,LOW
HIGH,NORMAL,LOW,False,False,False,False,False,NORMAL,NORMAL,LOW,LOW,NORMAL,HIGH,ZERO,HIGH,HIGH,NORMAL,False,ZERO,NORMAL,NORMAL
HIGH,NORMAL,LOW,False,False,True,False,False,LOW,NORMAL,LOW,HIGH,NORMAL,HIGH,HIGH,NORMAL,NORMAL,HIGH,False,HIGH,NORMAL,LOW
NORMAL,NORMAL,LOW,False,False,False,False,False,HIGH,NORMAL,LOW,LOW,NORMAL,LOW,ZERO,HIGH,HIGH,HIGH,False,ZERO,NORMAL,LOW
HIGH,NORMAL,LOW,False,False,False,False,False,HIGH,NORMAL,LOW,LOW,NORMAL,HIGH,ZERO,HIGH,HIGH,HIGH,False,ZERO,NORMAL,NORMAL
HIGH,NORMAL,LOW,False,False,False,False,False,NORMAL,NORMAL,LOW,LOW,LOW,HIGH,ZERO,HIGH,HIGH,NORMAL,False,ZERO,NORMAL,LOW
HIGH,LOW,ZERO,False,False,False,True,False,NORMAL,NORMAL,LOW,HIGH,NORMAL,HIGH,HIGH,HIGH,HIGH,NORMAL,False,HIGH,NORMAL,LOW
HIGH,NORMAL,LOW,False,False,False,False,False,NORMAL,NORMAL,LOW,LOW,NORMAL,HIGH,ZERO,HIGH,HIGH,LOW,False,ZERO,NORMAL,LOW
HIGH,NORMAL,LOW,False,False,False,False,False,NORMAL,NORMAL,LOW,LOW,NORMAL,HIGH,ZERO,HIGH,HIGH,NORMAL,False,ZERO,NORMAL,LOW
HIGH,NORMAL,LOW,False,False,True,False,False,HIGH,NORMAL,LOW,HIGH,NORMAL,LOW,HIGH,NORMAL,NORMAL,HIGH,False,HIGH,NORMAL,LOW
HIGH,ZERO,ZERO,False,False,False,False,False,HIGH,NORMAL,LOW,LOW,NORMAL,NORMAL,ZERO,HIGH,HIGH,HIGH,True,ZERO,NORMAL,LOW
HIGH,LOW,ZERO,False,False,False,False,False,HIGH,NORMAL,LOW,LOW,HIGH,HIGH,ZERO,HIGH,HIGH,HIGH,False,ZERO,NORMAL,LOW
HIGH,NORMAL,ZERO,False,False,False,False,False,NORMAL,NORMAL,LOW,HIGH,NORMAL,HIGH,HIGH,HIGH,HIGH,NORMAL,False,HIGH,NORMAL,LOW
HIGH,LOW,ZERO,False,False,False,False,False,NORMAL,NORMAL,ZERO,HIGH,NORMAL,HIGH,HIGH,HIGH,HIGH,NORMAL,False,HIGH,NORMAL,LOW
HIGH,LOW,ZERO,False,False,False,False,False,HIGH,NORMAL,LOW,LOW,NORMAL,LOW,ZERO,HIGH,HIGH,HIGH,False,ZERO,NORMAL,NORMAL
HIGH,NORMAL,LOW,False,False,False,False,False,NORMAL,NORMAL,NORMAL,LOW,HIGH,LOW,ZERO,HIGH,HIGH,NORMAL,False,ZERO,NORMAL,NORMAL
HIGH,NORMAL,LOW,False,False,False,False,False,NORMAL,NORMAL,LOW,LOW,NORMAL,HIGH,ZERO,HIGH,HIGH,NORMAL,False,ZERO,NORMAL,LOW
HIGH,NORMAL,LOW,False,False,False,True,False,NORMAL,NORMAL,LOW,LOW,NORMAL,HIGH,HIGH,HIGH,HIGH,NORMAL,False,ZERO,NORMAL,LOW
HIGH,NORMAL,LOW,False,False,False,False,False,NORMAL,NORMAL,LOW,LOW,NORMAL,LOW,ZERO,HIGH,HIGH,NORMAL,False,ZERO,NORMAL,LOW
HIGH,NORMAL,LOW,False,False,False,False,False,NORMAL,NORMAL,LOW,LOW,NORMAL,HIGH,ZERO,HIGH,HIGH,NORMAL,False,ZERO,NORMAL,LOW
HIGH,NORMAL,LOW,False,False,False,False,False,NORMAL,ONESIDED,NORMAL,LOW,NORMAL,HIGH,ZERO,HIGH,HIGH,NORMAL,False,LOW,HIGH,NORMAL
HIGH,NORMAL,LOW,False,False,False,False,False,NORMAL,NORMAL,LOW,LOW,LOW,HIGH,ZERO,HIGH,HIGH,NORMAL,False,ZERO,NORMAL,LOW
HIGH,NORMAL,LOW,False,False,False,False,False,NORMAL,NORMAL,LOW,LOW,HIGH,HIGH,ZERO,HIGH,HIGH,NORMAL,False,NORMAL,HIGH,NORMAL
HIGH,LOW,NORMAL,False,False,False,False,False,NORMAL,NORMAL,HIGH,LOW,NORMAL,HIGH,LOW,HIGH,HIGH,NORMAL,False,LOW,NORMAL,NORMAL
HIGH,NORMAL,LOW,False,False,False,False,False,NORMAL,NORMAL,LOW,LOW,NORMAL,HIGH,ZERO,HIGH,HIGH,HIGH,False,ZERO,NORMAL,NORMAL
HIGH,NORMAL,LOW,False,False,False,False,False,HIGH,NORMAL,LOW,LOW,NORMAL,HIGH,ZERO,HIGH,HIGH,HIGH,False,ZERO,NORMAL,LOW
HIGH,NORMAL,LOW,False,False,False,True,False,NORMAL,NORMAL,LOW,LOW,NORMAL,HIGH,ZERO,HIGH,HIGH,NORMAL,False,ZERO,NORMAL,HIGH
HIGH,HIGH,HIGH,False,False,False,False,False,HIGH,NORMAL,LOW,HIGH,NORMAL,LOW,HIGH,HIGH,HIGH,HIGH,False,HIGH,NORMAL,LOW
HIGH,NORMAL,LOW,False,False,True,False,False,LOW,NORMAL,LOW,LOW,HIGH,HIGH,ZERO,NORMAL,NORMAL,LOW,False,ZERO,NORMAL,LOW
HIGH,LOW,ZERO,False,False,True,False,False,NORMAL,NORMAL,LOW,LOW,NORMAL,HIGH,ZERO,NORMAL,NORMAL,NORMAL,False,ZERO,NORMAL,NORMAL
HIGH,NORMAL,LOW,False,False,False,False,False,NORMAL,NORMAL,LOW,LOW,NORMAL,HIGH,ZERO,HIGH,HIGH,NORMAL,False,ZERO,NORMAL,NORMAL
HIGH,NORMAL,LOW,False,False,False,False,False,HIGH,NORMAL,LOW,LOW,NORMAL,NORMAL,ZERO,HIGH,HIGH,HIGH,False,ZERO,NORMAL,HIGH
HIGH,NORMAL,ZERO,False,False,False,False,False,NORMAL,NORMAL,LOW,LOW,NORMAL,HIGH,ZERO,HIGH,HIGH,NORMAL,False,ZERO,HIGH,LOW
HIGH,NORMAL,LOW,False,False,False,False,True,LOW,NORMAL,LOW,LOW,NORMAL,NORMAL,ZERO,HIGH,HIGH,LOW,False,ZERO,NORMAL,HIGH
HIGH,NORMAL,LOW,False,False,False,True,False,HIGH,NORMAL,LOW,LOW,NORMAL,HIGH,ZERO,HIGH,HIGH,HIGH,False,ZERO,NORMAL,NORMAL
HIGH,NORMAL,LOW,False,False,False,False,False,NORMAL,NORMAL,ZERO,LOW,HIGH,LOW,ZERO,HIGH,HIGH,NORMAL,False,ZERO,NORMAL,NORMAL
LOW,HIGH,LOW,False,False,True,False,False,HIGH,NORMAL,LOW,LOW,NORMAL,NORMAL,ZERO,LOW,HIGH,HIGH,False,ZERO,NORMAL,NORMAL
HIGH,NORMAL,LOW,False,False,False,False,False,NORMAL,NORMAL,LOW,LOW,NORMAL,HIGH,ZERO,HIGH,HIGH,NORMAL,False,ZERO,NORMAL,NORMAL
LOW,ZERO,ZERO,False,False,False,False,False,NORMAL,NORMAL,LOW,LOW,NORMAL,NORMAL,ZERO,LOW,LOW,NORMAL,False,ZERO,NORMAL,NORMAL
HIGH,LOW,ZERO,False,False,False,False,False,NORMAL,NORMAL,LOW,LOW,LOW,HIGH,ZERO,HIGH,HIGH,NORMAL,False,ZERO,NORMAL,HIGH
HIGH,NORMAL,LOW,False,False,False,False,False,NORMAL,NORMAL,LOW,LOW,NORMAL,LOW,ZERO,HIGH,HIGH,NORMAL,False,ZERO,NORMAL,LOW
HIGH,NORMAL,LOW,False,False,False,False,False,NORMAL,NORMAL,LOW,LOW,NORMAL,HIGH,ZERO,HIGH,HIGH,NORMAL,False,ZERO,NORMAL,NORMAL
LOW,ZERO,ZERO,False,False,False,False,False,HIGH,NORMAL,LOW,HIGH,NORMAL,NORMAL,HIGH,LOW,LOW,HIGH,False,HIGH,NORMAL,HIGH
HIGH,NORMAL,LOW,False,False,False,False,False,NORMAL,NORMAL,LOW,LOW,NORMAL,HIGH,ZERO,HIGH,HIGH,NORMAL,False,ZERO,HIGH,HIGH
HIGH,NORMAL,LOW,False,False,False,True,True,LOW,NORMAL,LOW,LOW,NORMAL,LOW,ZERO,HIGH,HIGH,LOW,False,ZERO,NORMAL,NORMAL
HIGH,NORMAL,LOW,False,False,True,False,False,NORMAL,NORMAL,LOW,LOW,NORMAL,HIGH,ZERO,NORMAL,NORMAL,NORMAL,False,ZERO,NORMAL,NORMAL
HIGH,NORMAL,LOW,False,False,False,False,False,NORMAL,NORMAL,LOW,LOW,NORMAL,HIGH,ZERO,HIGH,HIGH,NORMAL,True,ZERO,NORMAL,HIGH
HIGH,NORMAL,LOW,False,False,False,False,False,NORMAL,NORMAL,LOW,HIGH,NORMAL,LOW,HIGH,HIGH,HIGH,NORMAL,False,HIGH,NORMAL,LOW
HIGH,NORMAL,LOW,False,False,False,True,False,HIGH,NORMAL,LOW,LOW,NORMAL,HIGH,ZERO,HIGH,HIGH,HIGH,False,ZERO,NORMAL,HIGH
HIGH,NORMAL,ZERO,False,False,False,False,False,NORMAL,NORMAL,LOW,HIGH,NORMAL,HIGH,HIGH,HIGH,LOW,NORMAL,False,HIGH,NORMAL,LOW
HIGH,NORMAL,LOW,False,False,False,False,False,NORMAL,NORMAL,LOW,LOW,NORMAL,HIGH,ZERO,HIGH,HIGH,NORMAL,False,ZERO,NORMAL,LOW
LOW,NORMAL,LOW,False,False,True,False,False,NORMAL,NORMAL,LOW,LOW,NORMAL,NORMAL,ZERO,LOW,HIGH,NORMAL,False,ZERO,HIGH,HIGH
HIGH,NORMAL,LOW,False,False,False,False,False,NORMAL,NORMAL,LOW,LOW,NORMAL,HIGH,ZERO,HIGH,HIGH,NORMAL,False,ZERO,NORMAL,NORMAL
HIGH,NORMAL,LOW,False,False,False,False,False,NORMAL,NORMAL,LOW,LOW,NORMAL,NORMAL,ZERO,HIGH,HIGH,NORMAL,False,ZERO,NORMAL,LOW
HIGH,NORMAL,LOW,False,False,False,False,False,NORMAL,NORMAL,LOW,LOW,NORMAL,HIGH,ZERO,HIGH,HIGH,NORMAL,False,ZERO,NORMAL,LOW
HIGH,NORMAL,LOW,False,True,True,False,False,NORMAL,NORMAL,LOW,LOW,HIGH,NORMAL,ZERO,NORMAL,NORMAL,NORMAL,False,ZERO,HIGH,LOW
HIGH,NORMAL,LOW,False,False,False,False,False,NORMAL,NORMAL,LOW,LOW,NORMAL,HIGH,ZERO,HIGH,NORMAL,NORMAL,True,ZERO,NORMAL,HIGH
LOW,NORMAL,ZERO,False,False,False,False,False,NORMAL,NORMAL,LOW,HIGH,NORMAL,NORMAL,HIGH,LOW,LOW,NORMAL,False,HIGH,NORMAL,HIGH
HIGH,NORMAL,LOW,False,False,False,False,False,NORMAL,NORMAL,LOW,LOW,NORMAL,HIGH,ZERO,HIGH,HIGH,NORMAL,False,ZERO,NORMAL,LOW
LOW,NORMAL,LOW,False,False,False,False,False,NORMAL,NORMAL,LOW,LOW,NORMAL,NORMAL,ZERO,LOW,LOW,NORMAL,False,ZERO,NORMAL,LOW
HIGH,NORMAL,LOW,False,False,False,False,False,NORMAL,NORMAL,LOW,LOW,NORMAL,HIGH,ZERO,HIGH,HIGH,NORMAL,False,ZERO,NORMAL,LOW
HIGH,NORMAL,LOW,False,False,False,False,False,NORMAL,NORMAL,LOW,LOW,NORMAL,HIGH,ZERO,HIGH,HIGH,NORMAL,False,ZERO,NORMAL,NORMAL
HIGH,NORMAL,LOW,False,False,True,False,False,NORMAL,NORMAL,LOW,LOW,NORMAL,HIGH,ZERO,NORMAL,NORMAL,NORMAL,False,ZERO,NORMAL,LOW
HIGH,NORMAL,LOW,False,False,False,False,False,NORMAL,NORMAL,LOW,LOW,NORMAL,HIGH,ZERO,HIGH,HIGH,NORMAL,False,ZERO,NORMAL,LOW
HIGH,NORMAL,LOW,False,False,False,False,False,NORMAL,NORMAL,LOW,LOW,LOW,HIGH,ZERO,HIGH,HIGH,NORMAL,False,ZERO,HIGH,LOW
HIGH,NORMAL,ZERO,False,False,False,True,False,NORMAL,NORMAL,LOW,LOW,NORMAL,HIGH,ZERO,HIGH,HIGH,NORMAL,True,ZERO,NORMAL,HIGH
HIGH,NORMAL,LOW,False,False,True,False,False,NORMAL,NORMAL,LOW,LOW,NORMAL,HIGH,ZERO,NORMAL,NORMAL,NORMAL,False,ZERO,NORMAL,NORMAL
HIGH,NORMAL,LOW,False,False,False,False,False,HIGH,NORMAL,LOW,LOW,NORMAL,LOW,ZERO,HIGH,HIGH,HIGH,False,ZERO,NORMAL,HIGH
HIGH,NORMAL,LOW,False,False,False,False,False,HIGH,ONESIDED,NORMAL,LOW,NORMAL,NORMAL,ZERO,HIGH,HIGH,HIGH,False,LOW,HIGH,HIGH
HIGH,NORMAL,LOW,False,False,False,False,False,NORMAL,NORMAL,LOW,LOW,NORMAL,HIGH,ZERO,HIGH,HIGH,NORMAL,True,ZERO,NORMAL,NORMAL
LOW,NORMAL,LOW,False,False,False,False,False,LOW,NORMAL,LOW,LOW,NORMAL,NORMAL,ZERO,LOW,LOW,LOW,False,ZERO,NORMAL,LOW
HIGH,NORMAL,ZERO,False,False,False,False,False,NORMAL,NORMAL,LOW,NORMAL,NORMAL,HIGH,ZERO,HIGH,HIGH,NORMAL,False,ZERO,NORMAL,LOW
HIGH,NORMAL,LOW,False,False,False,False,False,NORMAL,NORMAL,LOW,LOW,NORMAL,NORMAL,ZERO,HIGH,HIGH,LOW,False,ZERO,NORMAL,NORMAL
HIGH,NORMAL,LOW,False,False,False,False,False,NORMAL,NORMAL,LOW,NORMAL,NORMAL,HIGH,ZERO,HIGH,HIGH,NORMAL,True,ZERO,NORMAL,LOW
HIGH,NORMAL,LOW,False,False,False,False,False,NORMAL,ONESIDED,NORMAL,LOW,LOW,HIGH,ZERO,HIGH,HIGH,NORMAL,False,LOW,HIGH,NORMAL
HIGH,NORMAL,HIGH,False,False,False,True,False,NORMAL,ESOPHAGEAL,ZERO,HIGH,NORMAL,HIGH,LOW,HIGH,HIGH,NORMAL,False,HIGH,HIGH,NORMAL
HIGH,NORMAL,ZERO,False,False,False,False,False,NORMAL,NORMAL,LOW,HIGH,NORMAL,HIGH,HIGH,HIGH,HIGH,NORMAL,False,HIGH,NORMAL,LOW
HIGH,NORMAL,LOW,False,False,False,False,False,NORMAL,NORMAL,LOW,HIGH,NORMAL,HIGH,HIGH,HIGH,HIGH,NORMAL,False,HIGH,NORMAL,NORMAL
HIGH,NORMAL,LOW,False,False,True,False,False,NORMAL,NORMAL,LOW,LOW,NORMAL,HIGH,ZERO,NORMAL,NORMAL,NORMAL,False,ZERO,NORMAL,HIGH
HIGH,NORMAL,LOW,False,False,False,False,False,NORMAL,NORMAL,HIGH,LOW,NORMAL,HIGH,ZERO,HIGH,HIGH,NORMAL,False,ZERO,NORMAL,LOW
HIGH,NORMAL,LOW,False,False,False,False,False,NORMAL,NORMAL,LOW,LOW,HIGH,LOW,ZERO,HIGH,HIGH,NORMAL,False,ZERO,NORMAL,HIGH
HIGH,NORMAL,LOW,False,False,False,False,False,NORMAL,NORMAL,LOW,LOW,NORMAL,LOW,ZERO,HIGH,HIGH,NORMAL,False,ZERO,NORMAL,NORMAL
LOW,HIGH,NORMAL,False,False,False,False,False,NORMAL,NORMAL,LOW,LOW,NORMAL,NORMAL,ZERO,LOW,LOW,NORMAL,False,ZERO,NORMAL,HIGH
HIGH,NORMAL,LOW,False,False,False,True,False,HIGH,NORMAL,HIGH,LOW,NORMAL,HIGH,ZERO,LOW,HIGH,HIGH,False,ZERO,NORMAL,HIGH
HIGH,NORMAL,LOW,False,False,False,False,False,LOW,NORMAL,LOW,LOW,NORMAL,HIGH,ZERO,HIGH,HIGH,LOW,False,ZERO,NORMAL,HIGH
HIGH,NORMAL,LOW,False,True,False,False,False,NORMAL,ESOPHAGEAL,LOW,LOW,HIGH,HIGH,LOW,HIGH,HIGH,NORMAL,False,LOW,HIGH,LOW
HIGH,NORMAL,ZERO,False,False,False,False,False,NORMAL,NORMAL,LOW,HIGH,NORMAL,NORMAL,HIGH,HIGH,HIGH,NORMAL,False,HIGH,NORMAL,NORMAL
LOW,NORMAL,LOW,False,False,False,True,False,NORMAL,NORMAL,LOW,LOW,NORMAL,NORMAL,ZERO,LOW,LOW,NORMAL,False,ZERO,NORMAL,NORMAL
NORMAL,NORMAL,LOW,False,False,False,False,False,NORMAL,NORMAL,LOW,LOW,NORMAL,LOW,ZERO,NORMAL,HIGH,NORMAL,False,ZERO,NORMAL,HIGH
HIGH,NORMAL,LOW,False,False,False,False,False,NORMAL,NORMAL,LOW,LOW,NORMAL,HIGH,ZERO,HIGH,HIGH,NORMAL,False,ZERO,NORMAL,NORMAL
HIGH,NORMAL,LOW,False,False,False,False,False,NORMAL,NORMAL,LOW,LOW,NORMAL,HIGH,ZERO,HIGH,HIGH,NORMAL,True,ZERO,NORMAL,LOW
HIGH,NORMAL,ZERO,False,False,False,False,False,NORMAL,NORMAL,LOW,HIGH,NORMAL,HIGH,HIGH,HIGH,HIGH,NORMAL,False,HIGH,NORMAL,NORMAL
NORMAL,NORMAL,ZERO,False,False,False,True,False,NORMAL,NORMAL,LOW,LOW,NORMAL,HIGH,ZERO,HIGH,HIGH,NORMAL,False,ZERO,NORMAL,LOW
HIGH,NORMAL,LOW,False,False,False,False,False,HIGH,NORMAL,LOW,LOW,NORMAL,HIGH,ZERO,HIGH,HIGH,NORMAL,False,ZERO,NORMAL,HIGH
HIGH,NORMAL,LOW,False,False,False,False,False,NORMAL,NORMAL,LOW,LOW,NORMAL,HIGH,ZERO,HIGH,HIGH,NORMAL,False,ZERO,NORMAL,NORMAL
LOW,NORMAL,LOW,False,False,False,False,False,NORMAL,NORMAL,LOW,LOW,NORMAL,LOW,ZERO,LOW,LOW,NORMAL,False,ZERO,NORMAL,NORMAL
LOW,NORMAL,LOW,False,False,False,False,False,NORMAL,NORMAL,LOW,LOW,NORMAL,NORMAL,ZERO,HIGH,LOW,NORMAL,False,ZERO,NORMAL,NORMAL
LOW,NORMAL,LOW,False,False,False,False,False,NORMAL,NORMAL,LOW,LOW,LOW,NORMAL,ZERO,LOW,LOW,NORMAL,False,LOW,HIGH,HIGH
HIGH,NORMAL,ZERO,False,False,False,False,False,NORMAL,NORMAL,LOW,HIGH,NORMAL,HIGH,HIGH,HIGH,HIGH,NORMAL,False,HIGH,NORMAL,LOW
HIGH,NORMAL,LOW,False,False,False,False,False,NORMAL,NORMAL,ZERO,LOW,NORMAL,HIGH,ZERO,HIGH,HIGH,NORMAL,False,ZERO,NORMAL,NORMAL
HIGH,NORMAL,LOW,False,False,False,False,False,NORMAL,ESOPHAGEAL,LOW,LOW,NORMAL,HIGH,LOW,HIGH,HIGH,NORMAL,False,LOW,NORMAL,HIGH
HIGH,NORMAL,LOW,False,False,True,False,False,NORMAL,NORMAL,LOW,LOW,NORMAL,LOW,ZERO,NORMAL,NORMAL,NORMAL,False,ZERO,NORMAL,NORMAL
HIGH,NORMAL,LOW,False,False,False,False,False,LOW,NORMAL,LOW,LOW,NORMAL,HIGH,ZERO,HIGH,HIGH,LOW,False,ZERO,NORMAL,NORMAL
HIGH,ZERO,ZERO,False,False,True,True,False,HIGH,NORMAL,LOW,HIGH,NORMAL,HIGH,HIGH,NORMAL,NORMAL,HIGH,False,HIGH,NORMAL,NORMAL
HIGH,LOW,ZERO,False,False,False,True,False,NORMAL,NORMAL,LOW,HIGH,NORMAL,HIGH,HIGH,HIGH,NORMAL,NORMAL,False,HIGH,NORMAL,NORMAL
HIGH,NORMAL,LOW,False,False,True,False,False,NORMAL,NORMAL,LOW,LOW,NORMAL,NORMAL,ZERO,NORMAL,NORMAL,LOW,False,ZERO,NORMAL,NORMAL
HIGH,ZERO,ZERO,False,False,False,False,False,NORMAL,NORMAL,LOW,LOW,NORMAL,HIGH,ZERO,HIGH,HIGH,NORMAL,False,ZERO,NORMAL,NORMAL
NORMAL,NORMAL,LOW,False,False,False,False,False,NORMAL,NORMAL,LOW,LOW,NORMAL,HIGH,ZERO,HIGH,HIGH,NORMAL,False,ZERO,NORMAL,HIGH
HIGH,NORMAL,LOW,False,False,False,False,False,NORMAL,NORMAL,LOW,LOW,LOW,HIGH,ZERO,HIGH,HIGH,NORMAL,False,ZERO,NORMAL,LOW
HIGH,NORMAL,ZERO,False,False,False,False,False,NORMAL,NORMAL,LOW,LOW,NORMAL,HIGH,ZERO,HIGH,HIGH,HIGH,False,ZERO,NORMAL,NORMAL
HIGH,NORMAL,LOW,False,False,False,True,False,NORMAL,NORMAL,LOW,LOW,NORMAL,HIGH,ZERO,HIGH,HIGH,NORMAL,False,ZERO,NORMAL,LOW
HIGH,NORMAL,LOW,False,False,False,False,False,HIGH,NORMAL,LOW,LOW,NORMAL,HIGH,ZERO,HIGH,HIGH,HIGH,False,ZERO,HIGH,HIGH
HIGH,NORMAL,NORMAL,False,False,False,False,False,HIGH,NORMAL,HIGH,LOW,LOW,HIGH,LOW,HIGH,HIGH,HIGH,False,LOW,NORMAL,HIGH
HIGH,ZERO,ZERO,False,False,False,False,True,LOW,NORMAL,LOW,HIGH,NORMAL,LOW,HIGH,HIGH,HIGH,LOW,False,HIGH,NORMAL,LOW
HIGH,NORMAL,LOW,False,False,False,False,False,HIGH,NORMAL,LOW,LOW,NORMAL,LOW,ZERO,NORMAL,HIGH,HIGH,False,ZERO,NORMAL,NORMAL
NORMAL,NORMAL,HIGH,False,False,False,False,True,LOW,NORMAL,LOW,HIGH,NORMAL,LOW,HIGH,NORMAL,NORMAL,LOW,False,HIGH,HIGH,HIGH
NORMAL,NORMAL,LOW,False,False,False,False,False,NORMAL,NORMAL,LOW,LOW,NORMAL,HIGH,ZERO,HIGH,HIGH,NORMAL,False,ZERO,NORMAL,NORMAL
NORMAL,NORMAL,LOW,False,False,False,False,False,NORMAL,NORMAL,LOW,LOW,LOW,NORMAL,ZERO,HIGH,HIGH,NORMAL,False,ZERO,NORMAL,NORMAL
HIGH,NORMAL,LOW,False,False,False,False,False,HIGH,NORMAL,LOW,LOW,NORMAL,HIGH,ZERO,HIGH,HIGH,HIGH,False,ZERO,NORMAL,HIGH
LOW,NORMAL,LOW,False,False,False,False,False,HIGH,NORMAL,LOW,LOW,NORMAL,LOW,ZERO,LOW,HIGH,HIGH,False,ZERO,NORMAL,LOW
HIGH,NORMAL,LOW,False,False,True,False,False,HIGH,NORMAL,LOW,LOW,NORMAL,HIGH,ZERO,NORMAL,NORMAL,HIGH,False,ZERO,NORMAL,LOW
HIGH,ZERO,ZERO,False,False,False,False,False,LOW,NORMAL,LOW,HIGH,NORMAL,HIGH,HIGH,HIGH,HIGH,LOW,False,HIGH,NORMAL,LOW
HIGH,HIGH,NORMAL,True,False,False,False,False,NORMAL,NORMAL,HIGH,LOW,LOW,HIGH,LOW,HIGH,HIGH,NORMAL,False,LOW,NORMAL,LOW
HIGH,NORMAL,LOW,False,False,False,False,False,NORMAL,NORMAL,LOW,LOW,NORMAL,HIGH,ZERO,HIGH,HIGH,NORMAL,False,ZERO,NORMAL,NORMAL
LOW,NORMAL,LOW,False,False,False,False,False,NORMAL,NORMAL,LOW,LOW,NORMAL,NORMAL,ZERO,LOW,LOW,NORMAL,False,ZERO,NORMAL,HIGH
HIGH,NORMAL,LOW,False,False,False,False,False,HIGH,NORMAL,LOW,LOW,NORMAL,HIGH,ZERO,HIGH,HIGH,HIGH,False,ZERO,NORMAL,HIGH
NORMAL,NORMAL,LOW,False,False,False,False,False,HIGH,NORMAL,LOW,LOW,NORMAL,LOW,ZERO,NORMAL,LOW,NORMAL,False,ZERO,NORMAL,NORMAL
HIGH,NORMAL,LOW,False,False,False,False,False,NORMAL,ONESIDED,LOW,LOW,NORMAL,LOW,NORMAL,HIGH,HIGH,NORMAL,False,NORMAL,HIGH,LOW
LOW,HIGH,HIGH,False,False,False,False,False,NORMAL,NORMAL,LOW,HIGH,NORMAL,NORMAL,HIGH,LOW,LOW,NORMAL,False,HIGH,NORMAL,HIGH
HIGH,NORMAL,LOW,False,False,False,False,False,HIGH,NORMAL,ZERO,LOW,NORMAL,HIGH,ZERO,HIGH,HIGH,HIGH,False,ZERO,NORMAL,LOW
HIGH,LOW,LOW,False,False,False,False,False,NORMAL,NORMAL,LOW,LOW,NORMAL,HIGH,ZERO,HIGH,HIGH,NORMAL,False,ZERO,NORMAL,NORMAL
HIGH,NORMAL,LOW,False,False,False,False,False,NORMAL,NORMAL,LOW,LOW,LOW,HIGH,ZERO,HIGH,HIGH,NORMAL,False,ZERO,NORMAL,LOW
HIGH,NORMAL,ZERO,False,False,True,False,False,HIGH,NORMAL,LOW,HIGH,NORMAL,HIGH,HIGH,NORMAL,NORMAL,HIGH,False,HIGH,NORMAL,NORMAL
HIGH,HIGH,HIGH,False,False,False,False,False,NORMAL,NORMAL,ZERO,HIGH,LOW,HIGH,HIGH,HIGH,HIGH,NORMAL,False,HIGH,NORMAL,LOW
HIGH,HIGH,HIGH,False,False,False,False,False,NORMAL,NORMAL,LOW,HIGH,NORMAL,HIGH,HIGH,HIGH,HIGH,NORMAL,False,HIGH,NORMAL,NORMAL
HIGH,NORMAL,LOW,False,False,False,False,False,NORMAL,NORMAL,LOW,LOW,NORMAL,HIGH,ZERO,HIGH,HIGH,NORMAL,False,ZERO,NORMAL,NORMAL
HIGH,NORMAL,LOW,False,False,False,False,False,HIGH,NORMAL,LOW,LOW,NORMAL,NORMAL,ZERO,HIGH,HIGH,HIGH,False,ZERO,NORMAL,LOW
LOW,NORMAL,LOW,False,False,False,False,True,NORMAL,ESOPHAGEAL,ZERO,LOW,NORMAL,LOW,LOW,LOW,LOW,NORMAL,False,LOW,NORMAL,HIGH
HIGH,NORMAL,LOW,False,False,False,False,False,HIGH,NORMAL,LOW,LOW,NORMAL,LOW,ZERO,HIGH,HIGH,HIGH,False,ZERO,NORMAL,NORMAL
HIGH,LOW,ZERO,False,False,False,False,False,NORMAL,NORMAL,LOW,HIGH,NORMAL,HIGH,HIGH,HIGH,HIGH,NORMAL,False,HIGH,HIGH,NORMAL
HIGH,NORMAL,LOW,False,False,False,False,False,HIGH,ONESIDED,NORMAL,LOW,NORMAL,HIGH,ZERO,HIGH,HIGH,HIGH,False,LOW,HIGH,NORMAL
HIGH,NORMAL,LOW,False,False,False,False,False,NORMAL,NORMAL,LOW,LOW,NORMAL,HIGH,ZERO,LOW,HIGH,NORMAL,False,ZERO,NORMAL,HIGH
LOW,HIGH,HIGH,False,False,False,False,False,NORMAL,NORMAL,LOW,HIGH,HIGH,NORMAL,HIGH,LOW,LOW,NORMAL,False,HIGH,NORMAL,HIGH
LOW,HIGH,HIGH,False,False,False,False,False,HIGH,NORMAL,LOW,HIGH,NORMAL,LOW,HIGH,LOW,LOW,HIGH,False,HIGH,NORMAL,HIGH
HIGH,NORMAL,ZERO,False,False,False,False,False,HIGH,NORMAL,LOW,HIGH,NORMAL,HIGH,HIGH,HIGH,HIGH,HIGH,False,HIGH,NORMAL,NORMAL
HIGH,NORMAL,LOW,False,False,False,False,False,NORMAL,NORMAL,LOW,LOW,NORMAL,HIGH,ZERO,HIGH,HIGH,NORMAL,False,ZERO,NORMAL,NORMAL
HIGH,NORMAL,LOW,False,False,False,False,True,LOW,NORMAL,LOW,LOW,NORMAL,LOW,ZERO,HIGH,HIGH,LOW,False,ZERO,NORMAL,HIGH
HIGH,NORMAL,LOW,False,False,False,False,False,NORMAL,NORMAL,LOW,LOW,NORMAL,HIGH,ZERO,HIGH,HIGH,NORMAL,False,ZERO,NORMAL,HIGH
HIGH,NORMAL,LOW,False,False,False,False,False,NORMAL,NORMAL,LOW,LOW,NORMAL,NORMAL,NORMAL,HIGH,HIGH,NORMAL,False,ZERO,NORMAL,NORMAL
LOW,NORMAL,ZERO,False,False,False,False,False,HIGH,NORMAL,LOW,HIGH,NORMAL,NORMAL,HIGH,LOW,LOW,HIGH,False,HIGH,NORMAL,NORMAL
HIGH,NORMAL,LOW,False,False,False,False,False,NORMAL,NORMAL,LOW,LOW,HIGH,NORMAL,ZERO,HIGH,HIGH,NORMAL,False,ZERO,NORMAL,NORMAL
HIGH,NORMAL,LOW,False,False,False,False,False,NORMAL,ONESIDED,LOW,LOW,LOW,HIGH,NORMAL,HIGH,HIGH,NORMAL,False,NORMAL,HIGH,NORMAL
HIGH,NORMAL,LOW,False,False,False,False,False,NORMAL,NORMAL,LOW,LOW,NORMAL,HIGH,ZERO,HIGH,HIGH,NORMAL,False,ZERO,NORMAL,HIGH
HIGH,NORMAL,LOW,False,False,False,False,False,LOW,ONESIDED,NORMAL,LOW,NORMAL,HIGH,ZERO,HIGH,HIGH,LOW,False,LOW,HIGH,NORMAL
HIGH,ZERO,ZERO,False,False,False,True,False,NORMAL,NORMAL,LOW,NORMAL,NORMAL,HIGH,HIGH,HIGH,HIGH,HIGH,False,HIGH,NORMAL,LOW
HIGH,NORMAL,LOW,False,False,True,False,False,NORMAL,NORMAL,ZERO,NORMAL,NORMAL,HIGH,ZERO,NORMAL,NORMAL,NORMAL,False,ZERO,NORMAL,HIGH
HIGH,NORMAL,LOW,False,False,False,False,False,HIGH,NORMAL,LOW,LOW,NORMAL,HIGH,ZERO,HIGH,HIGH,HIGH,False,ZERO,NORMAL,LOW
HIGH,NORMAL,LOW,False,False,True,False,False,NORMAL,NORMAL,LOW,LOW,NORMAL,HIGH,ZERO,NORMAL,NORMAL,NORMAL,False,ZERO,NORMAL,HIGH
HIGH,NORMAL,LOW,False,False,False,False,False,NORMAL,NORMAL,LOW,LOW,NORMAL,HIGH,ZERO,HIGH,HIGH,NORMAL,False,ZERO,NORMAL,HIGH
HIGH,NORMAL,LOW,False,False,False,False,False,NORMAL,NORMAL,LOW,LOW,NORMAL,HIGH,ZERO,HIGH,HIGH,NORMAL,False,ZERO,NORMAL,HIGH
HIGH,NORMAL,LOW,False,False,False,False,False,NORMAL,NORMAL,LOW,LOW,NORMAL,HIGH,ZERO,HIGH,HIGH,NORMAL,False,ZERO,NORMAL,LOW
HIGH,NORMAL,LOW,False,False,False,False,False,HIGH,NORMAL,LOW,LOW,NORMAL,LOW,ZERO,HIGH,HIGH,HIGH,False,ZERO,HIGH,HIGH
HIGH,NORMAL,LOW,False,False,True,False,False,NORMAL,NORMAL,LOW,LOW,NORMAL,HIGH,ZERO,NORMAL,NORMAL,NORMAL,False,ZERO,NORMAL,HIGH
HIGH,NORMAL,LOW,False,False,False,False,False,NORMAL,NORMAL,LOW,LOW,HIGH,LOW,ZERO,HIGH,HIGH,NORMAL,False,ZERO,NORMAL,HIGH
HIGH,NORMAL,LOW,False,False,False,False,False,HIGH,NORMAL,LOW,LOW,NORMAL,LOW,ZERO,HIGH,HIGH,HIGH,False,ZERO,NORMAL,LOW
HIGH,NORMAL,LOW,False,False,True,False,False,HIGH,NORMAL,LOW,LOW,HIGH,LOW,ZERO,NORMAL,NORMAL,HIGH,False,ZERO,NORMAL,LOW
HIGH,NORMAL,LOW,False,False,False,False,False,HIGH,NORMAL,LOW,LOW,NORMAL,LOW,ZERO,HIGH,HIGH,HIGH,False,ZERO,NORMAL,HIGH
HIGH,ZERO,ZERO,True,False,False,False,False,HIGH,NORMAL,LOW,HIGH,NORMAL,HIGH,HIGH,HIGH,HIGH,HIGH,False,HIGH,NORMAL,LOW
HIGH,NORMAL,LOW,False,False,False,False,False,HIGH,NORMAL,ZERO,LOW,NORMAL,HIGH,ZERO,HIGH,HIGH,HIGH,False,ZERO,HIGH,NORMAL
HIGH,NORMAL,LOW,False,False,False,False,False,NORMAL,NORMAL,LOW,LOW,NORMAL,HIGH,HIGH,HIGH,HIGH,NORMAL,False,ZERO,NORMAL,HIGH
HIGH,NORMAL,LOW,False,False,False,False,False,HIGH,NORMAL,LOW,LOW,NORMAL,LOW,ZERO,HIGH,HIGH,HIGH,False,ZERO,NORMAL,LOW
HIGH,NORMAL,LOW,False,False,False,False,False,NORMAL,NORMAL,LOW,LOW,NORMAL,LOW,ZERO,HIGH,HIGH,NORMAL,False,ZERO,NORMAL,HIGH
HIGH,NORMAL,LOW,False,False,False,False,False,NORMAL,NORMAL,LOW,LOW,NORMAL,HIGH,ZERO,HIGH,HIGH,NORMAL,False,ZERO,NORMAL,LOW
HIGH,NORMAL,LOW,False,False,False,False,False,NORMAL,ESOPHAGEAL,LOW,LOW,NORMAL,HIGH,LOW,HIGH,HIGH,NORMAL,False,LOW,HIGH,NORMAL
HIGH,NORMAL,LOW,False,False,False,False,False,NORMAL,NORMAL,LOW,LOW,LOW,HIGH,ZERO,HIGH,HIGH,NORMAL,False,ZERO,NORMAL,LOW
HIGH,NORMAL,LOW,False,False,False,False,False,NORMAL,NORMAL,NORMAL,LOW,NORMAL,HIGH,ZERO,HIGH,HIGH,NORMAL,False,ZERO,NORMAL,LOW
HIGH,NORMAL,LOW,False,False,False,False,False,NORMAL,NORMAL,ZERO,LOW,NORMAL,HIGH,ZERO,HIGH,HIGH,NORMAL,False,ZERO,NORMAL,NORMAL
HIGH,NORMAL,LOW,False,False,False,False,False,NORMAL,NORMAL,LOW,LOW,NORMAL,HIGH,ZERO,HIGH,HIGH,NORMAL,False,ZERO,HIGH,NORMAL
HIGH,NORMAL,ZERO,False,False,False,False,False,HIGH,NORMAL,LOW,LOW,LOW,LOW,ZERO,HIGH,HIGH,HIGH,False,ZERO,NORMAL,HIGH
HIGH,NORMAL,LOW,False,False,False,False,False,LOW,NORMAL,LOW,LOW,NORMAL,HIGH,ZERO,HIGH,HIGH,LOW,False,ZERO,NORMAL,LOW
HIGH,NORMAL,NORMAL,False,False,False,False,False,NORMAL,NORMAL,HIGH,LOW,NORMAL,HIGH,LOW,HIGH,HIGH,NORMAL,False,LOW,NORMAL,HIGH
HIGH,NORMAL,LOW,False,False,False,False,False,NORMAL,NORMAL,LOW,LOW,NORMAL,HIGH,ZERO,HIGH,HIGH,NORMAL,False,ZERO,NORMAL,HIGH
HIGH,NORMAL,LOW,False,False,False,False,False,NORMAL,ONESIDED,NORMAL,LOW,NORMAL,HIGH,ZERO,HIGH,HIGH,NORMAL,False,LOW,HIGH,HIGH
HIGH,NORMAL,LOW,False,False,False,False,False,NORMAL,NORMAL,LOW,LOW,NORMAL,HIGH,ZERO,HIGH,HIGH,NORMAL,False,ZERO,NORMAL,NORMAL
HIGH,NORMAL,LOW,False,False,False,False,False,HIGH,NORMAL,LOW,LOW,NORMAL,HIGH,NORMAL,LOW,HIGH,HIGH,False,ZERO,NORMAL,NORMAL
HIGH,NORMAL,LOW,False,False,False,False,False,HIGH,NORMAL,LOW,LOW,NORMAL,LOW,ZERO,HIGH,HIGH,HIGH,False,ZERO,NORMAL,NORMAL
HIGH,NORMAL,LOW,False,False,True,False,False,NORMAL,NORMAL,LOW,HIGH,NORMAL,HIGH,HIGH,NORMAL,NORMAL,NORMAL,False,HIGH,NORMAL,NORMAL
HIGH,NORMAL,NORMAL,True,False,False,False,False,NORMAL,NORMAL,HIGH,LOW,NORMAL,HIGH,LOW,HIGH,HIGH,NORMAL,False,LOW,NORMAL,HIGH
LOW,NORMAL,LOW,False,False,False,False,False,NORMAL,NORMAL,LOW,LOW,NORMAL,NORMAL,ZERO,LOW,LOW,NORMAL,False,ZERO,NORMAL,LOW
LOW,NORMAL,LOW,False,False,False,False,False,NORMAL,NORMAL,LOW,LOW,NORMAL,NORMAL,ZERO,LOW,LOW,LOW,False,ZERO,NORMAL,HIGH
HIGH,NORMAL,ZERO,False,False,True,False,False,HIGH,NORMAL,LOW,LOW,NORMAL,HIGH,ZERO,NORMAL,NORMAL,HIGH,False,ZERO,NORMAL,HIGH
LOW,NORMAL,ZERO,False,False,False,False,False,NORMAL,NORMAL,LOW,HIGH,NORMAL,LOW,HIGH,LOW,HIGH,NORMAL,False,HIGH,NORMAL,NORMAL
HIGH,NORMAL,LOW,False,False,False,False,False,NORMAL,NORMAL,LOW,LOW,NORMAL,HIGH,ZERO,HIGH,HIGH,NORMAL,False,ZERO,NORMAL,HIGH
HIGH,NORMAL,LOW,False,False,False,False,True,LOW,ONESIDED,LOW,LOW,NORMAL,LOW,NORMAL,HIGH,HIGH,LOW,False,NORMAL,HIGH,NORMAL
LOW,NORMAL,LOW,False,False,False,False,True,LOW,NORMAL,LOW,LOW,NORMAL,LOW,ZERO,LOW,LOW,LOW,False,ZERO,NORMAL,NORMAL
HIGH,NORMAL,LOW,False,False,False,False,False,HIGH,NORMAL,LOW,LOW,NORMAL,HIGH,ZERO,HIGH,HIGH,HIGH,False,ZERO,NORMAL,NORMAL
NORMAL,NORMAL,LOW,False,False,True,True,False,NORMAL,NORMAL,LOW,HIGH,NORMAL,LOW,ZERO,LOW,HIGH,NORMAL,False,HIGH,NORMAL,HIGH
HIGH,NORMAL,LOW,False,False,False,False,False,NORMAL,NORMAL,LOW,LOW,NORMAL,HIGH,ZERO,HIGH,HIGH,NORMAL,False,ZERO,NORMAL,HIGH
NORMAL,NORMAL,LOW,False,False,False,False,False,NORMAL,NORMAL,LOW,LOW,NORMAL,HIGH,ZERO,HIGH,HIGH,NORMAL,False,ZERO,NORMAL,NORMAL
HIGH,NORMAL,ZERO,False,False,False,False,False,NORMAL,NORMAL,LOW,LOW,NORMAL,HIGH,ZERO,HIGH,HIGH,NORMAL,False,ZERO,NORMAL,LOW
HIGH,NORMAL,LOW,False,False,False,False,False,HIGH,ONESIDED,LOW,LOW,NORMAL,NORMAL,NORMAL,HIGH,HIGH,HIGH,False,NORMAL,HIGH,NORMAL
HIGH,NORMAL,LOW,False,False,False,False,False,HIGH,NORMAL,LOW,LOW,NORMAL,LOW,ZERO,HIGH,HIGH,HIGH,False,ZERO,NORMAL,LOW
HIGH,ZERO,ZERO,False,False,False,False,False,NORMAL,NORMAL,ZERO,HIGH,NORMAL,HIGH,LOW,HIGH,HIGH,NORMAL,False,HIGH,NORMAL,LOW
HIGH,NORMAL,LOW,False,False,False,False,False,NORMAL,NORMAL,LOW,LOW,NORMAL,HIGH,ZERO,HIGH,HIGH,NORMAL,False,ZERO,NORMAL,HIGH
HIGH,NORMAL,LOW,False,False,False,False,False,HIGH,NORMAL,LOW,LOW,NORMAL,LOW,ZERO,HIGH,HIGH,HIGH,False,ZERO,NORMAL,NORMAL
LOW,NORMAL,LOW,False,False,False,True,True,LOW,NORMAL,LOW,LOW,NORMAL,LOW,ZERO,LOW,LOW,LOW,False,NORMAL,NORMAL,HIGH
HIGH,NORMAL,LOW,False,False,False,False,False,NORMAL,NORMAL,LOW,LOW,NORMAL,HIGH,ZERO,HIGH,HIGH,NORMAL,True,ZERO,NORMAL,NORMAL
HIGH,NORMAL,LOW,False,False,False,False,False,NORMAL,NORMAL,LOW,LOW,NORMAL,HIGH,ZERO,HIGH,HIGH,LOW,False,ZERO,NORMAL,LOW
HIGH,NORMAL,LOW,False,False,False,False,False,HIGH,NORMAL,ZERO,HIGH,NORMAL,LOW,ZERO,HIGH,HIGH,HIGH,False,HIGH,NORMAL,LOW
HIGH,NORMAL,LOW,False,False,False,True,True,LOW,NORMAL,LOW,LOW,NORMAL,LOW,ZERO,HIGH,HIGH,LOW,False,ZERO,NORMAL,LOW
LOW,NORMAL,LOW,False,False,False,False,False,NORMAL,NORMAL,NORMAL,HIGH,NORMAL,NORMAL,HIGH,LOW,LOW,NORMAL,False,HIGH,NORMAL,HIGH
LOW,NORMAL,LOW,False,False,False,False,False,NORMAL,NORMAL,LOW,LOW,NORMAL,NORMAL,ZERO,LOW,LOW,NORMAL,False,ZERO,NORMAL,NORMAL
HIGH,NORMAL,ZERO,False,False,False,False,False,NORMAL,NORMAL,LOW,LOW,NORMAL,HIGH,ZERO,HIGH,HIGH,LOW,False,ZERO,NORMAL,NORMAL
HIGH,NORMAL,LOW,False,False,False,False,False,NORMAL,NORMAL,LOW,LOW,NORMAL,HIGH,ZERO,HIGH,HIGH,NORMAL,True,ZERO,NORMAL,LOW
HIGH,LOW,ZERO,False,False,False,False,False,NORMAL,NORMAL,LOW,HIGH,NORMAL,HIGH,HIGH,HIGH,HIGH,NORMAL,False,HIGH,NORMAL,NORMAL
HIGH,NORMAL,LOW,False,False,False,False,False,NORMAL,NORMAL,LOW,LOW,LOW,LOW,ZERO,HIGH,HIGH,NORMAL,False,ZERO,NORMAL,NORMAL
NORMAL,NORMAL,LOW,False,False,False,False,False,NORMAL,NORMAL,LOW,HIGH,NORMAL,HIGH,HIGH,HIGH,HIGH,NORMAL,False,HIGH,NORMAL,LOW
HIGH,NORMAL,LOW,False,False,False,False,False,NORMAL,NORMAL,LOW,LOW,NORMAL,HIGH,ZERO,HIGH,HIGH,NORMAL,False,ZERO,NORMAL,NORMAL
NORMAL,NORMAL,LOW,False,False,False,False,False,NORMAL,ONESIDED,NORMAL,LOW,NORMAL,NORMAL,LOW,HIGH,HIGH,NORMAL,False,LOW,HIGH,NORMAL
HIGH,NORMAL,ZERO,False,False,True,False,False,NORMAL,NORMAL,LOW,HIGH,NORMAL,HIGH,HIGH,NORMAL,NORMAL,NORMAL,False,HIGH,NORMAL,NORMAL
LOW,NORMAL,LOW,False,False,False,True,False,NORMAL,NORMAL,LOW,LOW,NORMAL,NORMAL,ZERO,LOW,LOW,NORMAL,False,ZERO,NORMAL,NORMAL
LOW,NORMAL,LOW,False,False,False,False,False,HIGH,NORMAL,LOW,HIGH,NORMAL,NORMAL,ZERO,LOW,LOW,HIGH,False,HIGH,NORMAL,NORMAL
HIGH,NORMAL,LOW,False,False,False,False,False,NORMAL,NORMAL,LOW,LOW,NORMAL,HIGH,ZERO,HIGH,HIGH,NORMAL,False,ZERO,NORMAL,LOW
HIGH,NORMAL,LOW,False,False,False,False,False,HIGH,NORMAL,LOW,LOW,NORMAL,LOW,ZERO,HIGH,HIGH,HIGH,False,ZERO,HIGH,HIGH
HIGH,NORMAL,LOW,False,False,False,False,False,HIGH,NORMAL,LOW,LOW,NORMAL,LOW,ZERO,HIGH,HIGH,HIGH,False,ZERO,NORMAL,NORMAL
HIGH,NORMAL,LOW,False,False,False,False,False,LOW,NORMAL,LOW,LOW,NORMAL,HIGH,ZERO,HIGH,HIGH,LOW,False,ZERO,NORMAL,LOW
HIGH,NORMAL,ZERO,False,False,False,False,False,HIGH,NORMAL,LOW,LOW,NORMAL,HIGH,ZERO,HIGH,HIGH,HIGH,False,ZERO,NORMAL,NORMAL
NORMAL,NORMAL,LOW,False,False,False,False,False,NORMAL,NORMAL,LOW,LOW,HIGH,HIGH,ZERO,HIGH,HIGH,NORMAL,False,ZERO,HIGH,LOW
HIGH,NORMAL,LOW,False,False,False,False,False,HIGH,NORMAL,LOW,LOW,NORMAL,LOW,ZERO,HIGH,HIGH,HIGH,False,ZERO,NORMAL,LOW
LOW,NORMAL,LOW,False,False,False,False,False,LOW,ONESIDED,LOW,HIGH,LOW,NORMAL,NORMAL,LOW,LOW,LOW,False,NORMAL,HIGH,LOW
HIGH,NORMAL,LOW,False,False,False,False,False,NORMAL,NORMAL,LOW,LOW,NORMAL,HIGH,ZERO,HIGH,HIGH,NORMAL,False,ZERO,NORMAL,HIGH
LOW,NORMAL,LOW,False,False,False,False,False,LOW,NORMAL,LOW,LOW,NORMAL,NORMAL,ZERO,LOW,LOW,LOW,False,ZERO,NORMAL,HIGH
LOW,NORMAL,LOW,False,False,False,False,False,LOW,NORMAL,LOW,LOW,NORMAL,NORMAL,ZERO,LOW,LOW,LOW,False,ZERO,NORMAL,NORMAL
NORMAL,NORMAL,LOW,False,False,False,False,False,NORMAL,NORMAL,LOW,LOW,LOW,LOW,NORMAL,LOW,NORMAL,NORMAL,False,ZERO,NORMAL,NORMAL
HIGH,NORMAL,LOW,False,False,False,False,True,LOW,NORMAL,LOW,LOW,NORMAL,LOW,ZERO,HIGH,HIGH,LOW,False,ZERO,HIGH,NORMAL
HIGH,HIGH,HIGH,False,False,False,True,False,NORMAL,ONESIDED,HIGH,LOW,NORMAL,HIGH,HIGH,HIGH,HIGH,NORMAL,False,LOW,HIGH,HIGH
LOW,NORMAL,LOW,False,False,False,False,False,NORMAL,NORMAL,LOW,LOW,NORMAL,NORMAL,ZERO,LOW,LOW,NORMAL,False,ZERO,NORMAL,LOW
HIGH,NORMAL,LOW,False,False,True,False,False,NORMAL,NORMAL,LOW,LOW,NORMAL,HIGH,ZERO,NORMAL,NORMAL,NORMAL,False,ZERO,NORMAL,HIGH
NORMAL,LOW,ZERO,False,False,False,False,False,NORMAL,NORMAL,LOW,HIGH,NORMAL,LOW,HIGH,NORMAL,NORMAL,NORMAL,False,HIGH,NORMAL,HIGH
HIGH,NORMAL,LOW,False,False,False,False,False,NORMAL,ONESIDED,NORMAL,LOW,NORMAL,HIGH,ZERO,HIGH,HIGH,NORMAL,False,LOW,HIGH,NORMAL
HIGH,NORMAL,LOW,False,False,False,False,False,NORMAL,NORMAL,LOW,LOW,LOW,HIGH,ZERO,HIGH,HIGH,NORMAL,False,ZERO,NORMAL,LOW
LOW,NORMAL,LOW,False,False,False,False,False,NORMAL,NORMAL,LOW,LOW,NORMAL,NORMAL,ZERO,LOW,LOW,LOW,False,ZERO,NORMAL,NORMAL
HIGH,NORMAL,LOW,False,False,False,False,False,NORMAL,NORMAL,LOW,LOW,NORMAL,LOW,ZERO,HIGH,HIGH,NORMAL,False,ZERO,NORMAL,NORMAL
LOW,NORMAL,HIGH,False,False,False,True,False,NORMAL,NORMAL,LOW,HIGH,NORMAL,NORMAL,HIGH,LOW,LOW,NORMAL,False,HIGH,NORMAL,HIGH
LOW,NORMAL,LOW,False,False,False,False,False,NORMAL,NORMAL,LOW,LOW,NORMAL,NORMAL,ZERO,LOW,LOW,NORMAL,False,ZERO,NORMAL,LOW
LOW,NORMAL,LOW,False,False,False,False,False,NORMAL,NORMAL,LOW,LOW,NORMAL,NORMAL,ZERO,LOW,LOW,NORMAL,False,ZERO,NORMAL,HIGH
HIGH,NORMAL,LOW,False,False,False,False,True,LOW,NORMAL,LOW,LOW,NORMAL,LOW,ZERO,HIGH,HIGH,LOW,False,ZERO,NORMAL,NORMAL
HIGH,NORMAL,LOW,False,False,False,False,False,HIGH,NORMAL,LOW,LOW,NORMAL,LOW,ZERO,HIGH,HIGH,HIGH,False,ZERO,NORMAL,LOW
HIGH,NORMAL,LOW,False,False,False,False,False,HIGH,NORMAL,LOW,LOW,LOW,NORMAL,ZERO,HIGH,HIGH,HIGH,False,ZERO,NORMAL,LOW
HIGH,NORMAL,LOW,False,False,False,False,False,HIGH,ONESIDED,LOW,LOW,NORMAL,HIGH,NORMAL,HIGH,HIGH,HIGH,False,NORMAL,HIGH,LOW
HIGH,NORMAL,LOW,False,False,False,False,False,NORMAL,ONESIDED,NORMAL,LOW,NORMAL,HIGH,LOW,HIGH,HIGH,NORMAL,False,LOW,HIGH,LOW
HIGH,NORMAL,LOW,False,False,False,False,False,NORMAL,NORMAL,LOW,LOW,NORMAL,HIGH,ZERO,HIGH,HIGH,NORMAL,False,ZERO,NORMAL,NORMAL
HIGH,NORMAL,LOW,False,False,False,False,True,NORMAL,NORMAL,LOW,LOW,NORMAL,LOW,ZERO,HIGH,HIGH,NORMAL,False,ZERO,NORMAL,NORMAL
HIGH,HIGH,HIGH,False,False,False,False,False,NORMAL,NORMAL,LOW,HIGH,NORMAL,HIGH,HIGH,HIGH,HIGH,NORMAL,False,HIGH,NORMAL,HIGH
LOW,NORMAL,LOW,False,False,False,False,False,HIGH,NORMAL,LOW,LOW,NORMAL,NORMAL,ZERO,LOW,LOW,HIGH,False,ZERO,NORMAL,HIGH
HIGH,NORMAL,LOW,False,False,False,False,False,HIGH,NORMAL,LOW,LOW,NORMAL,LOW,ZERO,HIGH,HIGH,HIGH,False,ZERO,NORMAL,NORMAL
LOW,HIGH,HIGH,False,False,False,False,False,NORMAL,NORMAL,LOW,HIGH,NORMAL,NORMAL,HIGH,LOW,LOW,LOW,False,HIGH,NORMAL,NORMAL
HIGH,NORMAL,LOW,False,False,False,True,False,NORMAL,ESOPHAGEAL,LOW,LOW,NORMAL,HIGH,LOW,HIGH,HIGH,NORMAL,False,LOW,NORMAL,HIGH
HIGH,NORMAL,LOW,False,False,False,False,False,NORMAL,NORMAL,LOW,LOW,NORMAL,HIGH,ZERO,HIGH,HIGH,NORMAL,False,ZERO,NORMAL,LOW
HIGH,ZERO,ZERO,False,False,False,False,False,NORMAL,NORMAL,LOW,HIGH,NORMAL,HIGH,HIGH,HIGH,HIGH,HIGH,False,HIGH,NORMAL,NORMAL
LOW,NORMAL,ZERO,False,False,False,True,False,NORMAL,NORMAL,LOW,HIGH,LOW,LOW,HIGH,LOW,LOW,NORMAL,False,HIGH,NORMAL,HIGH
HIGH,HIGH,HIGH,False,False,False,False,False,HIGH,NORMAL,LOW,HIGH,NORMAL,HIGH,HIGH,HIGH,HIGH,HIGH,False,HIGH,NORMAL,LOW
HIGH,NORMAL,LOW,False,False,False,False,False,NORMAL,NORMAL,LOW,LOW,NORMAL,HIGH,ZERO,HIGH,HIGH,NORMAL,False,ZERO,NORMAL,NORMAL
HIGH,NORMAL,LOW,False,False,False,False,False,LOW,NORMAL,LOW,LOW,LOW,HIGH,ZERO,HIGH,HIGH,LOW,False,ZERO,NORMAL,NORMAL
HIGH,ZERO,ZERO,False,False,False,False,False,HIGH,NORMAL,LOW,LOW,NORMAL,HIGH,ZERO,HIGH,HIGH,HIGH,False,ZERO,NORMAL,NORMAL
HIGH,NORMAL,LOW,False,False,False,False,False,NORMAL,NORMAL,LOW,LOW,NORMAL,HIGH,ZERO,HIGH,HIGH,NORMAL,False,ZERO,NORMAL,LOW
HIGH,NORMAL,ZERO,False,False,False,False,False,NORMAL,NORMAL,LOW,LOW,NORMAL,HIGH,ZERO,HIGH,HIGH,NORMAL,False,ZERO,HIGH,NORMAL
HIGH,NORMAL,LOW,False,False,False,False,False,NORMAL,NORMAL,LOW,LOW,NORMAL,HIGH,ZERO,HIGH,HIGH,NORMAL,False,ZERO,NORMAL,LOW
NORMAL,ZERO,ZERO,False,False,False,False,False,NORMAL,NORMAL,LOW,HIGH,NORMAL,NORMAL,HIGH,LOW,LOW,NORMAL,False,HIGH,NORMAL,NORMAL
HIGH,NORMAL,LOW,False,False,False,False,False,HIGH,NORMAL,LOW,LOW,NORMAL,LOW,ZERO,HIGH,HIGH,HIGH,False,ZERO,NORMAL,NORMAL
HIGH,NORMAL,LOW,False,False,False,False,False,HIGH,NORMAL,LOW,LOW,NORMAL,HIGH,ZERO,HIGH,HIGH,HIGH,False,ZERO,NORMAL,NORMAL
NORMAL,NORMAL,LOW,False,False,False,False,False,NORMAL,NORMAL,LOW,LOW,NORMAL,HIGH,ZERO,HIGH,HIGH,NORMAL,False,ZERO,NORMAL,HIGH
HIGH,NORMAL,LOW,False,False,False,True,False,NORMAL,NORMAL,LOW,LOW,NORMAL,HIGH,ZERO,HIGH,HIGH,NORMAL,False,ZERO,NORMAL,NORMAL
LOW,NORMAL,ZERO,False,False,False,False,False,NORMAL,NORMAL,LOW,HIGH,NORMAL,NORMAL,HIGH,LOW,LOW,NORMAL,False,HIGH,NORMAL,HIGH
LOW,NORMAL,LOW,False,False,False,False,False,HIGH,NORMAL,NORMAL,NORMAL,NORMAL,NORMAL,ZERO,LOW,LOW,HIGH,False,ZERO,NORMAL,NORMAL
LOW,NORMAL,LOW,False,False,False,False,False,NORMAL,NORMAL,LOW,LOW,NORMAL,LOW,ZERO,NORMAL,HIGH,NORMAL,False,ZERO,NORMAL,HIGH
HIGH,ZERO,ZERO,False,False,False,False,False,NORMAL,NORMAL,LOW,LOW,NORMAL,HIGH,ZERO,HIGH,HIGH,NORMAL,True,ZERO,NORMAL,NORMAL
HIGH,NORMAL,LOW,False,False,False,False,True,LOW,NORMAL,LOW,LOW,NORMAL,LOW,ZERO,HIGH,HIGH,LOW,False,ZERO,NORMAL,LOW
LOW,NORMAL,LOW,False,False,False,False,False,NORMAL,NORMAL,LOW,LOW,LOW,LOW,ZERO,LOW,LOW,NORMAL,False,ZERO,NORMAL,HIGH
HIGH,NORMAL,LOW,False,False,False,True,False,NORMAL,NORMAL,HIGH,LOW,NORMAL,HIGH,LOW,HIGH,HIGH,HIGH,False,LOW,NORMAL,NORMAL
HIGH,NORMAL,LOW,False,False,False,False,False,NORMAL,NORMAL,LOW,LOW,NORMAL,HIGH,ZERO,HIGH,HIGH,NORMAL,False,ZERO,NORMAL,HIGH
HIGH,NORMAL,LOW,False,False,True,False,False,NORMAL,NORMAL,LOW,LOW,NORMAL,HIGH,ZERO,HIGH,NORMAL,NORMAL,False,ZERO,NORMAL,NORMAL
HIGH,NORMAL,LOW,False,False,False,False,False,NORMAL,NORMAL,LOW,LOW,NORMAL,HIGH,ZERO,HIGH,HIGH,NORMAL,False,ZERO,NORMAL,LOW
HIGH,HIGH,HIGH,False,False,False,False,False,NORMAL,NORMAL,LOW,HIGH,NORMAL,HIGH,HIGH,HIGH,HIGH,NORMAL,False,HIGH,NORMAL,NORMAL
HIGH,HIGH,HIGH,False,False,False,False,False,NORMAL,NORMAL,LOW,HIGH,NORMAL,HIGH,HIGH,HIGH,HIGH,NORMAL,False,HIGH,NORMAL,LOW
HIGH,NORMAL,LOW,False,False,False,False,False,HIGH,NORMAL,LOW,LOW,NORMAL,HIGH,ZERO,HIGH,HIGH,HIGH,False,ZERO,NORMAL,HIGH
HIGH,NORMAL,LOW,False,False,False,False,False,NORMAL,NORMAL,LOW,LOW,NORMAL,HIGH,ZERO,HIGH,HIGH,NORMAL,False,ZERO,NORMAL,HIGH
HIGH,NORMAL,LOW,False,False,False,True,False,NORMAL,NORMAL,LOW,LOW,NORMAL,HIGH,ZERO,HIGH,HIGH,NORMAL,False,ZERO,NORMAL,HIGH
HIGH,NORMAL,LOW,False,False,False,False,False,HIGH,ONESIDED,NORMAL,LOW,NORMAL,HIGH,LOW,HIGH,HIGH,LOW,False,LOW,NORMAL,NORMAL
HIGH,NORMAL,ZERO,False,False,False,False,False,NORMAL,NORMAL,NORMAL,HIGH,HIGH,HIGH,HIGH,HIGH,HIGH,NORMAL,False,HIGH,NORMAL,HIGH
HIGH,NORMAL,LOW,False,False,False,False,False,NORMAL,ONESIDED,NORMAL,LOW,NORMAL,HIGH,ZERO,HIGH,HIGH,NORMAL,False,LOW,HIGH,HIGH
LOW,NORMAL,LOW,False,False,False,False,False,NORMAL,NORMAL,LOW,LOW,NORMAL,NORMAL,ZERO,LOW,LOW,NORMAL,False,ZERO,NORMAL,NORMAL
HIGH,NORMAL,LOW,False,False,False,False,False,HIGH,NORMAL,LOW,LOW,NORMAL,HIGH,ZERO,HIGH,HIGH,HIGH,False,ZERO,NORMAL,HIGH
HIGH,NORMAL,LOW,False,False,False,False,False,NORMAL,NORMAL,LOW,LOW,NORMAL,HIGH,ZERO,HIGH,HIGH,NORMAL,False,ZERO,NORMAL,NORMAL
HIGH,NORMAL,LOW,False,False,False,False,False,NORMAL,NORMAL,LOW,LOW,NORMAL,LOW,ZERO,HIGH,HIGH,NORMAL,False,ZERO,NORMAL,NORMAL
HIGH,NORMAL,LOW,False,False,False,False,False,LOW,NORMAL,LOW,LOW,NORMAL,HIGH,ZERO,HIGH,HIGH,LOW,False,ZERO,HIGH,LOW
NORMAL,NORMAL,LOW,False,False,False,False,False,NORMAL,NORMAL,LOW,LOW,NORMAL,HIGH,ZERO,HIGH,LOW,NORMAL,True,ZERO,NORMAL,NORMAL
LOW,NORMAL,LOW,False,False,False,False,False,NORMAL,NORMAL,LOW,HIGH,NORMAL,NORMAL,HIGH,LOW,LOW,NORMAL,False,HIGH,NORMAL,HIGH
HIGH,NORMAL,LOW,False,True,False,False,False,HIGH,NORMAL,LOW,LOW,NORMAL,LOW,ZERO,HIGH,HIGH,HIGH,True,ZERO,HIGH,NORMAL
HIGH,NORMAL,ZERO,False,False,False,False,False,NORMAL,NORMAL,LOW,HIGH,NORMAL,HIGH,HIGH,HIGH,HIGH,NORMAL,False,HIGH,NORMAL,LOW
HIGH,NORMAL,LOW,False,False,False,True,False,NORMAL,NORMAL,LOW,LOW,NORMAL,HIGH,ZERO,HIGH,HIGH,NORMAL,False,ZERO,NORMAL,NORMAL
HIGH,NORMAL,LOW,False,False,True,False,False,HIGH,NORMAL,LOW,LOW,NORMAL,LOW,ZERO,NORMAL,NORMAL,HIGH,False,ZERO,NORMAL,NORMAL
HIGH,NORMAL,LOW,False,False,False,False,False,NORMAL,ESOPHAGEAL,LOW,LOW,NORMAL,HIGH,LOW,HIGH,HIGH,NORMAL,False,LOW,NORMAL,LOW
NORMAL,NORMAL,LOW,False,False,False,False,False,NORMAL,NORMAL,LOW,LOW,NORMAL,HIGH,ZERO,HIGH,HIGH,NORMAL,False,ZERO,HIGH,LOW
HIGH,NORMAL,LOW,False,False,False,False,False,HIGH,ONESIDED,ZERO,LOW,NORMAL,LOW,NORMAL,HIGH,HIGH,HIGH,False,NORMAL,HIGH,NORMAL
HIGH,NORMAL,LOW,False,False,False,False,False,NORMAL,NORMAL,LOW,LOW,LOW,HIGH,ZERO,HIGH,HIGH,NORMAL,False,ZERO,NORMAL,NORMAL
LOW,NORMAL,LOW,False,False,False,False,True,LOW,NORMAL,ZERO,LOW,NORMAL,LOW,ZERO,LOW,LOW,LOW,False,NORMAL,NORMAL,HIGH
LOW,NORMAL,LOW,False,False,False,False,False,NORMAL,NORMAL,LOW,LOW,NORMAL,NORMAL,ZERO,LOW,LOW,NORMAL,False,NORMAL,NORMAL,NORMAL
HIGH,NORMAL,LOW,False,False,False,False,False,NORMAL,NORMAL,NORMAL,LOW,NORMAL,HIGH,ZERO,HIGH,HIGH,NORMAL,False,ZERO,NORMAL,LOW
HIGH,NORMAL,LOW,False,False,False,False,False,NORMAL,NORMAL,LOW,LOW,NORMAL,HIGH,ZERO,HIGH,HIGH,NORMAL,False,ZERO,NORMAL,LOW
HIGH,NORMAL,LOW,False,False,False,False,False,NORMAL,NORMAL,LOW,LOW,NORMAL,HIGH,ZERO,HIGH,HIGH,NORMAL,False,ZERO,NORMAL,NORMAL
NORMAL,NORMAL,LOW,False,False,False,False,False,HIGH,NORMAL,LOW,LOW,NORMAL,HIGH,ZERO,HIGH,HIGH,HIGH,False,ZERO,NORMAL,LOW
HIGH,NORMAL,LOW,False,False,False,False,False,NORMAL,NORMAL,LOW,LOW,NORMAL,HIGH,ZERO,HIGH,HIGH,NORMAL,False,ZERO,NORMAL,LOW
HIGH,HIGH,HIGH,False,False,False,False,False,NORMAL,NORMAL,LOW,HIGH,NORMAL,HIGH,HIGH,HIGH,HIGH,LOW,False,HIGH,NORMAL,NORMAL
HIGH,NORMAL,LOW,False,False,False,False,False,NORMAL,NORMAL,LOW,LOW,NORMAL,HIGH,ZERO,HIGH,HIGH,NORMAL,False,ZERO,NORMAL,LOW
HIGH,NORMAL,LOW,False,False,False,False,False,LOW,NORMAL,LOW,LOW,NORMAL,HIGH,HIGH,HIGH,HIGH,LOW,False,ZERO,NORMAL,NORMAL
HIGH,NORMAL,ZERO,False,False,False,True,True,LOW,NORMAL,LOW,HIGH,NORMAL,NORMAL,HIGH,HIGH,HIGH,LOW,False,HIGH,NORMAL,NORMAL
HIGH,NORMAL,LOW,False,False,False,False,False,NORMAL,NORMAL,LOW,LOW,NORMAL,HIGH,ZERO,HIGH,HIGH,LOW,False,ZERO,NORMAL,HIGH
HIGH,NORMAL,LOW,False,False,False,False,False,NORMAL,NORMAL,LOW,LOW,NORMAL,HIGH,ZERO,HIGH,HIGH,NORMAL,False,ZERO,NORMAL,HIGH
HIGH,NORMAL,LOW,False,False,False,False,False,NORMAL,NORMAL,LOW,LOW,HIGH,HIGH,ZERO,HIGH,HIGH,NORMAL,False,ZERO,NORMAL,NORMAL
LOW,HIGH,HIGH,False,False,False,True,False,NORMAL,NORMAL,LOW,HIGH,NORMAL,NORMAL,HIGH,LOW,LOW,NORMAL,False,HIGH,NORMAL,HIGH
NORMAL,NORMAL,LOW,False,False,True,False,False,NORMAL,NORMAL,LOW,LOW,NORMAL,HIGH,ZERO,NORMAL,NORMAL,NORMAL,False,ZERO,NORMAL,NORMAL
HIGH,NORMAL,LOW,False,False,False,False,False,HIGH,NORMAL,LOW,LOW,NORMAL,LOW,ZERO,HIGH,HIGH,HIGH,False,ZERO,NORMAL,NORMAL
HIGH,NORMAL,LOW,False,False,False,False,False,HIGH,NORMAL,LOW,LOW,NORMAL,HIGH,ZERO,HIGH,HIGH,HIGH,False,ZERO,HIGH,NORMAL
HIGH,NORMAL,LOW,False,False,False,False,False,NORMAL,NORMAL,LOW,LOW,NORMAL,HIGH,HIGH,HIGH,HIGH,NORMAL,False,ZERO,NORMAL,HIGH
HIGH,NORMAL,LOW,False,False,False,False,False,NORMAL,NORMAL,LOW,LOW,NORMAL,HIGH,ZERO,HIGH,HIGH,NORMAL,False,ZERO,NORMAL,LOW
HIGH,NORMAL,LOW,False,False,False,False,False,NORMAL,NORMAL,LOW,LOW,NORMAL,HIGH,ZERO,HIGH,HIGH,NORMAL,False,ZERO,HIGH,NORMAL
HIGH,NORMAL,LOW,False,False,False,False,False,NORMAL,ONESIDED,NORMAL,LOW,NORMAL,HIGH,ZERO,HIGH,HIGH,NORMAL,False,LOW,HIGH,HIGH
HIGH,NORMAL,ZERO,False,False,False,False,False,NORMAL,NORMAL,ZERO,HIGH,NORMAL,HIGH,HIGH,HIGH,HIGH,NORMAL,False,HIGH,NORMAL,LOW
HIGH,NORMAL,LOW,False,False,False,False,False,HIGH,NORMAL,LOW,LOW,NORMAL,HIGH,LOW,HIGH,NORMAL,HIGH,False,ZERO,NORMAL,NORMAL
HIGH,HIGH,HIGH,False,False,False,False,False,NORMAL,NORMAL,LOW,HIGH,NORMAL,HIGH,HIGH,HIGH,HIGH,NORMAL,False,HIGH,NORMAL,NORMAL
HIGH,NORMAL,LOW,False,False,False,False,False,NORMAL,NORMAL,LOW,LOW,NORMAL,HIGH,ZERO,HIGH,HIGH,NORMAL,False,ZERO,NORMAL,NORMAL
LOW,HIGH,HIGH,False,False,False,False,False,NORMAL,ESOPHAGEAL,ZERO,HIGH,NORMAL,NORMAL,LOW,LOW,LOW,NORMAL,False,HIGH,NORMAL,HIGH
NORMAL,NORMAL,LOW,False,False,False,False,False,HIGH,NORMAL,LOW,LOW,NORMAL,HIGH,ZERO,HIGH,HIGH,HIGH,False,ZERO,NORMAL,NORMAL
LOW,NORMAL,LOW,False,False,False,False,False,NORMAL,NORMAL,LOW,HIGH,NORMAL,NORMAL,HIGH,LOW,LOW,NORMAL,False,HIGH,NORMAL,NORMAL
HIGH,NORMAL,LOW,False,False,False,False,False,NORMAL,NORMAL,LOW,LOW,NORMAL,HIGH,ZERO,HIGH,HIGH,NORMAL,False,ZERO,NORMAL,LOW
HIGH,NORMAL,LOW,False,False,False,True,False,NORMAL,NORMAL,LOW,LOW,HIGH,HIGH,ZERO,HIGH,HIGH,NORMAL,False,ZERO,NORMAL,LOW
HIGH,NORMAL,LOW,False,False,False,True,False,NORMAL,ONESIDED,LOW,LOW,HIGH,HIGH,NORMAL,HIGH,HIGH,NORMAL,False,NORMAL,HIGH,LOW
NORMAL,NORMAL,LOW,False,False,False,False,False,HIGH,NORMAL,LOW,LOW,NORMAL,NORMAL,ZERO,HIGH,LOW,HIGH,False,ZERO,NORMAL,NORMAL
HIGH,NORMAL,LOW,False,False,False,False,False,NORMAL,NORMAL,LOW,LOW,NORMAL,HIGH,ZERO,HIGH,HIGH,NORMAL,False,ZERO,NORMAL,LOW
LOW,NORMAL,LOW,False,False,False,False,False,NORMAL,NORMAL,LOW,LOW,NORMAL,NORMAL,ZERO,LOW,LOW,NORMAL,True,ZERO,HIGH,LOW
HIGH,NORMAL,LOW,False,False,False,False,False,HIGH,NORMAL,LOW,LOW,NORMAL,HIGH,ZERO,HIGH,HIGH,HIGH,False,ZERO,NORMAL,NORMAL
HIGH,NORMAL,LOW,False,False,False,False,False,NORMAL,NORMAL,LOW,LOW,HIGH,NORMAL,ZERO,HIGH,HIGH,NORMAL,False,ZERO,NORMAL,HIGH
HIGH,NORMAL,LOW,False,False,False,False,False,NORMAL,NORMAL,LOW,LOW,NORMAL,HIGH,ZERO,HIGH,HIGH,NORMAL,False,ZERO,HIGH,LOW
HIGH,NORMAL,LOW,False,False,False,False,True,LOW,NORMAL,LOW,LOW,NORMAL,LOW,ZERO,HIGH,HIGH,LOW,True,ZERO,NORMAL,NORMAL
LOW,NORMAL,LOW,False,False,False,True,False,NORMAL,NORMAL,LOW,LOW,NORMAL,NORMAL,ZERO,LOW,LOW,NORMAL,False,ZERO,NORMAL,NORMAL
HIGH,NORMAL,LOW,False,False,False,False,False,NORMAL,NORMAL,LOW,HIGH,NORMAL,HIGH,HIGH,HIGH,HIGH,NORMAL,False,HIGH,NORMAL,NORMAL
NORMAL,NORMAL,LOW,False,False,False,False,False,HIGH,NORMAL,LOW,LOW,NORMAL,HIGH,ZERO,HIGH,HIGH,HIGH,False,ZERO,HIGH,NORMAL
HIGH,NORMAL,LOW,False,False,False,False,False,HIGH,NORMAL,LOW,LOW,NORMAL,LOW,ZERO,HIGH,HIGH,HIGH,False,ZERO,NORMAL,NORMAL
LOW,NORMAL,ZERO,False,False,False,False,True,LOW,NORMAL,LOW,HIGH,NORMAL,LOW,ZERO,LOW,LOW,LOW,False,HIGH,NORMAL,HIGH
LOW,HIGH,HIGH,False,False,False,False,False,NORMAL,NORMAL,LOW,HIGH,NORMAL,NORMAL,HIGH,LOW,LOW,NORMAL,False,HIGH,NORMAL,NORMAL
HIGH,NORMAL,LOW,False,False,False,False,False,NORMAL,NORMAL,LOW,LOW,NORMAL,HIGH,ZERO,HIGH,HIGH,NORMAL,False,ZERO,NORMAL,HIGH
LOW,NORMAL,ZERO,False,False,False,False,False,NORMAL,NORMAL,LOW,HIGH,NORMAL,NORMAL,HIGH,LOW,LOW,NORMAL,False,HIGH,NORMAL,HIGH
HIGH,NORMAL,ZERO,False,False,False,False,False,HIGH,NORMAL,LOW,HIGH,NORMAL,HIGH,HIGH,HIGH,HIGH,HIGH,False,HIGH,NORMAL,NORMAL
LOW,NORMAL,LOW,False,False,False,False,False,HIGH,NORMAL,LOW,LOW,NORMAL,NORMAL,ZERO,LOW,LOW,HIGH,True,ZERO,NORMAL,HIGH
HIGH,NORMAL,LOW,False,False,False,False,False,NORMAL,NORMAL,LOW,LOW,NORMAL,HIGH,ZERO,HIGH,HIGH,NORMAL,False,ZERO,NORMAL,LOW
HIGH,NORMAL,LOW,False,False,False,False,False,HIGH,ESOPHAGEAL,NORMAL,LOW,NORMAL,HIGH,ZERO,NORMAL,HIGH,HIGH,False,ZERO,NORMAL,HIGH
LOW,NORMAL,ZERO,False,False,False,False,False,NORMAL,NORMAL,LOW,HIGH,NORMAL,LOW,HIGH,LOW,LOW,NORMAL,False,HIGH,NORMAL,HIGH
HIGH,NORMAL,ZERO,False,False,False,False,False,NORMAL,NORMAL,NORMAL,LOW,LOW,HIGH,ZERO,HIGH,HIGH,NORMAL,False,NORMAL,NORMAL,LOW
HIGH,NORMAL,LOW,False,False,False,False,False,NORMAL,NORMAL,LOW,LOW,NORMAL,HIGH,ZERO,HIGH,HIGH,NORMAL,False,ZERO,NORMAL,LOW
NORMAL,NORMAL,LOW,False,False,False,False,False,NORMAL,NORMAL,LOW,LOW,NORMAL,HIGH,NORMAL,HIGH,LOW,NORMAL,False,ZERO,NORMAL,HIGH
HIGH,LOW,ZERO,False,False,False,True,False,NORMAL,NORMAL,LOW,HIGH,NORMAL,HIGH,HIGH,HIGH,HIGH,NORMAL,False,HIGH,NORMAL,LOW
HIGH,NORMAL,NORMAL,False,False,False,False,False,NORMAL,NORMAL,HIGH,LOW,NORMAL,HIGH,LOW,HIGH,HIGH,NORMAL,False,NORMAL,NORMAL,LOW
HIGH,NORMAL,HIGH,False,False,False,False,False,NORMAL,NORMAL,LOW,HIGH,NORMAL,HIGH,HIGH,HIGH,HIGH,NORMAL,False,HIGH,NORMAL,NORMAL
HIGH,NORMAL,LOW,False,False,False,False,False,HIGH,NORMAL,LOW,LOW,NORMAL,HIGH,ZERO,HIGH,HIGH,HIGH,False,ZERO,NORMAL,HIGH
HIGH,NORMAL,LOW,False,False,False,False,False,NORMAL,NORMAL,LOW,LOW,NORMAL,LOW,ZERO,HIGH,HIGH,NORMAL,False,ZERO,NORMAL,NORMAL
HIGH,LOW,ZERO,False,False,True,False,False,NORMAL,NORMAL,LOW,HIGH,NORMAL,HIGH,HIGH,NORMAL,NORMAL,NORMAL,False,HIGH,NORMAL,NORMAL
HIGH,NORMAL,LOW,False,False,False,False,False,NORMAL,NORMAL,LOW,LOW,NORMAL,HIGH,ZERO,HIGH,HIGH,NORMAL,False,ZERO,NORMAL,HIGH
HIGH,NORMAL,LOW,False,False,False,False,False,HIGH,NORMAL,LOW,LOW,HIGH,HIGH,ZERO,HIGH,HIGH,HIGH,False,ZERO,NORMAL,NORMAL
HIGH,NORMAL,LOW,False,False,False,False,False,HIGH,NORMAL,LOW,LOW,NORMAL,HIGH,ZERO,HIGH,HIGH,HIGH,False,ZERO,HIGH,LOW
NORMAL,NORMAL,LOW,False,False,False,True,False,NORMAL,NORMAL,LOW,LOW,NORMAL,HIGH,ZERO,HIGH,HIGH,NORMAL,False,ZERO,NORMAL,NORMAL
HIGH,NORMAL,LOW,False,False,False,False,False,NORMAL,NORMAL,LOW,LOW,NORMAL,HIGH,ZERO,HIGH,HIGH,NORMAL,False,ZERO,NORMAL,NORMAL
LOW,ZERO,ZERO,False,False,False,False,False,NORMAL,ONESIDED,LOW,LOW,NORMAL,NORMAL,NORMAL,LOW,LOW,NORMAL,False,NORMAL,HIGH,HIGH
HIGH,NORMAL,LOW,False,False,True,False,False,HIGH,NORMAL,LOW,LOW,NORMAL,LOW,ZERO,NORMAL,NORMAL,HIGH,False,ZERO,NORMAL,NORMAL
HIGH,NORMAL,LOW,False,False,False,False,False,HIGH,NORMAL,LOW,LOW,NORMAL,HIGH,ZERO,HIGH,HIGH,HIGH,False,ZERO,NORMAL,NORMAL
HIGH,NORMAL,LOW,False,False,False,False,False,HIGH,NORMAL,NORMAL,LOW,NORMAL,NORMAL,ZERO,HIGH,HIGH,HIGH,False,NORMAL,NORMAL,LOW
HIGH,NORMAL,ZERO,False,False,False,False,False,NORMAL,NORMAL,LOW,LOW,NORMAL,HIGH,ZERO,HIGH,HIGH,NORMAL,False,NORMAL,NORMAL,LOW
HIGH,NORMAL,LOW,False,False,False,True,False,NORMAL,NORMAL,LOW,LOW,NORMAL,HIGH,ZERO,HIGH,HIGH,NORMAL,False,ZERO,NORMAL,HIGH
HIGH,NORMAL,LOW,False,False,True,False,False,NORMAL,NORMAL,LOW,LOW,NORMAL,HIGH,ZERO,NORMAL,LOW,NORMAL,False,ZERO,NORMAL,NORMAL
HIGH,NORMAL,LOW,False,False,True,False,False,HIGH,NORMAL,LOW,LOW,NORMAL,HIGH,ZERO,NORMAL,NORMAL,HIGH,False,ZERO,NORMAL,NORMAL
HIGH,NORMAL,ZERO,False,False,False,False,False,NORMAL,NORMAL,LOW,NORMAL,NORMAL,HIGH,ZERO,HIGH,HIGH,NORMAL,True,ZERO,NORMAL,NORMAL
HIGH,NORMAL,LOW,True,False,False,False,False,HIGH,NORMAL,LOW,LOW,NORMAL,HIGH,ZERO,HIGH,HIGH,HIGH,False,ZERO,NORMAL,LOW
HIGH,NORMAL,LOW,False,False,False,False,False,NORMAL,NORMAL,LOW,LOW,NORMAL,HIGH,ZERO,HIGH,HIGH,NORMAL,False,ZERO,NORMAL,HIGH
LOW,LOW,ZERO,False,False,False,False,False,NORMAL,NORMAL,LOW,HIGH,NORMAL,NORMAL,HIGH,LOW,LOW,NORMAL,False,HIGH,NORMAL,HIGH
HIGH,HIGH,HIGH,False,False,False,False,False,NORMAL,NORMAL,LOW,HIGH,NORMAL,HIGH,HIGH,HIGH,HIGH,NORMAL,False,HIGH,NORMAL,NORMAL
HIGH,NORMAL,LOW,False,False,True,False,True,LOW,NORMAL,LOW,LOW,NORMAL,LOW,ZERO,NORMAL,NORMAL,LOW,False,ZERO,NORMAL,LOW
HIGH,NORMAL,LOW,False,False,False,False,False,NORMAL,NORMAL,LOW,LOW,NORMAL,HIGH,ZERO,HIGH,LOW,NORMAL,False,ZERO,NORMAL,NORMAL
HIGH,LOW,ZERO,False,False,False,False,False,HIGH,NORMAL,LOW,HIGH,NORMAL,LOW,HIGH,HIGH,HIGH,HIGH,False,HIGH,NORMAL,LOW
HIGH,NORMAL,LOW,False,False,True,True,False,NORMAL,NORMAL,LOW,LOW,NORMAL,HIGH,ZERO,LOW,NORMAL,NORMAL,False,ZERO,NORMAL,NORMAL
LOW,NORMAL,LOW,False,False,False,False,False,NORMAL,NORMAL,LOW,LOW,NORMAL,NORMAL,ZERO,LOW,LOW,NORMAL,False,ZERO,NORMAL,HIGH
HIGH,NORMAL,LOW,False,False,False,False,False,HIGH,NORMAL,LOW,LOW,NORMAL,HIGH,ZERO,HIGH,HIGH,HIGH,False,ZERO,NORMAL,NORMAL
HIGH,NORMAL,ZERO,False,False,True,False,False,NORMAL,NORMAL,LOW,HIGH,NORMAL,HIGH,HIGH,NORMAL,NORMAL,NORMAL,False,HIGH,NORMAL,LOW
HIGH,NORMAL,LOW,False,False,False,False,False,HIGH,NORMAL,HIGH,LOW,NORMAL,LOW,ZERO,HIGH,HIGH,HIGH,False,ZERO,NORMAL,LOW
LOW,HIGH,HIGH,False,False,False,False,False,NORMAL,NORMAL,LOW,HIGH,NORMAL,NORMAL,HIGH,LOW,LOW,NORMAL,False,HIGH,NORMAL,HIGH
LOW,NORMAL,LOW,False,False,False,True,False,NORMAL,NORMAL,LOW,LOW,NORMAL,NORMAL,ZERO,LOW,LOW,NORMAL,False,ZERO,NORMAL,NORMAL
NORMAL,NORMAL,LOW,False,False,False,False,False,NORMAL,NORMAL,LOW,LOW,NORMAL,HIGH,ZERO,HIGH,HIGH,NORMAL,False,ZERO,NORMAL,LOW
HIGH,NORMAL,LOW,False,False,False,False,False,NORMAL,NORMAL,LOW,LOW,NORMAL,HIGH,ZERO,HIGH,HIGH,NORMAL,False,ZERO,NORMAL,NORMAL
LOW,NORMAL,ZERO,False,False,False,False,False,NORMAL,NORMAL,NORMAL,LOW,NORMAL,LOW,ZERO,HIGH,LOW,NORMAL,False,NORMAL,NORMAL,HIGH
HIGH,NORMAL,LOW,False,False,False,False,True,HIGH,NORMAL,LOW,LOW,NORMAL,LOW,ZERO,HIGH,HIGH,HIGH,False,ZERO,NORMAL,HIGH
HIGH,NORMAL,ZERO,False,False,False,False,False,NORMAL,NORMAL,HIGH,HIGH,NORMAL,HIGH,HIGH,HIGH,HIGH,NORMAL,False,HIGH,NORMAL,NORMAL
HIGH,LOW,ZERO,False,False,False,False,False,NORMAL,NORMAL,LOW,HIGH,NORMAL,HIGH,HIGH,HIGH,HIGH,NORMAL,False,HIGH,NORMAL,NORMAL
HIGH,NORMAL,LOW,False,False,False,False,False,HIGH,NORMAL,LOW,LOW,NORMAL,LOW,ZERO,HIGH,HIGH,HIGH,False,ZERO,HIGH,LOW
HIGH,NORMAL,LOW,False,False,False,False,False,NORMAL,NORMAL,LOW,LOW,NORMAL,HIGH,ZERO,HIGH,HIGH,NORMAL,False,ZERO,NORMAL,NORMAL
HIGH,NORMAL,LOW,False,False,False,False,False,NORMAL,NORMAL,LOW,LOW,NORMAL,HIGH,ZERO,HIGH,HIGH,NORMAL,False,ZERO,NORMAL,HIGH
HIGH,NORMAL,ZERO,False,False,False,False,False,HIGH,NORMAL,LOW,HIGH,NORMAL,LOW,HIGH,HIGH,HIGH,HIGH,False,HIGH,NORMAL,NORMAL
HIGH,NORMAL,LOW,False,False,False,False,True,LOW,NORMAL,LOW,LOW,NORMAL,LOW,ZERO,HIGH,HIGH,LOW,True,ZERO,NORMAL,LOW
HIGH,NORMAL,LOW,False,False,False,False,False,HIGH,ESOPHAGEAL,NORMAL,LOW,NORMAL,NORMAL,ZERO,HIGH,HIGH,HIGH,False,ZERO,NORMAL,HIGH
HIGH,LOW,ZERO,False,False,False,False,False,NORMAL,NORMAL,LOW,LOW,NORMAL,LOW,ZERO,HIGH,HIGH,NORMAL,False,ZERO,NORMAL,HIGH
HIGH,NORMAL,LOW,False,False,False,False,False,NORMAL,NORMAL,LOW,LOW,NORMAL,HIGH,ZERO,HIGH,HIGH,NORMAL,True,ZERO,NORMAL,HIGH
HIGH,NORMAL,LOW,False,False,False,False,False,NORMAL,NORMAL,LOW,LOW,NORMAL,HIGH,ZERO,HIGH,HIGH,NORMAL,False,ZERO,NORMAL,LOW
LOW,NORMAL,LOW,False,False,False,False,False,NORMAL,NORMAL,ZERO,LOW,NORMAL,NORMAL,ZERO,LOW,LOW,NORMAL,False,ZERO,NORMAL,HIGH
HIGH,NORMAL,LOW,False,False,False,False,False,NORMAL,NORMAL,LOW,LOW,NORMAL,HIGH,ZERO,HIGH,HIGH,NORMAL,False,ZERO,NORMAL,NORMAL
HIGH,NORMAL,LOW,False,False,False,False,False,NORMAL,NORMAL,LOW,NORMAL,NORMAL,HIGH,ZERO,HIGH,HIGH,NORMAL,False,NORMAL,NORMAL,NORMAL
HIGH,NORMAL,ZERO,False,False,False,True,False,NORMAL,NORMAL,LOW,HIGH,LOW,NORMAL,HIGH,HIGH,HIGH,NORMAL,False,HIGH,NORMAL,NORMAL
HIGH,NORMAL,LOW,False,False,False,False,False,NORMAL,NORMAL,LOW,LOW,NORMAL,NORMAL,ZERO,HIGH,HIGH,NORMAL,False,ZERO,NORMAL,NORMAL
LOW,NORMAL,LOW,False,False,False,False,False,NORMAL,NORMAL,LOW,HIGH,NORMAL,NORMAL,HIGH,LOW,LOW,NORMAL,False,HIGH,NORMAL,HIGH
HIGH,NORMAL,LOW,False,False,False,False,False,NORMAL,NORMAL,LOW,LOW,NORMAL,HIGH,ZERO,HIGH,HIGH,NORMAL,False,NORMAL,NORMAL,NORMAL
HIGH,NORMAL,LOW,False,False,True,False,False,NORMAL,NORMAL,LOW,LOW,HIGH,HIGH,ZERO,NORMAL,NORMAL,NORMAL,False,ZERO,NORMAL,HIGH
HIGH,ZERO,ZERO,False,False,False,False,False,HIGH,NORMAL,LOW,LOW,NORMAL,HIGH,ZERO,HIGH,HIGH,HIGH,False,ZERO,NORMAL,NORMAL
LOW,NORMAL,LOW,False,False,True,True,False,HIGH,NORMAL,LOW,LOW,NORMAL,NORMAL,ZERO,LOW,LOW,NORMAL,False,ZERO,NORMAL,HIGH
HIGH,NORMAL,LOW,False,False,False,False,False,NORMAL,NORMAL,LOW,LOW,NORMAL,NORMAL,ZERO,HIGH,HIGH,NORMAL,False,ZERO,NORMAL,NORMAL
HIGH,ZERO,ZERO,False,False,False,False,False,HIGH,NORMAL,LOW,HIGH,HIGH,HIGH,HIGH,HIGH,HIGH,HIGH,False,HIGH,NORMAL,NORMAL
HIGH,ZERO,ZERO,False,False,False,False,False,HIGH,ONESIDED,LOW,LOW,NORMAL,HIGH,NORMAL,HIGH,HIGH,HIGH,False,NORMAL,HIGH,NORMAL
HIGH,HIGH,HIGH,False,False,False,False,True,LOW,NORMAL,LOW,LOW,NORMAL,LOW,ZERO,NORMAL,HIGH,LOW,True,ZERO,NORMAL,HIGH
HIGH,NORMAL,LOW,False,False,False,False,False,HIGH,NORMAL,LOW,HIGH,LOW,NORMAL,HIGH,HIGH,HIGH,HIGH,False,HIGH,NORMAL,NORMAL
LOW,NORMAL,LOW,False,False,False,False,False,NORMAL,NORMAL,LOW,LOW,NORMAL,HIGH,ZERO,HIGH,HIGH,NORMAL,False,ZERO,NORMAL,NORMAL
HIGH,NORMAL,LOW,False,False,False,False,False,HIGH,NORMAL,NORMAL,LOW,HIGH,LOW,ZERO,HIGH,HIGH,HIGH,False,ZERO,NORMAL,LOW
HIGH,NORMAL,LOW,False,False,False,False,False,NORMAL,NORMAL,LOW,LOW,NORMAL,HIGH,ZERO,HIGH,HIGH,NORMAL,True,ZERO,NORMAL,LOW
HIGH,NORMAL,LOW,False,False,False,False,False,NORMAL,NORMAL,LOW,LOW,NORMAL,HIGH,ZERO,HIGH,HIGH,NORMAL,False,ZERO,NORMAL,NORMAL
LOW,NORMAL,LOW,False,False,False,False,False,NORMAL,NORMAL,LOW,LOW,NORMAL,NORMAL,ZERO,LOW,LOW,NORMAL,False,ZERO,NORMAL,LOW
NORMAL,NORMAL,LOW,False,False,False,False,False,NORMAL,NORMAL,LOW,LOW,NORMAL,HIGH,ZERO,HIGH,HIGH,NORMAL,True,ZERO,NORMAL,LOW
LOW,NORMAL,LOW,False,False,False,False,False,NORMAL,NORMAL,LOW,LOW,NORMAL,NORMAL,ZERO,LOW,LOW,NORMAL,False,ZERO,NORMAL,NORMAL
HIGH,HIGH,HIGH,False,False,False,False,False,NORMAL,NORMAL,LOW,HIGH,NORMAL,HIGH,HIGH,HIGH,HIGH,NORMAL,False,HIGH,NORMAL,LOW
HIGH,NORMAL,LOW,False,False,False,False,False,NORMAL,NORMAL,LOW,LOW,NORMAL,HIGH,ZERO,HIGH,HIGH,NORMAL,False,ZERO,NORMAL,HIGH
LOW,NORMAL,LOW,False,False,False,False,False,NORMAL,NORMAL,LOW,LOW,LOW,NORMAL,ZERO,LOW,LOW,NORMAL,False,ZERO,NORMAL,HIGH
HIGH,ZERO,ZERO,False,False,False,True,False,NORMAL,NORMAL,LOW,HIGH,NORMAL,HIGH,HIGH,HIGH,HIGH,NORMAL,False,HIGH,NORMAL,NORMAL
NORMAL,NORMAL,LOW,False,False,False,True,False,NORMAL,NORMAL,LOW,LOW,NORMAL,HIGH,ZERO,HIGH,HIGH,NORMAL,False,ZERO,NORMAL,NORMAL
HIGH,NORMAL,LOW,False,False,False,False,False,NORMAL,ONESIDED,LOW,LOW,NORMAL,HIGH,NORMAL,HIGH,HIGH,NORMAL,False,NORMAL,HIGH,NORMAL
LOW,NORMAL,LOW,False,False,False,False,False,NORMAL,NORMAL,LOW,LOW,NORMAL,NORMAL,ZERO,LOW,LOW,NORMAL,False,ZERO,NORMAL,LOW
LOW,NORMAL,LOW,False,False,False,False,False,HIGH,NORMAL,LOW,LOW,LOW,NORMAL,ZERO,LOW,LOW,HIGH,False,ZERO,NORMAL,LOW
HIGH,ZERO,ZERO,False,False,False,False,False,NORMAL,NORMAL,LOW,HIGH,NORMAL,HIGH,HIGH,HIGH,HIGH,LOW,False,HIGH,NORMAL,NORMAL
HIGH,NORMAL,LOW,False,False,False,False,False,NORMAL,NORMAL,LOW,LOW,NORMAL,HIGH,ZERO,HIGH,HIGH,NORMAL,False,ZERO,NORMAL,NORMAL
LOW,NORMAL,ZERO,False,False,True,False,False,HIGH,NORMAL,LOW,HIGH,NORMAL,LOW,HIGH,LOW,HIGH,HIGH,False,HIGH,NORMAL,NORMAL
LOW,NORMAL,ZERO,False,False,False,True,False,HIGH,NORMAL,LOW,LOW,NORMAL,LOW,ZERO,LOW,LOW,HIGH,False,ZERO,NORMAL,HIGH
HIGH,NORMAL,LOW,False,False,False,False,False,NORMAL,NORMAL,LOW,LOW,NORMAL,HIGH,ZERO,HIGH,HIGH,LOW,False,ZERO,NORMAL,HIGH
LOW,NORMAL,LOW,False,False,False,False,False,NORMAL,NORMAL,LOW,LOW,NORMAL,HIGH,ZERO,HIGH,HIGH,HIGH,False,ZERO,NORMAL,HIGH
HIGH,NORMAL,LOW,False,False,False,False,False,NORMAL,NORMAL,LOW,LOW,NORMAL,HIGH,ZERO,HIGH,HIGH,NORMAL,False,ZERO,NORMAL,NORMAL
HIGH,NORMAL,LOW,False,False,False,False,False,NORMAL,NORMAL,LOW,LOW,NORMAL,HIGH,ZERO,HIGH,HIGH,NORMAL,False,ZERO,NORMAL,LOW
LOW,HIGH,HIGH,False,False,False,True,False,NORMAL,NORMAL,LOW,HIGH,LOW,NORMAL,HIGH,LOW,LOW,NORMAL,False,HIGH,NORMAL,HIGH
HIGH,NORMAL,LOW,False,False,False,True,False,NORMAL,NORMAL,LOW,LOW,NORMAL,LOW,ZERO,HIGH,HIGH,NORMAL,False,ZERO,NORMAL,HIGH
HIGH,NORMAL,LOW,False,False,False,False,False,NORMAL,NORMAL,LOW,LOW,NORMAL,HIGH,ZERO,HIGH,HIGH,NORMAL,False,ZERO,NORMAL,HIGH
HIGH,NORMAL,LOW,False,False,False,False,False,NORMAL,NORMAL,LOW,LOW,NORMAL,HIGH,ZERO,HIGH,HIGH,NORMAL,False,ZERO,NORMAL,LOW
HIGH,NORMAL,LOW,False,False,False,False,True,LOW,NORMAL,LOW,LOW,HIGH,LOW,ZERO,HIGH,HIGH,LOW,False,ZERO,NORMAL,NORMAL
HIGH,NORMAL,LOW,False,False,False,False,False,NORMAL,NORMAL,LOW,LOW,NORMAL,NORMAL,ZERO,HIGH,HIGH,NORMAL,False,ZERO,NORMAL,HIGH
HIGH,NORMAL,LOW,False,False,True,False,False,NORMAL,NORMAL,LOW,LOW,NORMAL,HIGH,ZERO,NORMAL,NORMAL,NORMAL,False,ZERO,NORMAL,NORMAL
HIGH,NORMAL,LOW,False,False,False,False,False,NORMAL,NORMAL,LOW,LOW,NORMAL,HIGH,ZERO,HIGH,HIGH,NORMAL,False,ZERO,NORMAL,LOW
HIGH,NORMAL,LOW,False,False,False,False,False,NORMAL,NORMAL,ZERO,LOW,HIGH,HIGH,HIGH,HIGH,HIGH,NORMAL,False,NORMAL,NORMAL,LOW
HIGH,NORMAL,LOW,False,False,False,False,False,LOW,NORMAL,LOW,LOW,NORMAL,HIGH,NORMAL,HIGH,HIGH,LOW,False,ZERO,NORMAL,NORMAL
HIGH,LOW,LOW,False,False,False,False,False,NORMAL,NORMAL,LOW,LOW,NORMAL,HIGH,ZERO,HIGH,HIGH,NORMAL,False,ZERO,NORMAL,HIGH
HIGH,NORMAL,LOW,False,False,False,False,False,NORMAL,NORMAL,LOW,LOW,NORMAL,HIGH,ZERO,HIGH,HIGH,NORMAL,False,ZERO,HIGH,LOW
HIGH,NORMAL,LOW,False,False,False,False,False,HIGH,NORMAL,HIGH,LOW,NORMAL,LOW,ZERO,HIGH,HIGH,HIGH,False,NORMAL,NORMAL,LOW
HIGH,NORMAL,LOW,False,False,True,False,False,NORMAL,NORMAL,LOW,LOW,NORMAL,HIGH,ZERO,NORMAL,NORMAL,NORMAL,False,ZERO,NORMAL,LOW
HIGH,NORMAL,LOW,False,False,False,False,False,HIGH,NORMAL,LOW,LOW,NORMAL,HIGH,ZERO,HIGH,HIGH,HIGH,False,ZERO,NORMAL,HIGH
HIGH,ZERO,ZERO,False,False,False,False,False,NORMAL,NORMAL,NORMAL,LOW,HIGH,HIGH,HIGH,HIGH,HIGH,NORMAL,False,ZERO,NORMAL,LOW
HIGH,NORMAL,LOW,False,False,False,False,False,NORMAL,NORMAL,LOW,LOW,LOW,HIGH,ZERO,HIGH,HIGH,NORMAL,False,ZERO,NORMAL,LOW
LOW,ZERO,ZERO,False,False,False,False,False,HIGH,NORMAL,LOW,LOW,NORMAL,LOW,ZERO,LOW,LOW,NORMAL,True,ZERO,NORMAL,LOW
HIGH,NORMAL,LOW,False,False,False,False,False,NORMAL,NORMAL,LOW,LOW,NORMAL,HIGH,ZERO,HIGH,HIGH,NORMAL,False,ZERO,NORMAL,LOW
HIGH,NORMAL,LOW,False,False,False,False,False,NORMAL,ONESIDED,NORMAL,LOW,NORMAL,HIGH,LOW,HIGH,HIGH,NORMAL,False,LOW,HIGH,NORMAL
LOW,NORMAL,LOW,False,False,False,False,True,LOW,ONESIDED,LOW,LOW,NORMAL,LOW,NORMAL,LOW,LOW,LOW,False,NORMAL,HIGH,HIGH
HIGH,NORMAL,LOW,False,False,False,False,False,NORMAL,NORMAL,LOW,LOW,NORMAL,HIGH,ZERO,HIGH,HIGH,NORMAL,False,ZERO,NORMAL,NORMAL
HIGH,NORMAL,LOW,False,False,False,False,False,HIGH,NORMAL,LOW,LOW,NORMAL,HIGH,ZERO,HIGH,HIGH,LOW,False,ZERO,NORMAL,HIGH
HIGH,NORMAL,ZERO,False,False,False,False,False,HIGH,ESOPHAGEAL,LOW,LOW,NORMAL,NORMAL,LOW,HIGH,HIGH,HIGH,False,LOW,NORMAL,NORMAL
HIGH,NORMAL,LOW,False,False,False,False,False,NORMAL,NORMAL,LOW,LOW,NORMAL,HIGH,ZERO,HIGH,HIGH,NORMAL,False,ZERO,NORMAL,LOW
NORMAL,NORMAL,LOW,False,False,False,True,False,NORMAL,NORMAL,LOW,LOW,NORMAL,HIGH,ZERO,HIGH,HIGH,NORMAL,False,ZERO,NORMAL,LOW
LOW,ZERO,ZERO,False,False,False,False,True,LOW,NORMAL,LOW,HIGH,NORMAL,LOW,HIGH,LOW,LOW,LOW,False,HIGH,NORMAL,HIGH
HIGH,NORMAL,LOW,False,False,False,False,False,NORMAL,NORMAL,LOW,LOW,NORMAL,HIGH,ZERO,HIGH,HIGH,NORMAL,False,ZERO,NORMAL,NORMAL
HIGH,NORMAL,ZERO,False,False,False,False,False,NORMAL,NORMAL,LOW,LOW,NORMAL,HIGH,ZERO,HIGH,HIGH,NORMAL,True,ZERO,NORMAL,NORMAL
HIGH,NORMAL,LOW,False,False,False,False,True,LOW,NORMAL,LOW,LOW,NORMAL,LOW,ZERO,HIGH,HIGH,LOW,False,ZERO,NORMAL,HIGH
LOW,NORMAL,ZERO,False,False,False,False,False,NORMAL,NORMAL,LOW,HIGH,NORMAL,NORMAL,HIGH,LOW,LOW,NORMAL,False,HIGH,NORMAL,HIGH
HIGH,NORMAL,LOW,False,False,False,False,False,NORMAL,NORMAL,LOW,LOW,NORMAL,HIGH,ZERO,HIGH,HIGH,NORMAL,False,ZERO,NORMAL,LOW
HIGH,NORMAL,LOW,False,False,False,False,False,NORMAL,NORMAL,LOW,LOW,NORMAL,HIGH,ZERO,HIGH,HIGH,NORMAL,False,ZERO,NORMAL,LOW
HIGH,NORMAL,LOW,False,False,False,False,False,NORMAL,NORMAL,LOW,LOW,NORMAL,HIGH,ZERO,HIGH,HIGH,NORMAL,False,ZERO,NORMAL,NORMAL
HIGH,NORMAL,LOW,False,False,False,False,False,NORMAL,NORMAL,LOW,LOW,NORMAL,HIGH,ZERO,HIGH,HIGH,NORMAL,True,ZERO,NORMAL,LOW
LOW,NORMAL,ZERO,False,False,False,False,False,HIGH,NORMAL,LOW,HIGH,NORMAL,NORMAL,HIGH,LOW,LOW,NORMAL,False,HIGH,NORMAL,HIGH
HIGH,NORMAL,LOW,False,False,True,False,False,HIGH,NORMAL,LOW,LOW,NORMAL,HIGH,ZERO,NORMAL,NORMAL,HIGH,False,ZERO,NORMAL,LOW
HIGH,NORMAL,ZERO,False,False,False,False,False,NORMAL,ONESIDED,LOW,LOW,NORMAL,HIGH,NORMAL,HIGH,HIGH,NORMAL,False,NORMAL,HIGH,HIGH
HIGH,NORMAL,LOW,False,False,False,False,False,NORMAL,NORMAL,LOW,LOW,NORMAL,HIGH,ZERO,HIGH,HIGH,LOW,False,ZERO,NORMAL,LOW
HIGH,NORMAL,LOW,False,False,False,False,False,NORMAL,NORMAL,LOW,LOW,NORMAL,HIGH,ZERO,HIGH,HIGH,NORMAL,False,ZERO,NORMAL,LOW
HIGH,NORMAL,LOW,False,False,False,False,False,NORMAL,NORMAL,LOW,LOW,NORMAL,HIGH,ZERO,HIGH,HIGH,NORMAL,False,ZERO,NORMAL,HIGH
HIGH,NORMAL,ZERO,False,False,False,False,False,NORMAL,NORMAL,LOW,HIGH,NORMAL,HIGH,HIGH,HIGH,HIGH,NORMAL,False,HIGH,NORMAL,NORMAL
LOW,NORMAL,ZERO,False,False,True,False,False,NORMAL,NORMAL,LOW,HIGH,NORMAL,NORMAL,HIGH,NORMAL,HIGH,NORMAL,False,HIGH,NORMAL,HIGH
HIGH,NORMAL,LOW,False,False,True,False,False,HIGH,NORMAL,LOW,LOW,LOW,LOW,ZERO,NORMAL,NORMAL,HIGH,False,ZERO,NORMAL,HIGH
HIGH,NORMAL,LOW,False,False,False,False,False,NORMAL,NORMAL,LOW,LOW,NORMAL,HIGH,ZERO,HIGH,HIGH,LOW,True,ZERO,NORMAL,NORMAL
HIGH,NORMAL,LOW,False,False,False,False,False,HIGH,NORMAL,LOW,LOW,NORMAL,HIGH,ZERO,HIGH,HIGH,HIGH,False,ZERO,NORMAL,NORMAL
HIGH,NORMAL,HIGH,False,False,False,True,False,NORMAL,NORMAL,ZERO,HIGH,NORMAL,HIGH,HIGH,HIGH,HIGH,NORMAL,False,HIGH,NORMAL,LOW
LOW,LOW,ZERO,False,False,False,False,False,NORMAL,NORMAL,LOW,HIGH,NORMAL,NORMAL,NORMAL,LOW,LOW,NORMAL,False,HIGH,HIGH,NORMAL
HIGH,NORMAL,LOW,False,False,False,False,False,HIGH,NORMAL,LOW,LOW,NORMAL,HIGH,LOW,HIGH,HIGH,HIGH,False,ZERO,NORMAL,NORMAL
LOW,NORMAL,LOW,False,False,False,False,False,NORMAL,NORMAL,LOW,LOW,NORMAL,NORMAL,ZERO,LOW,LOW,NORMAL,False,ZERO,NORMAL,HIGH
HIGH,NORMAL,LOW,False,False,False,False,False,NORMAL,NORMAL,LOW,LOW,NORMAL,HIGH,ZERO,HIGH,HIGH,NORMAL,False,ZERO,NORMAL,LOW
HIGH,NORMAL,LOW,False,False,False,False,True,LOW,NORMAL,LOW,LOW,NORMAL,LOW,ZERO,HIGH,HIGH,LOW,False,ZERO,NORMAL,LOW
HIGH,HIGH,HIGH,False,False,False,False,False,NORMAL,NORMAL,LOW,HIGH,NORMAL,HIGH,HIGH,HIGH,HIGH,NORMAL,False,HIGH,NORMAL,NORMAL
HIGH,NORMAL,LOW,False,False,False,False,False,NORMAL,NORMAL,LOW,LOW,NORMAL,HIGH,ZERO,HIGH,HIGH,NORMAL,False,ZERO,NORMAL,HIGH
HIGH,NORMAL,LOW,False,False,False,False,False,NORMAL,NORMAL,LOW,LOW,NORMAL,HIGH,ZERO,HIGH,HIGH,NORMAL,False,ZERO,NORMAL,NORMAL
HIGH,NORMAL,LOW,False,False,True,False,False,NORMAL,NORMAL,LOW,LOW,NORMAL,HIGH,ZERO,NORMAL,NORMAL,NORMAL,False,ZERO,NORMAL,LOW
HIGH,NORMAL,LOW,False,False,False,False,False,NORMAL,NORMAL,LOW,LOW,NORMAL,HIGH,ZERO,HIGH,HIGH,NORMAL,False,ZERO,NORMAL,HIGH
HIGH,NORMAL,LOW,False,False,False,False,False,LOW,NORMAL,LOW,LOW,NORMAL,HIGH,ZERO,HIGH,HIGH,LOW,False,ZERO,NORMAL,HIGH
HIGH,NORMAL,ZERO,False,False,False,False,False,NORMAL,NORMAL,LOW,LOW,NORMAL,HIGH,ZERO,HIGH,HIGH,NORMAL,False,ZERO,HIGH,LOW
HIGH,NORMAL,LOW,False,False,False,False,False,NORMAL,NORMAL,LOW,LOW,NORMAL,NORMAL,ZERO,HIGH,HIGH,NORMAL,False,ZERO,NORMAL,HIGH
HIGH,NORMAL,LOW,False,False,False,False,False,NORMAL,ESOPHAGEAL,LOW,NORMAL,NORMAL,HIGH,LOW,HIGH,HIGH,NORMAL,False,LOW,NORMAL,NORMAL
HIGH,ZERO,ZERO,False,False,False,True,False,NORMAL,NORMAL,NORMAL,LOW,NORMAL,HIGH,LOW,HIGH,HIGH,NORMAL,False,NORMAL,NORMAL,NORMAL
HIGH,HIGH,HIGH,False,False,False,False,False,NORMAL,NORMAL,LOW,HIGH,NORMAL,HIGH,HIGH,HIGH,HIGH,NORMAL,False,HIGH,NORMAL,HIGH
LOW,ZERO,ZERO,False,False,False,False,False,NORMAL,NORMAL,LOW,HIGH,NORMAL,NORMAL,HIGH,LOW,LOW,NORMAL,False,HIGH,NORMAL,HIGH
HIGH,NORMAL,LOW,False,False,False,False,False,NORMAL,NORMAL,LOW,LOW,LOW,HIGH,ZERO,HIGH,HIGH,NORMAL,False,ZERO,NORMAL,LOW
HIGH,NORMAL,LOW,False,False,False,False,False,HIGH,NORMAL,LOW,LOW,NORMAL,HIGH,ZERO,HIGH,HIGH,HIGH,False,ZERO,NORMAL,LOW
LOW,NORMAL,LOW,False,False,False,False,False,NORMAL,ESOPHAGEAL,LOW,LOW,NORMAL,NORMAL,ZERO,LOW,LOW,NORMAL,False,ZERO,NORMAL,HIGH
HIGH,NORMAL,LOW,False,False,False,False,False,NORMAL,NORMAL,LOW,LOW,NORMAL,HIGH,ZERO,HIGH,HIGH,NORMAL,False,ZERO,NORMAL,NORMAL
HIGH,LOW,ZERO,False,False,False,True,False,NORMAL,NORMAL,ZERO,LOW,NORMAL,HIGH,ZERO,HIGH,HIGH,NORMAL,True,ZERO,NORMAL,NORMAL
HIGH,NORMAL,LOW,False,False,False,False,False,NORMAL,NORMAL,LOW,LOW,NORMAL,HIGH,ZERO,HIGH,HIGH,NORMAL,False,ZERO,NORMAL,NORMAL
HIGH,NORMAL,LOW,False,False,False,False,False,NORMAL,NORMAL,LOW,LOW,NORMAL,HIGH,ZERO,HIGH,HIGH,NORMAL,False,ZERO,NORMAL,HIGH
LOW,NORMAL,LOW,False,False,False,False,False,HIGH,NORMAL,LOW,LOW,NORMAL,NORMAL,ZERO,LOW,LOW,HIGH,False,ZERO,NORMAL,NORMAL
LOW,NORMAL,LOW,False,False,False,False,False,HIGH,NORMAL,LOW,LOW,NORMAL,NORMAL,ZERO,LOW,LOW,HIGH,False,ZERO,NORMAL,LOW
LOW,NORMAL,LOW,False,False,False,True,False,NORMAL,NORMAL,LOW,LOW,NORMAL,LOW,ZERO,LOW,LOW,NORMAL,False,ZERO,NORMAL,HIGH
HIGH,NORMAL,LOW,False,False,False,False,False,HIGH,NORMAL,LOW,LOW,NORMAL,HIGH,ZERO,HIGH,HIGH,HIGH,False,ZERO,NORMAL,NORMAL
HIGH,NORMAL,LOW,False,False,False,False,False,HIGH,NORMAL,LOW,LOW,NORMAL,LOW,ZERO,NORMAL,HIGH,HIGH,False,ZERO,NORMAL,HIGH
LOW,NORMAL,LOW,False,False,True,False,False,HIGH,NORMAL,LOW,LOW,NORMAL,NORMAL,ZERO,NORMAL,NORMAL,HIGH,False,ZERO,NORMAL,HIGH
HIGH,NORMAL,LOW,False,False,False,False,False,HIGH,NORMAL,LOW,LOW,NORMAL,HIGH,ZERO,HIGH,HIGH,HIGH,False,ZERO,NORMAL,LOW
HIGH,NORMAL,LOW,True,False,False,False,False,NORMAL,NORMAL,LOW,LOW,NORMAL,HIGH,ZERO,HIGH,HIGH,NORMAL,False,ZERO,NORMAL,LOW
NORMAL,NORMAL,LOW,False,False,False,True,False,NORMAL,NORMAL,LOW,LOW,NORMAL,HIGH,ZERO,HIGH,LOW,NORMAL,False,ZERO,NORMAL,NORMAL
HIGH,NORMAL,LOW,False,False,False,False,False,HIGH,NORMAL,LOW,LOW,NORMAL,HIGH,ZERO,HIGH,HIGH,HIGH,False,ZERO,HIGH,HIGH
LOW,NORMAL,LOW,False,False,False,False,False,NORMAL,NORMAL,ZERO,LOW,NORMAL,LOW,ZERO,LOW,LOW,NORMAL,False,ZERO,NORMAL,LOW
HIGH,NORMAL,ZERO,False,False,False,False,False,NORMAL,ONESIDED,LOW,LOW,NORMAL,HIGH,NORMAL,HIGH,HIGH,NORMAL,False,NORMAL,HIGH,NORMAL
HIGH,LOW,ZERO,False,False,False,False,False,NORMAL,NORMAL,NORMAL,LOW,NORMAL,HIGH,HIGH,HIGH,HIGH,NORMAL,False,ZERO,NORMAL,NORMAL
LOW,NORMAL,LOW,False,False,False,False,False,NORMAL,NORMAL,ZERO,HIGH,NORMAL,NORMAL,ZERO,LOW,LOW,NORMAL,False,HIGH,NORMAL,HIGH
LOW,NORMAL,ZERO,False,False,False,False,False,NORMAL,NORMAL,LOW,HIGH,NORMAL,NORMAL,HIGH,LOW,LOW,NORMAL,False,HIGH,NORMAL,NORMAL
HIGH,NORMAL,ZERO,False,False,False,False,False,HIGH,NORMAL,LOW,HIGH,NORMAL,LOW,HIGH,HIGH,HIGH,HIGH,False,HIGH,NORMAL,LOW
HIGH,NORMAL,LOW,False,False,False,False,False,NORMAL,NORMAL,HIGH,LOW,NORMAL,HIGH,ZERO,HIGH,HIGH,NORMAL,False,ZERO,NORMAL,HIGH
HIGH,NORMAL,LOW,False,False,True,False,False,NORMAL,NORMAL,LOW,LOW,NORMAL,HIGH,ZERO,NORMAL,NORMAL,NORMAL,False,ZERO,NORMAL,LOW
NORMAL,NORMAL,LOW,False,False,False,True,True,LOW,NORMAL,LOW,LOW,NORMAL,LOW,LOW,HIGH,HIGH,LOW,False,ZERO,NORMAL,NORMAL
LOW,NORMAL,ZERO,False,False,False,False,False,HIGH,NORMAL,NORMAL,LOW,NORMAL,NORMAL,NORMAL,LOW,LOW,HIGH,False,NORMAL,NORMAL,HIGH
HIGH,NORMAL,LOW,False,False,False,False,False,NORMAL,NORMAL,LOW,LOW,NORMAL,HIGH,ZERO,HIGH,HIGH,NORMAL,False,ZERO,NORMAL,HIGH
HIGH,NORMAL,LOW,False,False,False,False,False,NORMAL,NORMAL,LOW,LOW,NORMAL,HIGH,ZERO,HIGH,HIGH,NORMAL,False,ZERO,NORMAL,NORMAL
HIGH,NORMAL,LOW,False,False,False,False,False,NORMAL,NORMAL,LOW,LOW,NORMAL,HIGH,ZERO,HIGH,HIGH,NORMAL,False,ZERO,NORMAL,NORMAL
HIGH,NORMAL,LOW,False,False,False,False,False,NORMAL,NORMAL,LOW,LOW,NORMAL,HIGH,ZERO,HIGH,HIGH,NORMAL,False,ZERO,NORMAL,HIGH
HIGH,NORMAL,LOW,False,False,False,False,False,NORMAL,NORMAL,LOW,HIGH,NORMAL,HIGH,HIGH,HIGH,HIGH,NORMAL,False,HIGH,NORMAL,LOW
HIGH,NORMAL,LOW,False,False,False,False,False,NORMAL,NORMAL,LOW,HIGH,NORMAL,HIGH,HIGH,HIGH,HIGH,NORMAL,False,HIGH,NORMAL,LOW
HIGH,HIGH,HIGH,False,False,False,False,False,NORMAL,NORMAL,LOW,HIGH,NORMAL,HIGH,LOW,HIGH,HIGH,NORMAL,False,HIGH,HIGH,LOW
LOW,NORMAL,LOW,False,False,False,True,False,NORMAL,NORMAL,LOW,LOW,NORMAL,NORMAL,ZERO,LOW,LOW,NORMAL,False,ZERO,NORMAL,LOW
HIGH,NORMAL,LOW,False,False,False,False,False,NORMAL,NORMAL,LOW,LOW,NORMAL,HIGH,ZERO,HIGH,HIGH,NORMAL,False,ZERO,NORMAL,LOW
HIGH,ZERO,ZERO,False,False,False,False,False,NORMAL,NORMAL,LOW,NORMAL,NORMAL,NORMAL,ZERO,HIGH,HIGH,NORMAL,False,ZERO,NORMAL,LOW
LOW,ZERO,ZERO,False,False,False,False,False,HIGH,NORMAL,LOW,HIGH,HIGH,NORMAL,HIGH,LOW,LOW,HIGH,False,HIGH,NORMAL,HIGH
HIGH,NORMAL,LOW,False,False,False,False,False,NORMAL,NORMAL,LOW,LOW,NORMAL,HIGH,ZERO,HIGH,HIGH,NORMAL,False,ZERO,NORMAL,LOW
HIGH,NORMAL,LOW,False,False,False,False,False,NORMAL,NORMAL,LOW,LOW,NORMAL,LOW,ZERO,HIGH,HIGH,NORMAL,False,ZERO,NORMAL,NORMAL
HIGH,NORMAL,LOW,False,False,False,False,False,NORMAL,NORMAL,LOW,LOW,HIGH,HIGH,ZERO,HIGH,NORMAL,NORMAL,False,ZERO,NORMAL,HIGH
HIGH,HIGH,HIGH,False,False,False,False,False,HIGH,NORMAL,ZERO,NORMAL,NORMAL,HIGH,HIGH,HIGH,NORMAL,HIGH,False,HIGH,NORMAL,NORMAL
HIGH,NORMAL,LOW,False,False,True,False,True,HIGH,NORMAL,LOW,LOW,NORMAL,LOW,ZERO,NORMAL,NORMAL,HIGH,False,ZERO,NORMAL,HIGH
NORMAL,NORMAL,LOW,False,False,False,False,False,HIGH,NORMAL,LOW,LOW,NORMAL,HIGH,ZERO,HIGH,HIGH,HIGH,False,ZERO,NORMAL,HIGH
LOW,NORMAL,LOW,False,False,False,False,False,NORMAL,NORMAL,LOW,LOW,NORMAL,NORMAL,ZERO,LOW,LOW,NORMAL,False,ZERO,HIGH,HIGH
LOW,NORMAL,LOW,False,False,False,False,False,NORMAL,NORMAL,LOW,LOW,NORMAL,HIGH,ZERO,LOW,LOW,HIGH,False,ZERO,NORMAL,NORMAL
HIGH,NORMAL,LOW,False,False,False,False,False,NORMAL,NORMAL,LOW,LOW,NORMAL,HIGH,ZERO,HIGH,HIGH,NORMAL,False,ZERO,NORMAL,LOW
HIGH,NORMAL,LOW,False,False,False,False,False,NORMAL,NORMAL,LOW,LOW,NORMAL,HIGH,ZERO,HIGH,HIGH,NORMAL,False,ZERO,NORMAL,HIGH
HIGH,NORMAL,LOW,False,False,False,False,False,NORMAL,ONESIDED,LOW,LOW,NORMAL,HIGH,NORMAL,HIGH,HIGH,NORMAL,False,NORMAL,HIGH,NORMAL
LOW,NORMAL,LOW,False,False,False,False,False,LOW,NORMAL,LOW,LOW,LOW,NORMAL,ZERO,LOW,LOW,LOW,False,ZERO,NORMAL,HIGH
NORMAL,NORMAL,LOW,False,False,False,False,False,HIGH,ONESIDED,NORMAL,LOW,NORMAL,HIGH,ZERO,HIGH,HIGH,HIGH,False,LOW,HIGH,HIGH
HIGH,NORMAL,ZERO,False,False,False,False,False,HIGH,NORMAL,ZERO,LOW,NORMAL,NORMAL,ZERO,HIGH,HIGH,HIGH,False,ZERO,NORMAL,HIGH
NORMAL,NORMAL,LOW,False,False,False,False,False,NORMAL,NORMAL,LOW,LOW,NORMAL,HIGH,ZERO,HIGH,HIGH,NORMAL,True,ZERO,NORMAL,HIGH
HIGH,NORMAL,LOW,False,False,True,False,False,NORMAL,NORMAL,LOW,LOW,NORMAL,HIGH,ZERO,NORMAL,LOW,NORMAL,False,ZERO,NORMAL,LOW
HIGH,NORMAL,LOW,False,False,False,False,False,NORMAL,NORMAL,LOW,LOW,HIGH,LOW,ZERO,HIGH,HIGH,NORMAL,False,ZERO,NORMAL,NORMAL
HIGH,LOW,ZERO,False,False,False,False,False,HIGH,NORMAL,LOW,HIGH,NORMAL,NORMAL,HIGH,HIGH,HIGH,HIGH,False,HIGH,NORMAL,LOW
LOW,ZERO,ZERO,False,False,False,False,False,HIGH,NORMAL,LOW,HIGH,NORMAL,LOW,HIGH,LOW,LOW,HIGH,False,HIGH,NORMAL,HIGH
HIGH,NORMAL,LOW,False,False,False,False,False,NORMAL,NORMAL,LOW,LOW,NORMAL,HIGH,ZERO,HIGH,HIGH,NORMAL,False,ZERO,NORMAL,NORMAL
HIGH,NORMAL,LOW,False,False,True,False,False,NORMAL,NORMAL,LOW,LOW,NORMAL,HIGH,ZERO,NORMAL,NORMAL,NORMAL,False,ZERO,NORMAL,HIGH
HIGH,NORMAL,LOW,False,False,False,False,False,NORMAL,NORMAL,LOW,LOW,NORMAL,HIGH,ZERO,HIGH,HIGH,LOW,False,ZERO,NORMAL,NORMAL
HIGH,NORMAL,ZERO,False,False,False,False,False,NORMAL,NORMAL,LOW,LOW,NORMAL,HIGH,ZERO,HIGH,HIGH,NORMAL,False,ZERO,NORMAL,LOW
HIGH,NORMAL,LOW,False,False,False,False,False,NORMAL,ONESIDED,NORMAL,LOW,NORMAL,HIGH,ZERO,HIGH,HIGH,NORMAL,False,LOW,HIGH,NORMAL
HIGH,NORMAL,LOW,False,False,False,False,False,NORMAL,NORMAL,LOW,LOW,NORMAL,HIGH,ZERO,HIGH,HIGH,NORMAL,False,ZERO,NORMAL,HIGH
HIGH,NORMAL,LOW,False,False,True,False,False,NORMAL,NORMAL,LOW,LOW,NORMAL,HIGH,ZERO,NORMAL,NORMAL,NORMAL,False,ZERO,NORMAL,NORMAL
HIGH,NORMAL,LOW,False,False,False,True,False,LOW,NORMAL,LOW,LOW,NORMAL,HIGH,ZERO,HIGH,HIGH,LOW,False,ZERO,NORMAL,LOW
HIGH,NORMAL,LOW,False,False,False,False,False,NORMAL,NORMAL,LOW,LOW,NORMAL,HIGH,ZERO,HIGH,HIGH,NORMAL,False,ZERO,NORMAL,NORMAL
HIGH,ZERO,ZERO,False,False,False,False,False,NORMAL,ESOPHAGEAL,LOW,LOW,NORMAL,HIGH,LOW,HIGH,HIGH,NORMAL,False,LOW,NORMAL,NORMAL
HIGH,NORMAL,LOW,False,False,False,False,False,NORMAL,NORMAL,LOW,LOW,NORMAL,HIGH,ZERO,HIGH,HIGH,NORMAL,False,ZERO,NORMAL,NORMAL
HIGH,NORMAL,LOW,False,False,False,False,False,NORMAL,NORMAL,LOW,LOW,NORMAL,HIGH,ZERO,HIGH,HIGH,NORMAL,False,ZERO,NORMAL,NORMAL
LOW,HIGH,NORMAL,False,False,False,True,False,NORMAL,NORMAL,HIGH,LOW,NORMAL,NORMAL,LOW,LOW,LOW,NORMAL,False,LOW,NORMAL,HIGH
HIGH,NORMAL,LOW,False,False,False,False,False,NORMAL,NORMAL,LOW,LOW,NORMAL,HIGH,ZERO,HIGH,HIGH,NORMAL,False,LOW,NORMAL,LOW
HIGH,LOW,ZERO,False,False,False,False,False,NORMAL,NORMAL,LOW,LOW,HIGH,HIGH,ZERO,HIGH,HIGH,NORMAL,False,ZERO,NORMAL,NORMAL
HIGH,NORMAL,ZERO,False,False,False,False,False,LOW,NORMAL,HIGH,LOW,NORMAL,HIGH,ZERO,HIGH,HIGH,LOW,False,ZERO,NORMAL,LOW
HIGH,NORMAL,LOW,False,False,True,False,False,NORMAL,NORMAL,LOW,LOW,NORMAL,HIGH,ZERO,NORMAL,NORMAL,NORMAL,False,ZERO,NORMAL,NORMAL
LOW,NORMAL,LOW,False,False,False,False,False,NORMAL,NORMAL,ZERO,HIGH,NORMAL,LOW,ZERO,LOW,LOW,NORMAL,False,HIGH,NORMAL,NORMAL
LOW,NORMAL,LOW,False,False,False,False,False,NORMAL,NORMAL,LOW,LOW,NORMAL,NORMAL,ZERO,LOW,LOW,NORMAL,False,ZERO,NORMAL,HIGH
HIGH,NORMAL,LOW,False,False,False,False,False,NORMAL,NORMAL,NORMAL,LOW,NORMAL,HIGH,ZERO,HIGH,HIGH,NORMAL,False,ZERO,NORMAL,LOW
HIGH,NORMAL,LOW,False,False,True,False,True,LOW,NORMAL,LOW,LOW,NORMAL,LOW,ZERO,NORMAL,NORMAL,LOW,False,ZERO,NORMAL,HIGH
NORMAL,NORMAL,LOW,False,False,False,False,True,LOW,NORMAL,LOW,LOW,NORMAL,LOW,LOW,HIGH,HIGH,LOW,False,ZERO,NORMAL,HIGH
HIGH,HIGH,HIGH,False,False,False,False,False,NORMAL,NORMAL,LOW,HIGH,NORMAL,HIGH,HIGH,HIGH,HIGH,NORMAL,False,HIGH,NORMAL,LOW
HIGH,NORMAL,LOW,False,False,False,False,False,HIGH,NORMAL,LOW,LOW,NORMAL,HIGH,ZERO,HIGH,HIGH,HIGH,False,ZERO,NORMAL,LOW
HIGH,NORMAL,LOW,False,False,False,False,False,HIGH,NORMAL,LOW,LOW,NORMAL,LOW,ZERO,HIGH,HIGH,HIGH,False,ZERO,NORMAL,NORMAL
HIGH,NORMAL,LOW,False,False,False,False,False,NORMAL,NORMAL,LOW,LOW,NORMAL,HIGH,ZERO,HIGH,HIGH,NORMAL,False,ZERO,NORMAL,LOW
LOW,ZERO,ZERO,False,False,False,False,False,NORMAL,NORMAL,LOW,NORMAL,NORMAL,LOW,HIGH,LOW,LOW,NORMAL,False,HIGH,HIGH,HIGH
HIGH,NORMAL,LOW,False,False,False,False,False,NORMAL,NORMAL,LOW,LOW,NORMAL,HIGH,ZERO,HIGH,HIGH,NORMAL,False,ZERO,NORMAL,HIGH
HIGH,NORMAL,LOW,False,False,False,False,False,NORMAL,NORMAL,LOW,LOW,NORMAL,HIGH,ZERO,HIGH,HIGH,LOW,False,NORMAL,NORMAL,LOW
LOW,NORMAL,LOW,False,False,False,True,False,NORMAL,ESOPHAGEAL,LOW,LOW,NORMAL,NORMAL,LOW,LOW,LOW,NORMAL,False,LOW,NORMAL,LOW
HIGH,NORMAL,LOW,False,False,True,False,False,NORMAL,NORMAL,LOW,LOW,NORMAL,HIGH,ZERO,NORMAL,NORMAL,NORMAL,False,ZERO,NORMAL,NORMAL
HIGH,NORMAL,LOW,False,False,False,False,False,NORMAL,NORMAL,LOW,LOW,NORMAL,HIGH,ZERO,HIGH,HIGH,NORMAL,False,ZERO,NORMAL,HIGH
HIGH,NORMAL,LOW,False,False,False,False,False,NORMAL,NORMAL,LOW,LOW,NORMAL,HIGH,ZERO,HIGH,HIGH,NORMAL,False,ZERO,NORMAL,HIGH
HIGH,NORMAL,LOW,False,False,False,False,False,NORMAL,NORMAL,LOW,LOW,NORMAL,HIGH,ZERO,HIGH,HIGH,NORMAL,False,ZERO,NORMAL,LOW
HIGH,NORMAL,LOW,False,False,False,False,False,HIGH,NORMAL,LOW,LOW,NORMAL,LOW,ZERO,HIGH,HIGH,HIGH,False,ZERO,NORMAL,NORMAL
HIGH,NORMAL,LOW,False,False,False,False,False,NORMAL,NORMAL,LOW,LOW,NORMAL,HIGH,ZERO,HIGH,HIGH,NORMAL,False,ZERO,NORMAL,LOW
HIGH,LOW,ZERO,False,False,False,False,False,NORMAL,ESOPHAGEAL,LOW,LOW,NORMAL,HIGH,LOW,HIGH,HIGH,NORMAL,False,LOW,NORMAL,NORMAL
HIGH,NORMAL,LOW,False,False,False,False,False,HIGH,NORMAL,LOW,LOW,NORMAL,HIGH,ZERO,HIGH,HIGH,HIGH,False,ZERO,NORMAL,NORMAL
HIGH,NORMAL,LOW,False,False,False,False,False,HIGH,NORMAL,LOW,HIGH,HIGH,HIGH,HIGH,HIGH,HIGH,HIGH,False,HIGH,NORMAL,NORMAL
HIGH,NORMAL,LOW,False,False,False,False,False,HIGH,NORMAL,LOW,LOW,NORMAL,HIGH,ZERO,HIGH,HIGH,HIGH,False,ZERO,NORMAL,HIGH
HIGH,NORMAL,LOW,False,False,False,False,False,NORMAL,NORMAL,LOW,LOW,NORMAL,HIGH,ZERO,HIGH,HIGH,NORMAL,False,ZERO,NORMAL,HIGH
HIGH,HIGH,NORMAL,False,False,False,False,False,NORMAL,NORMAL,HIGH,LOW,NORMAL,NORMAL,LOW,HIGH,HIGH,NORMAL,False,LOW,NORMAL,LOW
LOW,NORMAL,LOW,False,False,False,False,False,HIGH,NORMAL,LOW,LOW,NORMAL,LOW,ZERO,LOW,LOW,HIGH,False,ZERO,NORMAL,NORMAL
HIGH,NORMAL,LOW,False,False,False,False,False,HIGH,NORMAL,LOW,LOW,NORMAL,LOW,ZERO,HIGH,HIGH,HIGH,False,ZERO,NORMAL,HIGH
HIGH,NORMAL,LOW,False,False,False,False,False,HIGH,NORMAL,HIGH,LOW,NORMAL,LOW,LOW,HIGH,HIGH,HIGH,False,LOW,NORMAL,HIGH
HIGH,NORMAL,LOW,False,False,False,True,False,NORMAL,NORMAL,LOW,LOW,HIGH,LOW,ZERO,HIGH,HIGH,NORMAL,False,ZERO,HIGH,NORMAL
HIGH,NORMAL,LOW,False,False,False,False,False,NORMAL,NORMAL,LOW,LOW,LOW,HIGH,ZERO,HIGH,HIGH,NORMAL,False,ZERO,NORMAL,LOW
HIGH,NORMAL,LOW,False,False,False,False,True,LOW,NORMAL,LOW,LOW,NORMAL,LOW,ZERO,HIGH,HIGH,LOW,False,ZERO,NORMAL,LOW
LOW,NORMAL,LOW,False,False,False,False,False,NORMAL,NORMAL,LOW,LOW,NORMAL,NORMAL,ZERO,LOW,LOW,NORMAL,False,ZERO,NORMAL,NORMAL
HIGH,NORMAL,LOW,False,False,False,False,False,NORMAL,NORMAL,LOW,LOW,NORMAL,NORMAL,ZERO,HIGH,HIGH,NORMAL,False,ZERO,NORMAL,LOW
HIGH,LOW,ZERO,False,False,False,False,False,NORMAL,ESOPHAGEAL,LOW,LOW,NORMAL,HIGH,LOW,HIGH,HIGH,NORMAL,False,LOW,NORMAL,LOW
HIGH,NORMAL,LOW,False,False,False,False,False,NORMAL,NORMAL,LOW,LOW,LOW,HIGH,ZERO,HIGH,HIGH,NORMAL,False,ZERO,NORMAL,LOW
HIGH,NORMAL,LOW,False,False,True,False,False,NORMAL,NORMAL,LOW,LOW,NORMAL,HIGH,ZERO,NORMAL,LOW,NORMAL,False,ZERO,NORMAL,NORMAL
HIGH,LOW,LOW,False,False,False,False,False,NORMAL,NORMAL,LOW,LOW,NORMAL,HIGH,ZERO,HIGH,HIGH,NORMAL,False,ZERO,NORMAL,LOW
LOW,LOW,ZERO,False,False,False,False,False,LOW,NORMAL,LOW,HIGH,LOW,NORMAL,HIGH,LOW,LOW,LOW,False,HIGH,NORMAL,HIGH
HIGH,NORMAL,LOW,False,False,False,False,False,NORMAL,NORMAL,LOW,LOW,NORMAL,HIGH,ZERO,HIGH,HIGH,NORMAL,False,ZERO,NORMAL,HIGH
HIGH,NORMAL,LOW,False,False,False,False,True,LOW,NORMAL,LOW,LOW,NORMAL,HIGH,ZERO,LOW,HIGH,LOW,False,ZERO,NORMAL,LOW
LOW,NORMAL,ZERO,False,False,False,False,False,NORMAL,NORMAL,NORMAL,HIGH,NORMAL,NORMAL,HIGH,LOW,LOW,NORMAL,False,HIGH,NORMAL,HIGH
LOW,NORMAL,ZERO,False,False,True,False,False,NORMAL,NORMAL,LOW,HIGH,NORMAL,NORMAL,HIGH,LOW,NORMAL,NORMAL,False,HIGH,NORMAL,HIGH
HIGH,NORMAL,LOW,False,False,True,False,False,HIGH,ESOPHAGEAL,LOW,LOW,LOW,HIGH,LOW,LOW,NORMAL,HIGH,False,LOW,NORMAL,NORMAL
HIGH,NORMAL,LOW,False,False,False,False,False,NORMAL,NORMAL,LOW,LOW,NORMAL,HIGH,ZERO,HIGH,HIGH,NORMAL,False,NORMAL,NORMAL,NORMAL
LOW,NORMAL,ZERO,False,False,False,False,False,NORMAL,NORMAL,LOW,HIGH,NORMAL,NORMAL,HIGH,LOW,LOW,NORMAL,False,HIGH,NORMAL,LOW
LOW,NORMAL,HIGH,False,False,False,False,False,NORMAL,NORMAL,LOW,HIGH,NORMAL,NORMAL,HIGH,LOW,LOW,NORMAL,False,HIGH,NORMAL,HIGH
LOW,ZERO,ZERO,False,False,False,False,False,NORMAL,NORMAL,ZERO,HIGH,NORMAL,NORMAL,HIGH,LOW,LOW,NORMAL,False,HIGH,NORMAL,LOW
HIGH,NORMAL,LOW,False,False,False,False,False,HIGH,NORMAL,LOW,LOW,NORMAL,HIGH,ZERO,HIGH,HIGH,HIGH,False,ZERO,NORMAL,LOW
HIGH,NORMAL,LOW,False,False,False,True,False,NORMAL,NORMAL,LOW,LOW,NORMAL,HIGH,ZERO,HIGH,HIGH,NORMAL,False,ZERO,NORMAL,NORMAL
NORMAL,NORMAL,LOW,False,False,False,False,False,HIGH,NORMAL,LOW,LOW,NORMAL,LOW,ZERO,HIGH,HIGH,HIGH,False,ZERO,NORMAL,NORMAL
HIGH,HIGH,HIGH,False,False,False,False,False,NORMAL,NORMAL,LOW,NORMAL,NORMAL,HIGH,HIGH,HIGH,HIGH,NORMAL,False,HIGH,NORMAL,HIGH
HIGH,NORMAL,LOW,False,False,False,False,False,NORMAL,NORMAL,LOW,LOW,NORMAL,HIGH,ZERO,HIGH,HIGH,NORMAL,False,ZERO,NORMAL,NORMAL
HIGH,NORMAL,LOW,False,False,False,False,False,NORMAL,NORMAL,LOW,LOW,NORMAL,HIGH,ZERO,HIGH,HIGH,NORMAL,False,ZERO,HIGH,LOW
HIGH,NORMAL,LOW,False,False,False,False,False,HIGH,NORMAL,LOW,LOW,NORMAL,HIGH,ZERO,HIGH,HIGH,HIGH,False,ZERO,NORMAL,LOW
HIGH,NORMAL,LOW,False,False,False,False,False,HIGH,NORMAL,LOW,LOW,NORMAL,LOW,ZERO,HIGH,HIGH,HIGH,False,ZERO,NORMAL,HIGH
NORMAL,NORMAL,LOW,False,False,False,False,False,NORMAL,NORMAL,LOW,LOW,NORMAL,HIGH,ZERO,HIGH,HIGH,NORMAL,False,ZERO,NORMAL,LOW
HIGH,HIGH,HIGH,False,False,False,False,False,NORMAL,NORMAL,LOW,HIGH,NORMAL,HIGH,HIGH,LOW,HIGH,NORMAL,False,HIGH,NORMAL,LOW
HIGH,NORMAL,LOW,False,False,False,False,False,NORMAL,NORMAL,LOW,LOW,NORMAL,HIGH,ZERO,HIGH,HIGH,NORMAL,False,ZERO,NORMAL,LOW
HIGH,NORMAL,LOW,False,False,False,True,False,NORMAL,NORMAL,LOW,LOW,NORMAL,HIGH,ZERO,HIGH,HIGH,NORMAL,False,ZERO,NORMAL,HIGH
LOW,NORMAL,LOW,False,False,False,False,False,NORMAL,NORMAL,LOW,LOW,HIGH,NORMAL,ZERO,LOW,LOW,NORMAL,True,ZERO,NORMAL,HIGH
HIGH,NORMAL,LOW,False,False,False,True,False,NORMAL,NORMAL,LOW,LOW,NORMAL,NORMAL,ZERO,HIGH,HIGH,NORMAL,False,ZERO,NORMAL,LOW
NORMAL,NORMAL,LOW,False,False,False,False,False,HIGH,ONESIDED,NORMAL,LOW,NORMAL,HIGH,ZERO,LOW,HIGH,HIGH,False,LOW,HIGH,NORMAL
HIGH,NORMAL,LOW,False,False,False,True,False,HIGH,NORMAL,LOW,LOW,NORMAL,HIGH,ZERO,HIGH,HIGH,HIGH,False,NORMAL,NORMAL,NORMAL
HIGH,NORMAL,LOW,True,False,False,False,False,HIGH,NORMAL,LOW,LOW,LOW,LOW,ZERO,HIGH,HIGH,HIGH,False,ZERO,HIGH,LOW
HIGH,NORMAL,LOW,False,False,True,False,False,NORMAL,NORMAL,LOW,LOW,NORMAL,HIGH,ZERO,NORMAL,NORMAL,NORMAL,False,ZERO,NORMAL,NORMAL
HIGH,NORMAL,LOW,False,False,False,True,False,NORMAL,NORMAL,LOW,LOW,HIGH,HIGH,NORMAL,HIGH,HIGH,NORMAL,False,ZERO,NORMAL,LOW
HIGH,NORMAL,LOW,False,False,True,True,False,HIGH,NORMAL,LOW,LOW,NORMAL,HIGH,ZERO,NORMAL,NORMAL,HIGH,True,ZERO,NORMAL,NORMAL
HIGH,NORMAL,LOW,False,False,False,False,False,NORMAL,NORMAL,LOW,LOW,NORMAL,HIGH,ZERO,HIGH,HIGH,NORMAL,False,ZERO,NORMAL,LOW
NORMAL,HIGH,HIGH,False,False,True,False,False,NORMAL,NORMAL,LOW,LOW,NORMAL,NORMAL,ZERO,LOW,NORMAL,NORMAL,True,ZERO,NORMAL,NORMAL
HIGH,NORMAL,LOW,False,False,False,False,False,NORMAL,NORMAL,LOW,LOW,NORMAL,HIGH,ZERO,HIGH,HIGH,NORMAL,False,ZERO,NORMAL,LOW
HIGH,NORMAL,NORMAL,False,False,False,False,False,NORMAL,NORMAL,HIGH,LOW,NORMAL,LOW,ZERO,HIGH,HIGH,NORMAL,False,LOW,NORMAL,LOW
LOW,NORMAL,LOW,False,False,False,False,True,LOW,NORMAL,LOW,LOW,LOW,LOW,ZERO,LOW,LOW,LOW,False,ZERO,NORMAL,LOW
HIGH,NORMAL,LOW,False,False,False,False,False,NORMAL,NORMAL,LOW,HIGH,NORMAL,HIGH,HIGH,HIGH,HIGH,NORMAL,False,HIGH,NORMAL,LOW
HIGH,NORMAL,LOW,False,False,False,False,False,HIGH,NORMAL,LOW,LOW,NORMAL,LOW,ZERO,HIGH,HIGH,HIGH,False,ZERO,NORMAL,NORMAL
HIGH,HIGH,HIGH,False,False,False,True,False,NORMAL,NORMAL,LOW,HIGH,LOW,LOW,HIGH,HIGH,HIGH,NORMAL,False,HIGH,NORMAL,LOW
LOW,NORMAL,LOW,False,False,False,False,False,NORMAL,NORMAL,LOW,LOW,NORMAL,NORMAL,ZERO,LOW,LOW,NORMAL,False,ZERO,HIGH,LOW
NORMAL,NORMAL,LOW,False,False,False,True,False,NORMAL,NORMAL,LOW,LOW,HIGH,HIGH,ZERO,HIGH,HIGH,NORMAL,False,ZERO,NORMAL,LOW
LOW,NORMAL,LOW,False,False,False,False,False,NORMAL,NORMAL,LOW,LOW,NORMAL,NORMAL,ZERO,LOW,LOW,NORMAL,False,ZERO,NORMAL,HIGH
HIGH,NORMAL,LOW,False,False,True,False,False,NORMAL,ESOPHAGEAL,NORMAL,LOW,NORMAL,HIGH,ZERO,NORMAL,NORMAL,NORMAL,False,ZERO,NORMAL,HIGH
HIGH,NORMAL,LOW,False,False,False,False,False,NORMAL,NORMAL,LOW,LOW,NORMAL,HIGH,ZERO,HIGH,HIGH,NORMAL,False,ZERO,NORMAL,NORMAL
HIGH,NORMAL,LOW,False,False,False,False,False,NORMAL,NORMAL,LOW,LOW,NORMAL,HIGH,ZERO,HIGH,HIGH,NORMAL,False,LOW,NORMAL,LOW
HIGH,NORMAL,ZERO,False,False,False,False,False,NORMAL,NORMAL,LOW,LOW,NORMAL,HIGH,ZERO,HIGH,HIGH,NORMAL,True,ZERO,HIGH,LOW
HIGH,LOW,ZERO,False,False,False,False,False,NORMAL,NORMAL,LOW,LOW,NORMAL,NORMAL,ZERO,HIGH,HIGH,NORMAL,False,ZERO,NORMAL,HIGH
HIGH,NORMAL,LOW,False,False,False,True,False,NORMAL,NORMAL,ZERO,LOW,NORMAL,HIGH,ZERO,HIGH,HIGH,NORMAL,False,ZERO,NORMAL,NORMAL
HIGH,NORMAL,ZERO,False,False,False,False,True,LOW,NORMAL,ZERO,HIGH,NORMAL,LOW,HIGH,HIGH,HIGH,LOW,False,HIGH,NORMAL,NORMAL
HIGH,NORMAL,LOW,False,False,False,False,False,NORMAL,NORMAL,LOW,LOW,NORMAL,HIGH,ZERO,HIGH,HIGH,NORMAL,False,ZERO,NORMAL,HIGH
HIGH,NORMAL,LOW,False,False,True,True,False,NORMAL,NORMAL,LOW,LOW,NORMAL,HIGH,ZERO,NORMAL,NORMAL,NORMAL,False,ZERO,NORMAL,NORMAL
HIGH,HIGH,HIGH,False,False,True,False,False,NORMAL,ONESIDED,HIGH,LOW,NORMAL,HIGH,HIGH,NORMAL,NORMAL,NORMAL,False,LOW,HIGH,LOW
HIGH,NORMAL,LOW,False,False,False,False,False,NORMAL,NORMAL,HIGH,LOW,NORMAL,HIGH,LOW,HIGH,HIGH,NORMAL,False,LOW,NORMAL,NORMAL
HIGH,ZERO,ZERO,False,False,False,False,False,HIGH,NORMAL,LOW,LOW,LOW,NORMAL,ZERO,HIGH,HIGH,HIGH,False,ZERO,NORMAL,HIGH
HIGH,NORMAL,LOW,False,False,True,False,False,HIGH,NORMAL,LOW,LOW,NORMAL,HIGH,ZERO,NORMAL,NORMAL,HIGH,False,ZERO,NORMAL,NORMAL
HIGH,NORMAL,LOW,False,False,False,True,True,LOW,NORMAL,LOW,LOW,NORMAL,NORMAL,ZERO,HIGH,HIGH,LOW,False,ZERO,NORMAL,NORMAL
HIGH,NORMAL,LOW,False,False,False,False,False,NORMAL,NORMAL,LOW,LOW,NORMAL,HIGH,ZERO,HIGH,HIGH,NORMAL,False,ZERO,NORMAL,LOW
HIGH,NORMAL,LOW,False,False,False,False,False,HIGH,NORMAL,LOW,LOW,HIGH,NORMAL,ZERO,HIGH,HIGH,HIGH,True,ZERO,NORMAL,LOW
HIGH,NORMAL,LOW,False,False,False,False,False,NORMAL,NORMAL,LOW,LOW,NORMAL,HIGH,ZERO,HIGH,HIGH,NORMAL,False,ZERO,NORMAL,LOW
NORMAL,HIGH,HIGH,False,False,False,True,False,NORMAL,NORMAL,LOW,LOW,NORMAL,HIGH,ZERO,HIGH,HIGH,NORMAL,False,ZERO,NORMAL,HIGH
HIGH,NORMAL,LOW,False,False,False,False,False,NORMAL,NORMAL,LOW,LOW,NORMAL,HIGH,ZERO,HIGH,HIGH,NORMAL,False,ZERO,NORMAL,HIGH
HIGH,NORMAL,LOW,False,False,False,False,False,HIGH,NORMAL,LOW,LOW,NORMAL,LOW,ZERO,HIGH,NORMAL,HIGH,False,ZERO,NORMAL,LOW
HIGH,NORMAL,LOW,False,False,False,False,False,HIGH,NORMAL,LOW,LOW,NORMAL,HIGH,ZERO,HIGH,HIGH,HIGH,False,ZERO,HIGH,LOW
HIGH,NORMAL,LOW,False,False,False,False,False,HIGH,NORMAL,LOW,LOW,NORMAL,LOW,ZERO,HIGH,HIGH,HIGH,False,ZERO,NORMAL,HIGH
HIGH,NORMAL,LOW,False,False,False,False,False,NORMAL,ESOPHAGEAL,LOW,LOW,NORMAL,HIGH,LOW,HIGH,HIGH,NORMAL,False,LOW,NORMAL,HIGH
HIGH,NORMAL,LOW,False,False,False,False,False,NORMAL,NORMAL,LOW,LOW,NORMAL,HIGH,ZERO,HIGH,HIGH,NORMAL,False,ZERO,NORMAL,NORMAL
HIGH,NORMAL,LOW,False,False,False,False,False,HIGH,NORMAL,LOW,LOW,NORMAL,HIGH,ZERO,HIGH,HIGH,HIGH,False,ZERO,NORMAL,NORMAL
HIGH,NORMAL,LOW,False,False,False,False,False,HIGH,NORMAL,LOW,LOW,NORMAL,HIGH,ZERO,HIGH,HIGH,HIGH,False,ZERO,NORMAL,LOW
HIGH,NORMAL,ZERO,False,False,False,False,False,NORMAL,NORMAL,LOW,HIGH,NORMAL,NORMAL,HIGH,HIGH,HIGH,NORMAL,False,HIGH,NORMAL,NORMAL
HIGH,ZERO,ZERO,False,False,False,False,False,NORMAL,NORMAL,LOW,HIGH,LOW,HIGH,HIGH,HIGH,HIGH,NORMAL,False,HIGH,NORMAL,NORMAL
HIGH,HIGH,NORMAL,True,False,True,False,False,NORMAL,NORMAL,HIGH,LOW,NORMAL,LOW,LOW,NORMAL,NORMAL,HIGH,False,LOW,NORMAL,LOW
LOW,NORMAL,LOW,False,False,False,False,True,LOW,NORMAL,LOW,HIGH,NORMAL,LOW,HIGH,LOW,LOW,HIGH,False,HIGH,NORMAL,HIGH
HIGH,NORMAL,LOW,False,False,False,False,False,NORMAL,NORMAL,LOW,LOW,NORMAL,HIGH,ZERO,HIGH,HIGH,NORMAL,False,ZERO,NORMAL,HIGH
LOW,HIGH,HIGH,False,False,True,False,False,LOW,NORMAL,LOW,HIGH,NORMAL,LOW,HIGH,NORMAL,NORMAL,LOW,False,HIGH,NORMAL,LOW
LOW,LOW,ZERO,False,False,False,False,False,NORMAL,NORMAL,LOW,HIGH,NORMAL,NORMAL,HIGH,LOW,LOW,LOW,False,HIGH,NORMAL,HIGH
HIGH,HIGH,HIGH,False,False,False,False,False,NORMAL,NORMAL,LOW,HIGH,NORMAL,HIGH,HIGH,HIGH,HIGH,NORMAL,False,HIGH,HIGH,NORMAL
LOW,NORMAL,LOW,False,False,False,False,False,NORMAL,NORMAL,LOW,LOW,LOW,HIGH,ZERO,HIGH,HIGH,NORMAL,False,ZERO,NORMAL,LOW
HIGH,NORMAL,LOW,False,False,True,False,False,NORMAL,NORMAL,LOW,LOW,NORMAL,HIGH,ZERO,NORMAL,NORMAL,NORMAL,False,ZERO,NORMAL,NORMAL
HIGH,NORMAL,LOW,False,False,False,True,False,NORMAL,NORMAL,LOW,LOW,NORMAL,LOW,ZERO,HIGH,HIGH,NORMAL,False,ZERO,NORMAL,LOW
HIGH,LOW,ZERO,False,False,False,False,False,HIGH,NORMAL,LOW,HIGH,NORMAL,LOW,HIGH,HIGH,HIGH,HIGH,False,HIGH,NORMAL,NORMAL
HIGH,NORMAL,LOW,False,False,False,False,False,NORMAL,NORMAL,LOW,LOW,NORMAL,HIGH,ZERO,HIGH,HIGH,NORMAL,False,ZERO,HIGH,HIGH
HIGH,NORMAL,LOW,False,False,False,True,False,HIGH,NORMAL,LOW,LOW,NORMAL,NORMAL,ZERO,HIGH,HIGH,HIGH,False,ZERO,NORMAL,NORMAL
HIGH,NORMAL,LOW,False,False,False,False,False,NORMAL,NORMAL,LOW,LOW,NORMAL,HIGH,ZERO,HIGH,HIGH,NORMAL,False,ZERO,NORMAL,LOW
HIGH,NORMAL,LOW,False,False,False,False,False,HIGH,NORMAL,LOW,LOW,NORMAL,NORMAL,ZERO,HIGH,HIGH,HIGH,False,ZERO,NORMAL,NORMAL
HIGH,NORMAL,LOW,False,False,False,True,False,NORMAL,NORMAL,LOW,LOW,NORMAL,HIGH,ZERO,HIGH,HIGH,NORMAL,False,ZERO,NORMAL,NORMAL
LOW,NORMAL,LOW,False,False,False,False,False,NORMAL,NORMAL,LOW,LOW,NORMAL,NORMAL,ZERO,LOW,LOW,LOW,False,ZERO,NORMAL,NORMAL
LOW,HIGH,HIGH,False,False,False,False,False,NORMAL,NORMAL,LOW,HIGH,NORMAL,HIGH,HIGH,LOW,LOW,NORMAL,False,HIGH,NORMAL,HIGH
HIGH,NORMAL,NORMAL,False,False,False,False,False,NORMAL,NORMAL,HIGH,LOW,NORMAL,HIGH,LOW,HIGH,HIGH,NORMAL,False,LOW,NORMAL,NORMAL
HIGH,NORMAL,LOW,False,False,False,False,False,NORMAL,NORMAL,LOW,LOW,NORMAL,HIGH,ZERO,HIGH,HIGH,NORMAL,False,ZERO,NORMAL,LOW
HIGH,ZERO,ZERO,False,False,False,False,False,HIGH,NORMAL,LOW,LOW,LOW,HIGH,ZERO,HIGH,HIGH,HIGH,False,ZERO,NORMAL,LOW
HIGH,ZERO,ZERO,False,False,False,False,False,NORMAL,NORMAL,LOW,HIGH,NORMAL,NORMAL,HIGH,HIGH,HIGH,NORMAL,False,HIGH,NORMAL,LOW
HIGH,NORMAL,LOW,False,False,True,False,False,NORMAL,NORMAL,ZERO,LOW,NORMAL,HIGH,LOW,NORMAL,NORMAL,NORMAL,False,ZERO,NORMAL,LOW
LOW,NORMAL,LOW,False,False,False,False,False,NORMAL,ONESIDED,HIGH,LOW,NORMAL,NORMAL,HIGH,LOW,LOW,NORMAL,False,NORMAL,HIGH,NORMAL
HIGH,NORMAL,ZERO,False,False,False,False,False,NORMAL,NORMAL,LOW,HIGH,HIGH,NORMAL,HIGH,HIGH,HIGH,NORMAL,False,HIGH,HIGH,LOW
LOW,NORMAL,LOW,False,False,False,False,True,LOW,NORMAL,LOW,LOW,HIGH,LOW,ZERO,LOW,LOW,LOW,False,ZERO,NORMAL,NORMAL
HIGH,NORMAL,ZERO,False,False,False,False,False,NORMAL,NORMAL,LOW,HIGH,NORMAL,HIGH,HIGH,HIGH,HIGH,NORMAL,False,HIGH,NORMAL,NORMAL
HIGH,NORMAL,LOW,False,False,False,False,False,NORMAL,NORMAL,LOW,LOW,NORMAL,LOW,ZERO,HIGH,HIGH,NORMAL,False,ZERO,NORMAL,LOW
HIGH,ZERO,ZERO,False,False,False,False,False,HIGH,NORMAL,LOW,LOW,NORMAL,HIGH,ZERO,HIGH,HIGH,HIGH,False,ZERO,NORMAL,LOW
LOW,NORMAL,ZERO,False,False,False,False,False,NORMAL,ONESIDED,LOW,LOW,NORMAL,NORMAL,NORMAL,LOW,LOW,NORMAL,False,NORMAL,HIGH,HIGH
HIGH,NORMAL,LOW,False,False,False,False,False,NORMAL,NORMAL,LOW,LOW,NORMAL,HIGH,ZERO,HIGH,HIGH,NORMAL,False,ZERO,NORMAL,HIGH
HIGH,ZERO,ZERO,False,False,False,False,False,NORMAL,NORMAL,LOW,LOW,NORMAL,HIGH,ZERO,HIGH,HIGH,NORMAL,False,ZERO,NORMAL,LOW
HIGH,NORMAL,LOW,False,False,False,False,False,HIGH,ONESIDED,NORMAL,LOW,NORMAL,NORMAL,ZERO,HIGH,HIGH,HIGH,False,LOW,HIGH,HIGH
HIGH,NORMAL,NORMAL,False,False,False,False,False,NORMAL,NORMAL,HIGH,LOW,NORMAL,HIGH,LOW,HIGH,HIGH,NORMAL,False,LOW,NORMAL,HIGH
HIGH,NORMAL,LOW,False,False,False,False,False,NORMAL,NORMAL,LOW,LOW,NORMAL,HIGH,ZERO,HIGH,HIGH,NORMAL,False,ZERO,NORMAL,HIGH
HIGH,NORMAL,LOW,False,False,False,False,False,NORMAL,NORMAL,LOW,LOW,NORMAL,HIGH,ZERO,HIGH,HIGH,NORMAL,False,ZERO,NORMAL,LOW
LOW,ZERO,ZERO,False,False,False,False,False,NORMAL,NORMAL,LOW,HIGH,NORMAL,NORMAL,ZERO,LOW,LOW,NORMAL,False,HIGH,NORMAL,HIGH
HIGH,NORMAL,LOW,False,False,False,False,False,NORMAL,NORMAL,LOW,LOW,NORMAL,HIGH,ZERO,HIGH,HIGH,HIGH,False,ZERO,NORMAL,LOW
LOW,NORMAL,LOW,False,False,False,False,False,HIGH,NORMAL,LOW,LOW,LOW,NORMAL,ZERO,LOW,LOW,HIGH,False,ZERO,NORMAL,HIGH
LOW,NORMAL,LOW,False,False,False,False,False,NORMAL,NORMAL,LOW,LOW,NORMAL,NORMAL,ZERO,LOW,LOW,NORMAL,False,ZERO,NORMAL,LOW
NORMAL,NORMAL,ZERO,False,False,False,False,False,HIGH,NORMAL,LOW,HIGH,NORMAL,HIGH,HIGH,HIGH,HIGH,HIGH,False,HIGH,NORMAL,NORMAL
HIGH,NORMAL,LOW,False,False,False,False,False,LOW,NORMAL,LOW,LOW,HIGH,LOW,ZERO,HIGH,HIGH,LOW,False,ZERO,NORMAL,NORMAL
HIGH,NORMAL,LOW,False,False,False,False,False,NORMAL,NORMAL,LOW,HIGH,NORMAL,HIGH,HIGH,HIGH,HIGH,NORMAL,False,HIGH,NORMAL,NORMAL
NORMAL,NORMAL,LOW,False,False,False,False,False,NORMAL,NORMAL,LOW,LOW,HIGH,HIGH,ZERO,HIGH,LOW,NORMAL,False,ZERO,NORMAL,NORMAL
NORMAL,NORMAL,LOW,False,False,False,False,False,HIGH,NORMAL,LOW,LOW,NORMAL,LOW,ZERO,HIGH,LOW,HIGH,True,ZERO,NORMAL,LOW
HIGH,NORMAL,LOW,False,False,False,False,False,NORMAL,ONESIDED,NORMAL,LOW,NORMAL,HIGH,LOW,HIGH,HIGH,NORMAL,False,LOW,HIGH,HIGH
HIGH,HIGH,HIGH,False,False,False,False,False,NORMAL,NORMAL,HIGH,HIGH,NORMAL,HIGH,HIGH,HIGH,HIGH,LOW,False,HIGH,NORMAL,NORMAL
HIGH,NORMAL,LOW,False,False,True,False,False,NORMAL,NORMAL,LOW,LOW,NORMAL,LOW,ZERO,NORMAL,NORMAL,NORMAL,False,ZERO,NORMAL,HIGH
HIGH,ZERO,ZERO,False,False,False,False,False,NORMAL,NORMAL,LOW,LOW,NORMAL,HIGH,ZERO,HIGH,HIGH,NORMAL,False,ZERO,NORMAL,HIGH
NORMAL,HIGH,HIGH,False,False,False,False,False,HIGH,NORMAL,LOW,HIGH,NORMAL,LOW,HIGH,NORMAL,LOW,HIGH,False,HIGH,NORMAL,HIGH
HIGH,NORMAL,LOW,False,False,True,False,False,HIGH,NORMAL,LOW,LOW,NORMAL,NORMAL,ZERO,NORMAL,NORMAL,HIGH,False,ZERO,NORMAL,NORMAL
LOW,NORMAL,LOW,False,False,False,False,False,NORMAL,ESOPHAGEAL,NORMAL,LOW,NORMAL,NORMAL,ZERO,LOW,LOW,NORMAL,False,ZERO,NORMAL,HIGH
HIGH,NORMAL,LOW,False,False,False,False,False,NORMAL,NORMAL,LOW,LOW,NORMAL,HIGH,ZERO,HIGH,HIGH,LOW,False,NORMAL,NORMAL,NORMAL
NORMAL,ZERO,ZERO,False,False,False,False,False,NORMAL,ONESIDED,LOW,LOW,NORMAL,HIGH,NORMAL,HIGH,HIGH,NORMAL,False,NORMAL,HIGH,LOW
HIGH,NORMAL,LOW,False,False,False,False,False,HIGH,NORMAL,LOW,HIGH,NORMAL,HIGH,HIGH,HIGH,HIGH,HIGH,False,HIGH,NORMAL,NORMAL
HIGH,NORMAL,LOW,False,False,False,False,False,NORMAL,NORMAL,LOW,LOW,NORMAL,HIGH,ZERO,HIGH,HIGH,LOW,False,ZERO,NORMAL,LOW
HIGH,NORMAL,LOW,False,False,False,False,False,NORMAL,NORMAL,LOW,LOW,NORMAL,NORMAL,ZERO,HIGH,HIGH,NORMAL,True,ZERO,NORMAL,HIGH
HIGH,NORMAL,HIGH,False,False,False,False,False,NORMAL,NORMAL,LOW,HIGH,NORMAL,HIGH,HIGH,HIGH,HIGH,NORMAL,False,HIGH,NORMAL,NORMAL
HIGH,NORMAL,LOW,False,False,False,False,False,NORMAL,NORMAL,LOW,LOW,NORMAL,HIGH,ZERO,HIGH,HIGH,NORMAL,False,ZERO,NORMAL,NORMAL
LOW,NORMAL,LOW,False,False,True,False,False,NORMAL,NORMAL,ZERO,HIGH,HIGH,NORMAL,ZERO,LOW,LOW,NORMAL,True,HIGH,NORMAL,NORMAL
HIGH,NORMAL,LOW,False,False,False,False,False,NORMAL,NORMAL,LOW,LOW,NORMAL,HIGH,ZERO,HIGH,HIGH,NORMAL,False,ZERO,NORMAL,LOW
HIGH,NORMAL,LOW,False,False,False,False,False,NORMAL,NORMAL,LOW,LOW,NORMAL,HIGH,ZERO,HIGH,HIGH,NORMAL,False,ZERO,NORMAL,NORMAL
HIGH,NORMAL,LOW,False,False,False,False,False,NORMAL,NORMAL,NORMAL,LOW,NORMAL,HIGH,ZERO,HIGH,HIGH,NORMAL,False,NORMAL,NORMAL,NORMAL
HIGH,ZERO,ZERO,False,False,False,False,False,HIGH,NORMAL,LOW,HIGH,NORMAL,LOW,HIGH,HIGH,HIGH,HIGH,False,HIGH,NORMAL,NORMAL
LOW,HIGH,HIGH,False,False,False,False,False,NORMAL,NORMAL,LOW,HIGH,NORMAL,NORMAL,HIGH,LOW,LOW,NORMAL,False,HIGH,NORMAL,HIGH
HIGH,HIGH,HIGH,False,False,False,False,False,NORMAL,NORMAL,LOW,HIGH,NORMAL,HIGH,HIGH,HIGH,HIGH,NORMAL,False,HIGH,NORMAL,NORMAL
HIGH,NORMAL,LOW,False,False,False,False,False,NORMAL,NORMAL,LOW,LOW,NORMAL,HIGH,ZERO,HIGH,HIGH,NORMAL,False,ZERO,NORMAL,LOW
HIGH,NORMAL,ZERO,False,False,True,False,False,LOW,NORMAL,LOW,LOW,NORMAL,HIGH,ZERO,NORMAL,NORMAL,LOW,False,ZERO,NORMAL,NORMAL
LOW,LOW,ZERO,False,False,False,False,False,NORMAL,NORMAL,LOW,LOW,NORMAL,NORMAL,ZERO,LOW,LOW,NORMAL,False,ZERO,NORMAL,LOW
HIGH,NORMAL,LOW,False,False,False,False,False,HIGH,NORMAL,LOW,LOW,NORMAL,LOW,ZERO,HIGH,HIGH,HIGH,False,ZERO,HIGH,HIGH
HIGH,HIGH,HIGH,False,False,False,False,False,NORMAL,NORMAL,LOW,HIGH,NORMAL,HIGH,HIGH,HIGH,HIGH,NORMAL,False,HIGH,NORMAL,NORMAL
HIGH,NORMAL,LOW,False,False,False,False,False,NORMAL,NORMAL,LOW,LOW,NORMAL,HIGH,ZERO,HIGH,HIGH,NORMAL,False,ZERO,NORMAL,HIGH
HIGH,NORMAL,LOW,False,False,False,False,False,NORMAL,NORMAL,LOW,LOW,NORMAL,HIGH,ZERO,HIGH,HIGH,NORMAL,False,ZERO,NORMAL,NORMAL
HIGH,NORMAL,HIGH,False,False,False,False,False,NORMAL,NORMAL,LOW,HIGH,NORMAL,HIGH,HIGH,HIGH,HIGH,NORMAL,False,HIGH,NORMAL,NORMAL
HIGH,NORMAL,LOW,False,False,False,True,False,NORMAL,NORMAL,LOW,LOW,NORMAL,HIGH,ZERO,HIGH,HIGH,NORMAL,False,ZERO,HIGH,NORMAL
HIGH,NORMAL,LOW,False,False,False,False,False,NORMAL,NORMAL,LOW,LOW,NORMAL,HIGH,ZERO,HIGH,HIGH,HIGH,False,ZERO,NORMAL,NORMAL
HIGH,NORMAL,LOW,False,False,False,False,False,NORMAL,NORMAL,LOW,LOW,NORMAL,HIGH,ZERO,HIGH,HIGH,NORMAL,False,ZERO,NORMAL,HIGH
HIGH,NORMAL,LOW,False,False,True,False,False,NORMAL,NORMAL,LOW,LOW,NORMAL,HIGH,ZERO,NORMAL,NORMAL,NORMAL,False,ZERO,NORMAL,HIGH
HIGH,NORMAL,ZERO,False,False,False,False,False,NORMAL,NORMAL,LOW,HIGH,LOW,HIGH,HIGH,HIGH,HIGH,NORMAL,False,HIGH,NORMAL,NORMAL
NORMAL,HIGH,HIGH,False,False,False,False,False,NORMAL,NORMAL,LOW,NORMAL,NORMAL,HIGH,HIGH,HIGH,HIGH,NORMAL,False,HIGH,NORMAL,NORMAL
HIGH,NORMAL,LOW,False,False,True,False,False,NORMAL,NORMAL,LOW,LOW,NORMAL,HIGH,ZERO,NORMAL,LOW,NORMAL,False,ZERO,NORMAL,NORMAL
HIGH,LOW,ZERO,False,False,False,False,False,HIGH,NORMAL,LOW,LOW,NORMAL,HIGH,ZERO,HIGH,HIGH,HIGH,False,ZERO,NORMAL,LOW
HIGH,NORMAL,ZERO,False,False,True,False,False,NORMAL,NORMAL,LOW,LOW,NORMAL,NORMAL,ZERO,NORMAL,HIGH,NORMAL,False,ZERO,NORMAL,HIGH
HIGH,NORMAL,LOW,False,False,False,False,False,NORMAL,NORMAL,LOW,LOW,NORMAL,HIGH,ZERO,HIGH,HIGH,NORMAL,False,ZERO,NORMAL,NORMAL
HIGH,NORMAL,LOW,False,False,False,False,False,NORMAL,NORMAL,LOW,LOW,NORMAL,HIGH,ZERO,HIGH,HIGH,NORMAL,False,ZERO,HIGH,HIGH
NORMAL,NORMAL,LOW,False,False,False,False,False,NORMAL,NORMAL,LOW,LOW,NORMAL,LOW,ZERO,HIGH,HIGH,NORMAL,False,ZERO,NORMAL,NORMAL
HIGH,NORMAL,LOW,False,False,False,False,False,NORMAL,NORMAL,LOW,LOW,NORMAL,HIGH,ZERO,HIGH,HIGH,NORMAL,False,ZERO,NORMAL,LOW
HIGH,NORMAL,LOW,False,False,True,False,False,NORMAL,NORMAL,LOW,LOW,NORMAL,HIGH,ZERO,NORMAL,NORMAL,NORMAL,False,ZERO,NORMAL,HIGH
LOW,NORMAL,LOW,False,False,False,False,False,NORMAL,NORMAL,LOW,HIGH,NORMAL,NORMAL,HIGH,LOW,LOW,NORMAL,False,HIGH,NORMAL,HIGH
HIGH,NORMAL,LOW,False,False,False,False,False,NORMAL,NORMAL,LOW,LOW,NORMAL,HIGH,ZERO,HIGH,HIGH,NORMAL,False,ZERO,NORMAL,NORMAL
NORMAL,NORMAL,LOW,False,False,False,False,False,HIGH,NORMAL,LOW,LOW,NORMAL,HIGH,ZERO,HIGH,HIGH,HIGH,False,ZERO,NORMAL,NORMAL
HIGH,HIGH,HIGH,False,False,False,False,False,NORMAL,ONESIDED,HIGH,NORMAL,NORMAL,LOW,HIGH,HIGH,HIGH,NORMAL,False,LOW,HIGH,LOW
HIGH,NORMAL,LOW,False,False,False,True,False,NORMAL,NORMAL,LOW,LOW,NORMAL,HIGH,HIGH,HIGH,HIGH,NORMAL,False,ZERO,NORMAL,HIGH
LOW,NORMAL,LOW,False,False,False,False,False,NORMAL,NORMAL,LOW,HIGH,NORMAL,LOW,HIGH,NORMAL,LOW,NORMAL,False,HIGH,NORMAL,NORMAL
LOW,NORMAL,LOW,False,False,False,False,False,NORMAL,NORMAL,LOW,LOW,NORMAL,NORMAL,ZERO,LOW,LOW,NORMAL,False,ZERO,NORMAL,HIGH
HIGH,NORMAL,LOW,False,False,False,False,False,NORMAL,NORMAL,LOW,LOW,NORMAL,HIGH,ZERO,HIGH,HIGH,NORMAL,False,ZERO,NORMAL,NORMAL
HIGH,NORMAL,LOW,False,False,True,False,False,NORMAL,NORMAL,LOW,LOW,NORMAL,HIGH,ZERO,NORMAL,NORMAL,NORMAL,False,ZERO,NORMAL,NORMAL
HIGH,NORMAL,LOW,False,False,False,False,False,LOW,NORMAL,LOW,LOW,NORMAL,HIGH,ZERO,HIGH,HIGH,LOW,False,ZERO,NORMAL,LOW
HIGH,NORMAL,LOW,False,False,True,False,False,NORMAL,NORMAL,LOW,LOW,NORMAL,HIGH,ZERO,HIGH,NORMAL,NORMAL,False,ZERO,NORMAL,LOW
HIGH,NORMAL,LOW,False,False,False,False,False,HIGH,ONESIDED,LOW,LOW,NORMAL,LOW,LOW,HIGH,HIGH,HIGH,False,NORMAL,HIGH,NORMAL
HIGH,NORMAL,LOW,False,False,False,True,False,NORMAL,NORMAL,LOW,LOW,NORMAL,HIGH,ZERO,HIGH,HIGH,NORMAL,False,ZERO,NORMAL,LOW
HIGH,NORMAL,LOW,False,False,False,False,False,NORMAL,NORMAL,LOW,LOW,NORMAL,HIGH,ZERO,HIGH,HIGH,NORMAL,False,ZERO,HIGH,NORMAL
HIGH,NORMAL,LOW,False,False,False,False,False,NORMAL,NORMAL,LOW,LOW,HIGH,HIGH,ZERO,HIGH,HIGH,NORMAL,False,ZERO,NORMAL,NORMAL
HIGH,NORMAL,LOW,False,False,False,False,False,NORMAL,NORMAL,LOW,LOW,NORMAL,HIGH,ZERO,HIGH,HIGH,NORMAL,False,ZERO,NORMAL,LOW
HIGH,NORMAL,LOW,False,False,False,False,False,NORMAL,NORMAL,LOW,LOW,NORMAL,HIGH,ZERO,HIGH,HIGH,LOW,True,ZERO,NORMAL,NORMAL
HIGH,NORMAL,LOW,False,False,False,False,False,NORMAL,NORMAL,LOW,LOW,NORMAL,HIGH,ZERO,HIGH,HIGH,NORMAL,False,ZERO,NORMAL,LOW
HIGH,NORMAL,LOW,False,False,False,False,False,NORMAL,NORMAL,LOW,LOW,NORMAL,HIGH,ZERO,HIGH,HIGH,NORMAL,False,ZERO,NORMAL,HIGH
LOW,LOW,ZERO,False,False,False,False,False,NORMAL,NORMAL,ZERO,HIGH,NORMAL,NORMAL,HIGH,LOW,LOW,NORMAL,False,HIGH,NORMAL,HIGH
LOW,ZERO,ZERO,False,False,False,False,False,NORMAL,NORMAL,LOW,HIGH,NORMAL,LOW,HIGH,LOW,LOW,NORMAL,False,HIGH,NORMAL,HIGH
HIGH,NORMAL,ZERO,False,False,True,False,False,NORMAL,NORMAL,LOW,HIGH,NORMAL,HIGH,HIGH,NORMAL,NORMAL,NORMAL,False,HIGH,NORMAL,NORMAL
HIGH,NORMAL,LOW,False,False,False,False,False,HIGH,NORMAL,LOW,LOW,NORMAL,HIGH,ZERO,HIGH,HIGH,HIGH,False,ZERO,NORMAL,NORMAL
HIGH,NORMAL,ZERO,False,False,False,False,False,HIGH,NORMAL,LOW,HIGH,NORMAL,LOW,HIGH,HIGH,HIGH,HIGH,False,HIGH,NORMAL,NORMAL
HIGH,NORMAL,LOW,False,False,False,False,False,NORMAL,NORMAL,LOW,LOW,NORMAL,HIGH,ZERO,HIGH,HIGH,NORMAL,False,ZERO,NORMAL,HIGH
HIGH,LOW,ZERO,False,False,False,False,False,NORMAL,NORMAL,LOW,HIGH,NORMAL,HIGH,HIGH,HIGH,HIGH,NORMAL,False,HIGH,NORMAL,LOW
HIGH,NORMAL,LOW,False,True,False,True,False,NORMAL,NORMAL,LOW,LOW,HIGH,HIGH,ZERO,HIGH,HIGH,NORMAL,False,ZERO,HIGH,NORMAL
HIGH,NORMAL,LOW,False,False,False,False,False,NORMAL,NORMAL,LOW,LOW,LOW,HIGH,ZERO,HIGH,HIGH,NORMAL,False,ZERO,NORMAL,NORMAL
HIGH,NORMAL,LOW,False,False,False,False,False,NORMAL,NORMAL,LOW,LOW,NORMAL,HIGH,ZERO,HIGH,HIGH,NORMAL,False,ZERO,NORMAL,NORMAL
HIGH,NORMAL,LOW,False,False,False,False,False,NORMAL,NORMAL,LOW,LOW,NORMAL,LOW,ZERO,HIGH,HIGH,NORMAL,False,ZERO,NORMAL,NORMAL
LOW,NORMAL,LOW,False,False,False,False,False,NORMAL,NORMAL,LOW,LOW,LOW,LOW,ZERO,LOW,HIGH,NORMAL,False,ZERO,NORMAL,HIGH
HIGH,NORMAL,LOW,False,False,False,False,False,HIGH,NORMAL,LOW,LOW,NORMAL,HIGH,ZERO,HIGH,HIGH,HIGH,False,ZERO,NORMAL,HIGH
HIGH,LOW,ZERO,False,False,False,True,False,NORMAL,NORMAL,LOW,HIGH,NORMAL,HIGH,HIGH,HIGH,HIGH,NORMAL,False,HIGH,NORMAL,LOW
HIGH,NORMAL,LOW,False,False,False,False,False,NORMAL,ONESIDED,NORMAL,LOW,NORMAL,HIGH,ZERO,HIGH,HIGH,NORMAL,False,LOW,HIGH,HIGH
HIGH,NORMAL,LOW,False,False,True,False,False,HIGH,NORMAL,LOW,LOW,NORMAL,LOW,ZERO,NORMAL,NORMAL,HIGH,False,ZERO,NORMAL,LOW
NORMAL,NORMAL,LOW,False,False,False,False,False,NORMAL,NORMAL,LOW,LOW,LOW,HIGH,ZERO,HIGH,HIGH,NORMAL,False,ZERO,NORMAL,HIGH
HIGH,NORMAL,LOW,False,False,False,False,True,LOW,NORMAL,LOW,LOW,NORMAL,LOW,ZERO,HIGH,HIGH,LOW,False,ZERO,NORMAL,HIGH
HIGH,NORMAL,LOW,False,False,False,False,True,LOW,NORMAL,LOW,LOW,NORMAL,LOW,ZERO,HIGH,HIGH,LOW,False,ZERO,NORMAL,NORMAL
HIGH,NORMAL,LOW,False,False,False,False,False,NORMAL,NORMAL,LOW,LOW,NORMAL,HIGH,ZERO,HIGH,HIGH,NORMAL,False,ZERO,NORMAL,NORMAL
HIGH,NORMAL,LOW,False,False,False,False,False,NORMAL,NORMAL,ZERO,HIGH,NORMAL,HIGH,HIGH,HIGH,HIGH,NORMAL,False,HIGH,NORMAL,NORMAL
HIGH,NORMAL,LOW,False,False,False,False,False,HIGH,NORMAL,LOW,LOW,NORMAL,LOW,ZERO,HIGH,HIGH,HIGH,False,ZERO,NORMAL,LOW
HIGH,NORMAL,LOW,False,False,False,False,False,NORMAL,ONESIDED,NORMAL,LOW,NORMAL,HIGH,ZERO,HIGH,HIGH,LOW,False,LOW,HIGH,HIGH
LOW,NORMAL,LOW,False,False,True,False,False,NORMAL,NORMAL,LOW,LOW,NORMAL,NORMAL,ZERO,HIGH,LOW,NORMAL,False,ZERO,NORMAL,HIGH
HIGH,NORMAL,LOW,False,False,False,False,False,NORMAL,NORMAL,LOW,LOW,NORMAL,NORMAL,ZERO,HIGH,HIGH,NORMAL,False,ZERO,NORMAL,NORMAL
HIGH,NORMAL,LOW,False,False,False,False,False,NORMAL,NORMAL,LOW,LOW,NORMAL,HIGH,ZERO,HIGH,HIGH,NORMAL,False,LOW,HIGH,LOW
HIGH,NORMAL,LOW,False,False,False,False,False,NORMAL,NORMAL,LOW,LOW,NORMAL,HIGH,NORMAL,HIGH,HIGH,LOW,False,ZERO,NORMAL,NORMAL
HIGH,NORMAL,LOW,False,False,False,False,False,HIGH,NORMAL,LOW,LOW,NORMAL,HIGH,ZERO,HIGH,HIGH,HIGH,False,ZERO,NORMAL,NORMAL
HIGH,NORMAL,LOW,False,False,False,False,False,NORMAL,NORMAL,LOW,LOW,NORMAL,HIGH,ZERO,HIGH,HIGH,LOW,False,ZERO,NORMAL,HIGH
HIGH,NORMAL,LOW,False,False,False,False,False,NORMAL,NORMAL,LOW,LOW,NORMAL,HIGH,ZERO,HIGH,HIGH,NORMAL,False,ZERO,NORMAL,HIGH
HIGH,NORMAL,LOW,False,False,False,False,False,NORMAL,NORMAL,LOW,LOW,NORMAL,HIGH,ZERO,HIGH,HIGH,NORMAL,False,ZERO,NORMAL,NORMAL
HIGH,NORMAL,LOW,False,False,False,False,False,NORMAL,NORMAL,LOW,LOW,NORMAL,HIGH,ZERO,HIGH,HIGH,NORMAL,False,ZERO,NORMAL,HIGH
HIGH,NORMAL,LOW,False,False,True,False,False,NORMAL,NORMAL,LOW,LOW,NORMAL,HIGH,ZERO,NORMAL,NORMAL,NORMAL,False,LOW,NORMAL,NORMAL
NORMAL,NORMAL,LOW,False,False,False,True,False,NORMAL,NORMAL,LOW,LOW,NORMAL,HIGH,ZERO,HIGH,HIGH,NORMAL,False,ZERO,NORMAL,LOW
HIGH,LOW,ZERO,False,False,False,False,False,NORMAL,NORMAL,LOW,LOW,NORMAL,HIGH,ZERO,HIGH,HIGH,NORMAL,False,ZERO,NORMAL,HIGH
NORMAL,NORMAL,LOW,False,False,False,False,False,LOW,NORMAL,LOW,LOW,NORMAL,HIGH,ZERO,HIGH,HIGH,LOW,False,ZERO,NORMAL,LOW
HIGH,NORMAL,LOW,False,False,False,True,False,NORMAL,NORMAL,LOW,LOW,NORMAL,HIGH,ZERO,HIGH,HIGH,NORMAL,False,ZERO,NORMAL,NORMAL
HIGH,NORMAL,ZERO,False,False,False,True,False,NORMAL,NORMAL,LOW,LOW,NORMAL,HIGH,ZERO,HIGH,HIGH,NORMAL,False,ZERO,NORMAL,LOW
LOW,NORMAL,LOW,False,False,False,False,False,NORMAL,NORMAL,LOW,LOW,NORMAL,NORMAL,ZERO,LOW,LOW,NORMAL,False,ZERO,NORMAL,NORMAL
HIGH,NORMAL,ZERO,False,False,False,False,False,NORMAL,NORMAL,LOW,HIGH,NORMAL,HIGH,HIGH,HIGH,HIGH,NORMAL,False,HIGH,NORMAL,NORMAL
LOW,NORMAL,LOW,False,False,False,True,False,NORMAL,NORMAL,LOW,LOW,NORMAL,NORMAL,ZERO,LOW,LOW,NORMAL,False,ZERO,NORMAL,HIGH
HIGH,NORMAL,LOW,False,False,False,False,False,NORMAL,NORMAL,LOW,LOW,NORMAL,HIGH,ZERO,HIGH,HIGH,NORMAL,False,ZERO,NORMAL,LOW
NORMAL,NORMAL,LOW,False,False,False,False,False,NORMAL,NORMAL,LOW,LOW,NORMAL,HIGH,ZERO,HIGH,HIGH,NORMAL,True,ZERO,NORMAL,HIGH
HIGH,NORMAL,LOW,False,False,False,False,False,HIGH,NORMAL,LOW,LOW,NORMAL,HIGH,ZERO,HIGH,HIGH,HIGH,False,ZERO,NORMAL,HIGH
HIGH,ZERO,ZERO,False,False,False,False,False,NORMAL,NORMAL,LOW,HIGH,NORMAL,HIGH,HIGH,HIGH,HIGH,LOW,False,HIGH,NORMAL,NORMAL
HIGH,HIGH,HIGH,False,False,False,False,False,HIGH,NORMAL,LOW,HIGH,NORMAL,HIGH,HIGH,HIGH,HIGH,HIGH,False,HIGH,NORMAL,NORMAL
NORMAL,NORMAL,LOW,False,False,False,False,True,LOW,NORMAL,LOW,LOW,NORMAL,LOW,ZERO,HIGH,HIGH,LOW,False,ZERO,NORMAL,HIGH
HIGH,NORMAL,LOW,False,False,False,True,False,NORMAL,ONESIDED,LOW,LOW,NORMAL,LOW,NORMAL,HIGH,HIGH,NORMAL,True,NORMAL,HIGH,NORMAL
HIGH,NORMAL,ZERO,False,False,False,True,False,LOW,ESOPHAGEAL,HIGH,LOW,NORMAL,HIGH,ZERO,HIGH,HIGH,LOW,False,ZERO,NORMAL,NORMAL
HIGH,ZERO,ZERO,False,False,False,False,False,HIGH,NORMAL,LOW,HIGH,NORMAL,HIGH,HIGH,HIGH,HIGH,HIGH,False,HIGH,NORMAL,LOW
LOW,NORMAL,LOW,False,False,False,False,False,NORMAL,NORMAL,LOW,LOW,NORMAL,NORMAL,ZERO,LOW,LOW,NORMAL,False,ZERO,NORMAL,HIGH
HIGH,NORMAL,LOW,False,False,False,False,False,NORMAL,NORMAL,LOW,LOW,NORMAL,HIGH,ZERO,NORMAL,HIGH,NORMAL,False,ZERO,NORMAL,LOW
HIGH,NORMAL,LOW,False,False,False,False,False,NORMAL,ESOPHAGEAL,ZERO,NORMAL,NORMAL,HIGH,LOW,HIGH,HIGH,NORMAL,False,LOW,NORMAL,NORMAL
HIGH,NORMAL,LOW,False,False,False,False,False,NORMAL,NORMAL,LOW,LOW,NORMAL,HIGH,HIGH,HIGH,HIGH,NORMAL,False,ZERO,NORMAL,NORMAL
HIGH,NORMAL,LOW,False,False,False,False,False,HIGH,NORMAL,ZERO,HIGH,HIGH,LOW,HIGH,HIGH,HIGH,HIGH,False,HIGH,NORMAL,NORMAL
NORMAL,NORMAL,LOW,False,False,True,False,False,NORMAL,NORMAL,LOW,LOW,NORMAL,HIGH,ZERO,NORMAL,NORMAL,NORMAL,False,ZERO,NORMAL,NORMAL
HIGH,LOW,ZERO,False,False,False,False,False,NORMAL,NORMAL,LOW,HIGH,NORMAL,HIGH,HIGH,HIGH,HIGH,NORMAL,False,HIGH,NORMAL,NORMAL
HIGH,NORMAL,LOW,False,False,False,False,False,NORMAL,NORMAL,LOW,LOW,LOW,HIGH,ZERO,HIGH,HIGH,NORMAL,False,ZERO,NORMAL,NORMAL
HIGH,NORMAL,LOW,False,False,False,False,False,NORMAL,NORMAL,LOW,LOW,NORMAL,HIGH,ZERO,HIGH,HIGH,NORMAL,False,ZERO,NORMAL,NORMAL
LOW,NORMAL,LOW,False,False,False,False,False,NORMAL,NORMAL,LOW,HIGH,NORMAL,NORMAL,HIGH,LOW,LOW,NORMAL,False,HIGH,NORMAL,HIGH
HIGH,NORMAL,LOW,False,False,False,False,False,NORMAL,NORMAL,LOW,LOW,NORMAL,HIGH,ZERO,HIGH,HIGH,NORMAL,False,ZERO,NORMAL,NORMAL
HIGH,NORMAL,LOW,False,False,False,False,False,NORMAL,NORMAL,NORMAL,LOW,NORMAL,HIGH,ZERO,HIGH,HIGH,NORMAL,False,ZERO,NORMAL,NORMAL
HIGH,NORMAL,LOW,False,False,False,False,False,NORMAL,NORMAL,LOW,LOW,NORMAL,HIGH,ZERO,HIGH,HIGH,NORMAL,False,ZERO,NORMAL,LOW
HIGH,HIGH,HIGH,False,False,False,False,False,NORMAL,NORMAL,NORMAL,LOW,NORMAL,HIGH,HIGH,HIGH,HIGH,NORMAL,False,ZERO,NORMAL,LOW
HIGH,NORMAL,LOW,False,True,False,False,False,NORMAL,NORMAL,LOW,LOW,HIGH,HIGH,ZERO,HIGH,HIGH,NORMAL,False,ZERO,NORMAL,HIGH
LOW,NORMAL,LOW,False,False,False,False,False,NORMAL,NORMAL,LOW,LOW,NORMAL,NORMAL,ZERO,LOW,LOW,NORMAL,False,ZERO,NORMAL,HIGH
HIGH,ZERO,ZERO,False,True,True,False,False,NORMAL,NORMAL,LOW,LOW,HIGH,HIGH,ZERO,NORMAL,NORMAL,NORMAL,False,ZERO,HIGH,HIGH
HIGH,LOW,ZERO,False,False,False,False,False,LOW,NORMAL,LOW,LOW,LOW,HIGH,ZERO,HIGH,HIGH,LOW,False,ZERO,NORMAL,NORMAL
NORMAL,NORMAL,ZERO,False,False,True,False,False,NORMAL,NORMAL,LOW,HIGH,NORMAL,NORMAL,HIGH,NORMAL,NORMAL,NORMAL,False,HIGH,NORMAL,NORMAL
HIGH,NORMAL,LOW,False,False,False,False,False,NORMAL,NORMAL,LOW,LOW,NORMAL,HIGH,ZERO,HIGH,HIGH,LOW,False,ZERO,HIGH,NORMAL
LOW,NORMAL,ZERO,False,False,False,False,False,HIGH,NORMAL,LOW,HIGH,NORMAL,NORMAL,HIGH,LOW,LOW,HIGH,False,HIGH,NORMAL,HIGH
HIGH,NORMAL,LOW,False,False,False,False,False,NORMAL,NORMAL,NORMAL,LOW,NORMAL,HIGH,ZERO,HIGH,HIGH,NORMAL,False,ZERO,NORMAL,LOW
HIGH,NORMAL,LOW,False,False,False,True,False,NORMAL,NORMAL,LOW,LOW,NORMAL,HIGH,ZERO,HIGH,HIGH,NORMAL,False,ZERO,NORMAL,HIGH
HIGH,NORMAL,LOW,False,False,True,False,False,NORMAL,NORMAL,LOW,LOW,LOW,HIGH,ZERO,NORMAL,NORMAL,NORMAL,False,ZERO,NORMAL,NORMAL
HIGH,NORMAL,LOW,True,False,False,True,False,NORMAL,NORMAL,ZERO,LOW,NORMAL,HIGH,HIGH,HIGH,HIGH,NORMAL,False,NORMAL,NORMAL,LOW
HIGH,NORMAL,LOW,False,False,False,False,False,LOW,NORMAL,LOW,LOW,NORMAL,HIGH,ZERO,HIGH,HIGH,LOW,False,ZERO,NORMAL,NORMAL
HIGH,NORMAL,LOW,False,False,False,False,False,NORMAL,NORMAL,LOW,LOW,NORMAL,HIGH,ZERO,HIGH,HIGH,NORMAL,False,ZERO,NORMAL,NORMAL
HIGH,NORMAL,LOW,False,False,False,False,False,LOW,NORMAL,LOW,LOW,NORMAL,HIGH,ZERO,HIGH,HIGH,LOW,False,ZERO,NORMAL,NORMAL
LOW,NORMAL,LOW,False,False,False,False,False,NORMAL,NORMAL,LOW,LOW,NORMAL,NORMAL,ZERO,LOW,LOW,NORMAL,False,ZERO,NORMAL,NORMAL
NORMAL,NORMAL,LOW,False,False,False,False,False,NORMAL,ONESIDED,NORMAL,LOW,NORMAL,HIGH,ZERO,HIGH,HIGH,NORMAL,False,LOW,HIGH,NORMAL
HIGH,NORMAL,LOW,False,False,False,False,False,HIGH,NORMAL,LOW,LOW,NORMAL,LOW,ZERO,HIGH,HIGH,HIGH,False,ZERO,NORMAL,HIGH
HIGH,NORMAL,ZERO,False,False,False,False,False,NORMAL,NORMAL,LOW,HIGH,NORMAL,HIGH,HIGH,HIGH,HIGH,NORMAL,False,HIGH,NORMAL,LOW
HIGH,NORMAL,LOW,False,False,False,False,False,NORMAL,NORMAL,LOW,LOW,NORMAL,HIGH,ZERO,HIGH,HIGH,NORMAL,False,ZERO,NORMAL,HIGH
LOW,NORMAL,ZERO,False,False,False,True,False,NORMAL,NORMAL,LOW,HIGH,LOW,NORMAL,HIGH,LOW,LOW,NORMAL,False,HIGH,NORMAL,NORMAL
HIGH,NORMAL,LOW,False,False,False,False,False,NORMAL,NORMAL,LOW,LOW,NORMAL,NORMAL,ZERO,HIGH,HIGH,NORMAL,False,ZERO,NORMAL,HIGH
LOW,NORMAL,LOW,False,False,True,False,False,HIGH,NORMAL,LOW,LOW,NORMAL,NORMAL,ZERO,HIGH,HIGH,HIGH,False,ZERO,NORMAL,LOW
HIGH,NORMAL,ZERO,False,False,False,True,False,HIGH,NORMAL,LOW,LOW,NORMAL,HIGH,ZERO,HIGH,NORMAL,HIGH,False,ZERO,NORMAL,NORMAL
LOW,NORMAL,LOW,False,False,False,True,False,NORMAL,NORMAL,LOW,LOW,NORMAL,LOW,ZERO,LOW,LOW,NORMAL,False,ZERO,NORMAL,NORMAL
HIGH,NORMAL,LOW,False,False,False,False,False,HIGH,NORMAL,LOW,LOW,NORMAL,HIGH,ZERO,HIGH,HIGH,HIGH,False,ZERO,NORMAL,LOW
HIGH,NORMAL,LOW,False,False,False,False,False,NORMAL,NORMAL,LOW,LOW,NORMAL,HIGH,ZERO,HIGH,HIGH,NORMAL,False,ZERO,HIGH,LOW
HIGH,NORMAL,LOW,False,False,False,False,False,NORMAL,NORMAL,LOW,LOW,NORMAL,HIGH,ZERO,HIGH,HIGH,NORMAL,False,ZERO,NORMAL,NORMAL
HIGH,NORMAL,LOW,False,False,False,False,False,NORMAL,NORMAL,LOW,LOW,NORMAL,HIGH,ZERO,HIGH,HIGH,NORMAL,False,ZERO,NORMAL,LOW
LOW,NORMAL,LOW,False,False,False,False,False,NORMAL,NORMAL,LOW,LOW,NORMAL,NORMAL,ZERO,LOW,LOW,NORMAL,False,ZERO,NORMAL,HIGH
HIGH,ZERO,ZERO,False,False,False,False,False,NORMAL,NORMAL,LOW,LOW,NORMAL,HIGH,ZERO,HIGH,HIGH,NORMAL,False,ZERO,NORMAL,NORMAL
NORMAL,HIGH,HIGH,False,False,False,False,False,NORMAL,NORMAL,LOW,HIGH,NORMAL,HIGH,HIGH,HIGH,HIGH,NORMAL,False,HIGH,NORMAL,NORMAL
HIGH,NORMAL,LOW,False,False,False,False,False,NORMAL,NORMAL,LOW,LOW,NORMAL,HIGH,ZERO,HIGH,LOW,NORMAL,False,ZERO,NORMAL,LOW
HIGH,NORMAL,LOW,False,False,False,False,False,NORMAL,NORMAL,LOW,LOW,NORMAL,HIGH,ZERO,LOW,HIGH,NORMAL,False,ZERO,NORMAL,LOW
HIGH,NORMAL,LOW,False,False,False,False,False,NORMAL,NORMAL,LOW,NORMAL,NORMAL,HIGH,ZERO,HIGH,HIGH,NORMAL,False,ZERO,NORMAL,NORMAL
HIGH,NORMAL,LOW,False,False,True,False,False,NORMAL,NORMAL,LOW,LOW,NORMAL,HIGH,ZERO,NORMAL,NORMAL,NORMAL,False,ZERO,NORMAL,NORMAL
HIGH,HIGH,HIGH,False,False,True,False,False,NORMAL,NORMAL,LOW,HIGH,NORMAL,HIGH,HIGH,NORMAL,NORMAL,NORMAL,False,HIGH,NORMAL,NORMAL
HIGH,NORMAL,LOW,False,False,False,True,False,NORMAL,NORMAL,LOW,LOW,NORMAL,HIGH,ZERO,HIGH,HIGH,NORMAL,False,ZERO,NORMAL,NORMAL
HIGH,NORMAL,LOW,False,False,False,False,False,NORMAL,NORMAL,LOW,LOW,NORMAL,HIGH,ZERO,HIGH,HIGH,NORMAL,False,ZERO,NORMAL,LOW
HIGH,NORMAL,LOW,False,False,False,False,False,NORMAL,NORMAL,LOW,LOW,NORMAL,HIGH,ZERO,HIGH,NORMAL,LOW,False,ZERO,NORMAL,NORMAL
NORMAL,NORMAL,LOW,False,False,False,False,False,NORMAL,NORMAL,LOW,LOW,NORMAL,HIGH,ZERO,HIGH,HIGH,NORMAL,False,ZERO,NORMAL,HIGH
HIGH,NORMAL,LOW,False,False,False,False,False,NORMAL,NORMAL,LOW,LOW,NORMAL,HIGH,ZERO,HIGH,HIGH,NORMAL,False,ZERO,NORMAL,HIGH
LOW,LOW,HIGH,False,False,False,False,False,LOW,NORMAL,LOW,HIGH,NORMAL,NORMAL,HIGH,LOW,LOW,LOW,False,HIGH,NORMAL,LOW
HIGH,NORMAL,ZERO,False,False,False,False,False,NORMAL,ONESIDED,LOW,LOW,NORMAL,HIGH,NORMAL,HIGH,HIGH,NORMAL,False,NORMAL,HIGH,NORMAL
HIGH,ZERO,ZERO,False,False,False,False,False,NORMAL,NORMAL,LOW,HIGH,NORMAL,HIGH,HIGH,HIGH,HIGH,NORMAL,False,HIGH,NORMAL,NORMAL
HIGH,NORMAL,LOW,False,False,False,False,False,HIGH,NORMAL,LOW,LOW,NORMAL,HIGH,ZERO,HIGH,HIGH,HIGH,False,ZERO,NORMAL,HIGH
HIGH,NORMAL,LOW,False,False,False,False,True,NORMAL,ONESIDED,NORMAL,LOW,NORMAL,LOW,ZERO,HIGH,HIGH,NORMAL,False,LOW,HIGH,NORMAL
HIGH,LOW,ZERO,False,False,False,False,False,NORMAL,NORMAL,LOW,LOW,NORMAL,HIGH,ZERO,HIGH,HIGH,NORMAL,False,LOW,NORMAL,NORMAL
HIGH,HIGH,HIGH,True,False,False,False,False,NORMAL,NORMAL,LOW,HIGH,NORMAL,HIGH,HIGH,HIGH,HIGH,NORMAL,False,HIGH,NORMAL,LOW
NORMAL,NORMAL,LOW,False,False,False,False,False,NORMAL,NORMAL,LOW,HIGH,NORMAL,HIGH,HIGH,HIGH,HIGH,NORMAL,False,HIGH,HIGH,NORMAL
HIGH,NORMAL,LOW,False,False,True,False,False,HIGH,NORMAL,LOW,LOW,NORMAL,NORMAL,ZERO,NORMAL,NORMAL,HIGH,False,ZERO,NORMAL,NORMAL
LOW,NORMAL,LOW,False,False,False,False,False,NORMAL,NORMAL,LOW,LOW,NORMAL,NORMAL,ZERO,LOW,LOW,NORMAL,False,ZERO,NORMAL,NORMAL
LOW,ZERO,ZERO,False,False,False,False,False,HIGH,NORMAL,LOW,LOW,NORMAL,NORMAL,ZERO,LOW,LOW,HIGH,False,ZERO,NORMAL,HIGH
HIGH,LOW,ZERO,False,False,False,False,False,HIGH,NORMAL,LOW,LOW,NORMAL,LOW,ZERO,HIGH,HIGH,HIGH,False,ZERO,NORMAL,NORMAL
HIGH,ZERO,ZERO,True,False,False,False,False,NORMAL,NORMAL,LOW,HIGH,HIGH,HIGH,HIGH,HIGH,HIGH,NORMAL,False,HIGH,NORMAL,LOW
HIGH,NORMAL,LOW,False,False,True,True,False,NORMAL,NORMAL,LOW,LOW,NORMAL,HIGH,ZERO,NORMAL,NORMAL,NORMAL,False,ZERO,NORMAL,HIGH
HIGH,NORMAL,LOW,False,False,False,False,False,HIGH,NORMAL,LOW,LOW,NORMAL,LOW,ZERO,HIGH,HIGH,HIGH,False,ZERO,NORMAL,HIGH
LOW,NORMAL,ZERO,False,False,False,False,False,NORMAL,NORMAL,LOW,LOW,NORMAL,NORMAL,ZERO,LOW,LOW,NORMAL,False,ZERO,NORMAL,NORMAL
HIGH,NORMAL,LOW,False,False,False,False,False,NORMAL,NORMAL,LOW,LOW,NORMAL,HIGH,ZERO,HIGH,HIGH,NORMAL,False,ZERO,NORMAL,NORMAL
HIGH,NORMAL,LOW,False,False,True,False,False,NORMAL,NORMAL,LOW,HIGH,NORMAL,HIGH,HIGH,NORMAL,NORMAL,NORMAL,False,HIGH,NORMAL,LOW
HIGH,NORMAL,LOW,False,False,False,False,False,NORMAL,NORMAL,LOW,LOW,NORMAL,HIGH,ZERO,HIGH,HIGH,NORMAL,False,ZERO,NORMAL,HIGH
HIGH,NORMAL,LOW,False,False,False,True,False,HIGH,ESOPHAGEAL,LOW,LOW,NORMAL,LOW,LOW,HIGH,HIGH,HIGH,False,LOW,NORMAL,LOW
HIGH,NORMAL,LOW,False,False,True,False,False,HIGH,ONESIDED,LOW,LOW,NORMAL,HIGH,NORMAL,NORMAL,NORMAL,HIGH,False,NORMAL,HIGH,LOW
HIGH,HIGH,HIGH,False,False,True,False,False,HIGH,NORMAL,LOW,HIGH,NORMAL,HIGH,HIGH,NORMAL,NORMAL,HIGH,False,HIGH,NORMAL,LOW
HIGH,LOW,ZERO,False,False,False,False,False,NORMAL,NORMAL,NORMAL,HIGH,NORMAL,HIGH,HIGH,HIGH,HIGH,NORMAL,False,HIGH,NORMAL,HIGH
HIGH,NORMAL,LOW,False,False,False,False,False,NORMAL,NORMAL,LOW,LOW,HIGH,HIGH,ZERO,HIGH,HIGH,NORMAL,False,ZERO,NORMAL,NORMAL
NORMAL,NORMAL,LOW,False,False,False,False,False,HIGH,NORMAL,LOW,LOW,NORMAL,LOW,ZERO,LOW,LOW,HIGH,False,ZERO,HIGH,NORMAL
HIGH,ZERO,ZERO,False,False,False,False,False,NORMAL,NORMAL,LOW,LOW,NORMAL,HIGH,ZERO,HIGH,HIGH,NORMAL,False,ZERO,NORMAL,NORMAL
HIGH,NORMAL,LOW,False,False,False,False,False,NORMAL,NORMAL,ZERO,LOW,NORMAL,HIGH,ZERO,HIGH,HIGH,NORMAL,False,NORMAL,NORMAL,NORMAL
LOW,NORMAL,LOW,False,False,False,False,False,NORMAL,NORMAL,LOW,LOW,NORMAL,HIGH,ZERO,LOW,LOW,NORMAL,False,ZERO,NORMAL,NORMAL
HIGH,NORMAL,LOW,False,False,False,False,False,LOW,NORMAL,LOW,LOW,NORMAL,HIGH,ZERO,HIGH,HIGH,LOW,False,ZERO,NORMAL,LOW
HIGH,NORMAL,LOW,False,False,False,False,False,NORMAL,NORMAL,LOW,LOW,NORMAL,HIGH,ZERO,HIGH,HIGH,NORMAL,False,ZERO,NORMAL,HIGH
NORMAL,NORMAL,LOW,False,False,False,False,False,NORMAL,NORMAL,LOW,LOW,NORMAL,HIGH,ZERO,HIGH,HIGH,LOW,False,ZERO,NORMAL,HIGH
HIGH,NORMAL,LOW,False,False,False,False,False,HIGH,NORMAL,LOW,LOW,NORMAL,LOW,ZERO,HIGH,HIGH,HIGH,False,ZERO,NORMAL,LOW
HIGH,NORMAL,LOW,False,False,False,False,False,NORMAL,NORMAL,LOW,LOW,NORMAL,HIGH,ZERO,HIGH,HIGH,NORMAL,False,ZERO,NORMAL,HIGH
HIGH,NORMAL,LOW,False,False,False,False,False,NORMAL,NORMAL,LOW,LOW,LOW,HIGH,ZERO,HIGH,HIGH,NORMAL,False,ZERO,NORMAL,NORMAL
HIGH,NORMAL,LOW,False,False,False,False,False,NORMAL,NORMAL,LOW,LOW,NORMAL,HIGH,ZERO,HIGH,HIGH,NORMAL,False,ZERO,NORMAL,HIGH
LOW,HIGH,HIGH,False,False,False,False,False,HIGH,NORMAL,LOW,HIGH,NORMAL,LOW,HIGH,LOW,LOW,HIGH,False,HIGH,NORMAL,HIGH
HIGH,NORMAL,LOW,False,False,False,False,False,HIGH,ONESIDED,NORMAL,LOW,NORMAL,HIGH,ZERO,HIGH,HIGH,HIGH,False,LOW,HIGH,NORMAL
HIGH,NORMAL,LOW,False,False,True,False,False,NORMAL,NORMAL,LOW,LOW,NORMAL,HIGH,ZERO,NORMAL,NORMAL,NORMAL,False,ZERO,NORMAL,HIGH
HIGH,NORMAL,LOW,False,False,False,True,False,NORMAL,NORMAL,LOW,LOW,NORMAL,HIGH,ZERO,HIGH,HIGH,NORMAL,False,ZERO,NORMAL,NORMAL
HIGH,NORMAL,LOW,False,False,False,False,False,NORMAL,NORMAL,LOW,LOW,NORMAL,HIGH,ZERO,HIGH,HIGH,NORMAL,False,ZERO,NORMAL,HIGH
HIGH,NORMAL,LOW,False,False,False,False,False,NORMAL,NORMAL,LOW,LOW,NORMAL,HIGH,ZERO,HIGH,HIGH,NORMAL,False,ZERO,NORMAL,NORMAL
HIGH,NORMAL,LOW,False,False,False,False,False,HIGH,NORMAL,LOW,LOW,NORMAL,HIGH,ZERO,HIGH,HIGH,HIGH,False,ZERO,NORMAL,LOW
HIGH,ZERO,ZERO,False,False,False,False,False,NORMAL,NORMAL,LOW,LOW,NORMAL,HIGH,ZERO,HIGH,HIGH,NORMAL,False,ZERO,NORMAL,LOW
NORMAL,NORMAL,LOW,False,False,False,False,False,NORMAL,NORMAL,LOW,LOW,NORMAL,LOW,ZERO,LOW,LOW,NORMAL,False,ZERO,NORMAL,HIGH
LOW,HIGH,HIGH,False,False,False,False,False,LOW,NORMAL,LOW,HIGH,NORMAL,NORMAL,HIGH,LOW,LOW,LOW,False,HIGH,NORMAL,HIGH
LOW,HIGH,HIGH,False,False,False,False,False,NORMAL,NORMAL,LOW,HIGH,NORMAL,NORMAL,HIGH,LOW,LOW,NORMAL,False,HIGH,NORMAL,HIGH
LOW,NORMAL,LOW,False,False,False,False,False,HIGH,NORMAL,LOW,LOW,NORMAL,NORMAL,ZERO,LOW,LOW,HIGH,False,ZERO,NORMAL,NORMAL
LOW,NORMAL,LOW,False,False,False,False,False,HIGH,NORMAL,LOW,LOW,NORMAL,NORMAL,ZERO,LOW,LOW,HIGH,False,ZERO,NORMAL,HIGH
HIGH,NORMAL,ZERO,False,False,False,False,False,NORMAL,NORMAL,ZERO,HIGH,NORMAL,HIGH,HIGH,HIGH,HIGH,NORMAL,False,HIGH,NORMAL,NORMAL
HIGH,NORMAL,LOW,False,False,False,False,False,HIGH,NORMAL,LOW,LOW,NORMAL,HIGH,ZERO,LOW,HIGH,HIGH,False,ZERO,NORMAL,LOW
NORMAL,NORMAL,ZERO,False,False,False,False,False,NORMAL,NORMAL,LOW,HIGH,NORMAL,LOW,HIGH,HIGH,HIGH,NORMAL,False,HIGH,NORMAL,HIGH
HIGH,NORMAL,LOW,False,False,False,False,False,NORMAL,NORMAL,LOW,LOW,NORMAL,LOW,ZERO,HIGH,HIGH,LOW,False,ZERO,NORMAL,LOW
HIGH,NORMAL,LOW,False,False,False,False,False,NORMAL,NORMAL,LOW,LOW,NORMAL,HIGH,ZERO,HIGH,HIGH,NORMAL,False,ZERO,NORMAL,LOW
LOW,ZERO,ZERO,False,False,False,False,False,NORMAL,NORMAL,LOW,HIGH,NORMAL,NORMAL,HIGH,LOW,LOW,NORMAL,False,HIGH,NORMAL,HIGH
LOW,NORMAL,LOW,False,False,False,False,False,NORMAL,ONESIDED,LOW,LOW,HIGH,NORMAL,NORMAL,LOW,LOW,NORMAL,False,NORMAL,HIGH,NORMAL
LOW,NORMAL,LOW,False,False,True,False,False,NORMAL,NORMAL,LOW,LOW,NORMAL,NORMAL,ZERO,NORMAL,NORMAL,NORMAL,False,ZERO,NORMAL,HIGH
HIGH,NORMAL,LOW,False,False,False,False,False,NORMAL,NORMAL,LOW,LOW,NORMAL,HIGH,ZERO,HIGH,HIGH,NORMAL,False,ZERO,NORMAL,LOW
HIGH,NORMAL,LOW,False,False,False,False,False,NORMAL,NORMAL,LOW,LOW,NORMAL,HIGH,ZERO,HIGH,HIGH,NORMAL,False,ZERO,NORMAL,HIGH
HIGH,NORMAL,LOW,False,False,True,False,False,LOW,NORMAL,LOW,LOW,NORMAL,HIGH,ZERO,NORMAL,HIGH,LOW,False,ZERO,NORMAL,NORMAL
HIGH,NORMAL,LOW,False,False,False,True,False,NORMAL,ONESIDED,NORMAL,NORMAL,LOW,HIGH,ZERO,HIGH,HIGH,NORMAL,False,LOW,HIGH,NORMAL
NORMAL,NORMAL,LOW,False,False,False,False,False,NORMAL,NORMAL,LOW,LOW,NORMAL,HIGH,ZERO,HIGH,HIGH,NORMAL,False,ZERO,NORMAL,LOW
HIGH,NORMAL,LOW,False,False,False,False,False,NORMAL,NORMAL,LOW,LOW,NORMAL,HIGH,ZERO,HIGH,HIGH,NORMAL,False,ZERO,NORMAL,NORMAL
HIGH,HIGH,HIGH,False,False,False,False,False,NORMAL,NORMAL,LOW,HIGH,NORMAL,HIGH,HIGH,HIGH,HIGH,NORMAL,False,HIGH,NORMAL,NORMAL
LOW,ZERO,ZERO,False,False,False,False,False,NORMAL,NORMAL,HIGH,HIGH,NORMAL,NORMAL,HIGH,LOW,LOW,NORMAL,False,HIGH,NORMAL,HIGH
HIGH,NORMAL,ZERO,False,False,False,False,False,NORMAL,NORMAL,LOW,LOW,NORMAL,HIGH,ZERO,HIGH,HIGH,NORMAL,True,ZERO,NORMAL,LOW
LOW,NORMAL,LOW,False,False,True,False,False,NORMAL,NORMAL,LOW,LOW,NORMAL,NORMAL,ZERO,NORMAL,NORMAL,NORMAL,False,ZERO,HIGH,HIGH
HIGH,NORMAL,LOW,False,False,True,False,False,HIGH,NORMAL,LOW,LOW,NORMAL,LOW,ZERO,NORMAL,NORMAL,HIGH,False,ZERO,NORMAL,NORMAL
NORMAL,NORMAL,ZERO,False,False,False,False,False,NORMAL,ONESIDED,LOW,LOW,NORMAL,NORMAL,NORMAL,HIGH,HIGH,NORMAL,False,NORMAL,HIGH,HIGH
LOW,HIGH,HIGH,False,False,False,False,False,HIGH,NORMAL,LOW,HIGH,NORMAL,NORMAL,HIGH,LOW,LOW,HIGH,False,HIGH,NORMAL,HIGH
HIGH,NORMAL,LOW,False,False,False,False,False,NORMAL,NORMAL,HIGH,LOW,NORMAL,HIGH,ZERO,HIGH,HIGH,NORMAL,False,ZERO,NORMAL,NORMAL
HIGH,NORMAL,LOW,False,False,False,False,False,NORMAL,NORMAL,LOW,HIGH,NORMAL,HIGH,HIGH,HIGH,HIGH,NORMAL,False,HIGH,NORMAL,NORMAL
HIGH,NORMAL,LOW,False,False,False,False,False,NORMAL,NORMAL,HIGH,LOW,NORMAL,HIGH,LOW,HIGH,HIGH,NORMAL,False,LOW,NORMAL,NORMAL
HIGH,NORMAL,LOW,False,False,False,False,False,NORMAL,NORMAL,LOW,LOW,NORMAL,HIGH,ZERO,HIGH,HIGH,NORMAL,False,ZERO,NORMAL,LOW
HIGH,NORMAL,LOW,False,False,False,True,False,NORMAL,NORMAL,LOW,LOW,NORMAL,HIGH,ZERO,HIGH,HIGH,NORMAL,False,ZERO,NORMAL,HIGH
HIGH,NORMAL,LOW,False,False,False,False,False,NORMAL,NORMAL,LOW,LOW,NORMAL,HIGH,ZERO,HIGH,HIGH,NORMAL,False,ZERO,NORMAL,HIGH
HIGH,NORMAL,LOW,False,False,False,True,False,NORMAL,NORMAL,LOW,LOW,NORMAL,HIGH,ZERO,HIGH,HIGH,NORMAL,False,ZERO,NORMAL,HIGH
HIGH,NORMAL,LOW,False,False,False,False,False,HIGH,NORMAL,LOW,LOW,NORMAL,HIGH,ZERO,HIGH,HIGH,HIGH,False,ZERO,NORMAL,NORMAL
HIGH,ZERO,ZERO,False,False,False,False,False,NORMAL,NORMAL,LOW,HIGH,NORMAL,HIGH,HIGH,HIGH,HIGH,NORMAL,False,HIGH,NORMAL,NORMAL
HIGH,NORMAL,LOW,False,False,False,False,False,NORMAL,NORMAL,LOW,LOW,NORMAL,HIGH,ZERO,HIGH,HIGH,NORMAL,False,ZERO,NORMAL,HIGH
HIGH,NORMAL,LOW,False,False,False,False,False,NORMAL,NORMAL,LOW,LOW,NORMAL,HIGH,ZERO,HIGH,HIGH,HIGH,False,ZERO,NORMAL,LOW
LOW,NORMAL,LOW,False,False,False,False,False,HIGH,NORMAL,LOW,LOW,NORMAL,LOW,ZERO,NORMAL,LOW,NORMAL,False,ZERO,NORMAL,HIGH
HIGH,NORMAL,LOW,False,False,False,False,False,NORMAL,NORMAL,LOW,LOW,NORMAL,HIGH,ZERO,HIGH,HIGH,NORMAL,False,ZERO,NORMAL,NORMAL
HIGH,NORMAL,LOW,False,False,False,False,False,NORMAL,NORMAL,LOW,LOW,NORMAL,LOW,ZERO,HIGH,HIGH,NORMAL,False,ZERO,NORMAL,NORMAL
HIGH,NORMAL,LOW,False,False,False,False,False,NORMAL,NORMAL,LOW,LOW,NORMAL,HIGH,ZERO,HIGH,HIGH,NORMAL,False,ZERO,NORMAL,NORMAL
HIGH,NORMAL,LOW,False,False,False,False,False,NORMAL,NORMAL,LOW,LOW,NORMAL,HIGH,ZERO,HIGH,HIGH,NORMAL,False,ZERO,NORMAL,HIGH
LOW,ZERO,ZERO,False,False,False,False,False,NORMAL,NORMAL,LOW,LOW,NORMAL,NORMAL,ZERO,LOW,LOW,NORMAL,False,ZERO,NORMAL,HIGH
HIGH,LOW,ZERO,False,False,False,False,False,HIGH,NORMAL,LOW,HIGH,NORMAL,NORMAL,HIGH,HIGH,HIGH,HIGH,False,HIGH,NORMAL,NORMAL
HIGH,HIGH,HIGH,False,False,False,False,False,NORMAL,NORMAL,NORMAL,LOW,NORMAL,HIGH,LOW,HIGH,HIGH,NORMAL,False,NORMAL,NORMAL,NORMAL
HIGH,NORMAL,ZERO,False,False,False,False,False,NORMAL,NORMAL,ZERO,HIGH,NORMAL,HIGH,HIGH,HIGH,HIGH,NORMAL,False,HIGH,NORMAL,NORMAL
HIGH,NORMAL,LOW,False,False,False,False,False,NORMAL,NORMAL,LOW,LOW,NORMAL,HIGH,ZERO,HIGH,HIGH,LOW,False,ZERO,NORMAL,LOW
HIGH,ZERO,ZERO,False,False,False,False,False,HIGH,NORMAL,LOW,LOW,NORMAL,HIGH,ZERO,HIGH,HIGH,HIGH,False,ZERO,NORMAL,HIGH
HIGH,NORMAL,LOW,False,False,False,False,True,LOW,NORMAL,LOW,LOW,NORMAL,LOW,ZERO,HIGH,HIGH,LOW,False,ZERO,HIGH,NORMAL
HIGH,NORMAL,LOW,False,False,False,False,False,HIGH,NORMAL,LOW,LOW,NORMAL,HIGH,ZERO,HIGH,HIGH,HIGH,False,ZERO,NORMAL,LOW
NORMAL,NORMAL,LOW,False,False,False,False,False,NORMAL,NORMAL,LOW,LOW,NORMAL,LOW,NORMAL,HIGH,HIGH,NORMAL,False,ZERO,NORMAL,HIGH
NORMAL,NORMAL,LOW,False,False,False,True,False,NORMAL,NORMAL,LOW,LOW,NORMAL,NORMAL,ZERO,LOW,LOW,NORMAL,False,ZERO,NORMAL,HIGH
HIGH,NORMAL,LOW,False,False,False,False,False,NORMAL,NORMAL,LOW,LOW,NORMAL,HIGH,ZERO,HIGH,HIGH,NORMAL,False,ZERO,NORMAL,LOW
HIGH,NORMAL,ZERO,False,False,False,False,False,NORMAL,NORMAL,LOW,LOW,NORMAL,HIGH,ZERO,HIGH,HIGH,LOW,False,ZERO,NORMAL,HIGH
HIGH,NORMAL,LOW,False,False,False,False,False,NORMAL,NORMAL,LOW,LOW,NORMAL,NORMAL,ZERO,HIGH,HIGH,NORMAL,False,ZERO,NORMAL,NORMAL
HIGH,NORMAL,ZERO,False,False,False,False,False,NORMAL,NORMAL,LOW,LOW,NORMAL,HIGH,ZERO,HIGH,HIGH,NORMAL,False,ZERO,NORMAL,LOW
HIGH,NORMAL,LOW,False,False,False,False,False,HIGH,NORMAL,LOW,LOW,NORMAL,HIGH,ZERO,HIGH,HIGH,HIGH,False,ZERO,NORMAL,LOW
HIGH,ZERO,ZERO,False,False,False,False,False,NORMAL,NORMAL,LOW,HIGH,NORMAL,HIGH,HIGH,HIGH,HIGH,NORMAL,False,HIGH,NORMAL,LOW
HIGH,NORMAL,ZERO,False,False,False,False,False,NORMAL,NORMAL,LOW,HIGH,LOW,HIGH,HIGH,HIGH,HIGH,NORMAL,False,HIGH,HIGH,LOW
HIGH,NORMAL,LOW,False,False,True,True,False,LOW,NORMAL,LOW,LOW,NORMAL,HIGH,ZERO,NORMAL,NORMAL,LOW,False,ZERO,NORMAL,LOW
HIGH,NORMAL,LOW,False,False,False,False,False,HIGH,NORMAL,LOW,LOW,NORMAL,HIGH,ZERO,HIGH,HIGH,HIGH,False,ZERO,NORMAL,NORMAL
HIGH,NORMAL,ZERO,False,False,False,False,False,HIGH,NORMAL,LOW,LOW,NORMAL,HIGH,ZERO,HIGH,HIGH,HIGH,False,ZERO,NORMAL,NORMAL
HIGH,LOW,ZERO,False,False,False,False,False,NORMAL,NORMAL,LOW,HIGH,NORMAL,HIGH,HIGH,HIGH,HIGH,NORMAL,False,HIGH,NORMAL,NORMAL
HIGH,NORMAL,LOW,False,False,False,False,False,NORMAL,NORMAL,LOW,LOW,NORMAL,HIGH,ZERO,HIGH,HIGH,NORMAL,False,ZERO,NORMAL,NORMAL
HIGH,HIGH,HIGH,False,False,False,False,False,NORMAL,NORMAL,LOW,LOW,NORMAL,HIGH,ZERO,HIGH,HIGH,NORMAL,True,ZERO,NORMAL,NORMAL
HIGH,NORMAL,LOW,False,False,False,False,False,LOW,NORMAL,LOW,LOW,NORMAL,HIGH,ZERO,HIGH,HIGH,LOW,False,ZERO,NORMAL,HIGH
HIGH,NORMAL,NORMAL,False,False,False,False,False,NORMAL,NORMAL,HIGH,LOW,NORMAL,NORMAL,LOW,HIGH,HIGH,NORMAL,False,ZERO,NORMAL,LOW
HIGH,NORMAL,LOW,False,False,True,False,True,LOW,NORMAL,LOW,LOW,NORMAL,LOW,ZERO,NORMAL,NORMAL,LOW,False,ZERO,HIGH,LOW
HIGH,HIGH,HIGH,False,False,False,False,True,LOW,NORMAL,LOW,HIGH,NORMAL,LOW,HIGH,HIGH,HIGH,LOW,False,HIGH,NORMAL,NORMAL
LOW,NORMAL,LOW,False,False,False,False,False,HIGH,NORMAL,LOW,LOW,NORMAL,NORMAL,ZERO,LOW,LOW,HIGH,False,ZERO,NORMAL,LOW
HIGH,NORMAL,LOW,False,False,True,False,False,NORMAL,NORMAL,LOW,LOW,NORMAL,HIGH,ZERO,NORMAL,NORMAL,NORMAL,False,ZERO,NORMAL,HIGH
HIGH,NORMAL,LOW,False,False,False,False,False,NORMAL,NORMAL,LOW,LOW,NORMAL,HIGH,ZERO,HIGH,HIGH,NORMAL,False,ZERO,NORMAL,HIGH
HIGH,NORMAL,LOW,False,False,False,False,False,NORMAL,NORMAL,LOW,LOW,NORMAL,HIGH,ZERO,HIGH,HIGH,NORMAL,False,ZERO,NORMAL,LOW
HIGH,NORMAL,LOW,False,False,False,False,False,NORMAL,NORMAL,LOW,LOW,NORMAL,HIGH,ZERO,HIGH,HIGH,NORMAL,False,ZERO,NORMAL,HIGH
HIGH,ZERO,ZERO,False,False,False,False,False,NORMAL,ONESIDED,LOW,LOW,NORMAL,HIGH,NORMAL,HIGH,HIGH,NORMAL,False,NORMAL,HIGH,LOW
HIGH,NORMAL,LOW,False,False,False,False,False,HIGH,ONESIDED,NORMAL,LOW,NORMAL,LOW,ZERO,HIGH,HIGH,HIGH,False,LOW,HIGH,LOW
HIGH,NORMAL,LOW,False,False,False,False,False,NORMAL,NORMAL,LOW,LOW,NORMAL,HIGH,ZERO,HIGH,HIGH,NORMAL,False,ZERO,NORMAL,HIGH
HIGH,NORMAL,LOW,False,False,False,False,False,HIGH,NORMAL,LOW,LOW,NORMAL,HIGH,ZERO,HIGH,HIGH,HIGH,False,ZERO,HIGH,NORMAL
NORMAL,NORMAL,LOW,False,False,False,False,False,NORMAL,NORMAL,LOW,LOW,NORMAL,HIGH,ZERO,HIGH,HIGH,NORMAL,False,ZERO,NORMAL,NORMAL
HIGH,NORMAL,LOW,False,False,False,False,False,NORMAL,NORMAL,LOW,LOW,NORMAL,HIGH,ZERO,HIGH,HIGH,NORMAL,False,ZERO,NORMAL,NORMAL
HIGH,NORMAL,LOW,False,False,False,True,True,LOW,NORMAL,LOW,HIGH,LOW,LOW,HIGH,HIGH,LOW,LOW,False,HIGH,NORMAL,LOW
HIGH,NORMAL,LOW,False,False,False,False,True,LOW,NORMAL,LOW,LOW,NORMAL,LOW,ZERO,HIGH,HIGH,LOW,False,ZERO,NORMAL,NORMAL
HIGH,NORMAL,ZERO,False,False,False,False,False,NORMAL,NORMAL,LOW,HIGH,NORMAL,HIGH,HIGH,HIGH,HIGH,LOW,False,HIGH,NORMAL,LOW
HIGH,NORMAL,LOW,False,False,True,False,False,NORMAL,NORMAL,LOW,LOW,NORMAL,HIGH,ZERO,NORMAL,NORMAL,NORMAL,False,ZERO,NORMAL,NORMAL
HIGH,NORMAL,NORMAL,False,False,False,False,False,HIGH,NORMAL,HIGH,LOW,NORMAL,LOW,LOW,HIGH,HIGH,HIGH,False,LOW,NORMAL,NORMAL
HIGH,NORMAL,LOW,False,False,False,False,False,NORMAL,NORMAL,LOW,LOW,NORMAL,HIGH,ZERO,HIGH,HIGH,NORMAL,False,ZERO,NORMAL,LOW
HIGH,HIGH,HIGH,False,False,True,False,False,HIGH,NORMAL,LOW,HIGH,NORMAL,LOW,HIGH,NORMAL,NORMAL,NORMAL,False,HIGH,HIGH,LOW
LOW,NORMAL,LOW,False,False,False,False,False,HIGH,NORMAL,LOW,LOW,LOW,HIGH,ZERO,HIGH,HIGH,HIGH,False,ZERO,NORMAL,NORMAL
HIGH,NORMAL,LOW,False,False,False,False,False,HIGH,NORMAL,LOW,LOW,NORMAL,LOW,ZERO,HIGH,HIGH,HIGH,False,ZERO,NORMAL,NORMAL
HIGH,NORMAL,LOW,False,False,False,False,True,LOW,NORMAL,LOW,LOW,NORMAL,LOW,ZERO,HIGH,HIGH,LOW,False,ZERO,NORMAL,NORMAL
HIGH,NORMAL,LOW,False,False,False,False,False,NORMAL,NORMAL,LOW,LOW,LOW,HIGH,ZERO,HIGH,NORMAL,NORMAL,False,ZERO,NORMAL,NORMAL
HIGH,NORMAL,ZERO,True,False,False,False,False,NORMAL,NORMAL,LOW,HIGH,NORMAL,HIGH,HIGH,HIGH,HIGH,NORMAL,False,HIGH,NORMAL,LOW
NORMAL,NORMAL,LOW,False,False,False,False,False,NORMAL,NORMAL,LOW,LOW,NORMAL,HIGH,ZERO,HIGH,HIGH,NORMAL,False,ZERO,NORMAL,LOW
HIGH,NORMAL,LOW,False,False,False,True,False,NORMAL,NORMAL,LOW,LOW,NORMAL,HIGH,ZERO,HIGH,HIGH,LOW,False,ZERO,NORMAL,NORMAL
HIGH,NORMAL,LOW,False,False,False,False,True,LOW,NORMAL,LOW,LOW,NORMAL,LOW,ZERO,HIGH,HIGH,LOW,False,ZERO,NORMAL,HIGH
HIGH,NORMAL,LOW,False,False,False,False,False,NORMAL,NORMAL,LOW,LOW,NORMAL,LOW,ZERO,HIGH,HIGH,NORMAL,False,ZERO,NORMAL,NORMAL
HIGH,NORMAL,LOW,False,False,False,False,False,NORMAL,NORMAL,LOW,LOW,NORMAL,HIGH,ZERO,HIGH,HIGH,NORMAL,False,ZERO,NORMAL,HIGH
HIGH,NORMAL,LOW,False,False,False,True,False,NORMAL,NORMAL,LOW,LOW,NORMAL,HIGH,ZERO,HIGH,HIGH,NORMAL,False,ZERO,NORMAL,NORMAL
LOW,HIGH,HIGH,False,False,False,False,False,NORMAL,NORMAL,LOW,HIGH,NORMAL,NORMAL,ZERO,LOW,LOW,NORMAL,False,HIGH,NORMAL,NORMAL
NORMAL,NORMAL,LOW,False,False,False,True,False,NORMAL,NORMAL,LOW,NORMAL,NORMAL,NORMAL,ZERO,HIGH,HIGH,NORMAL,False,ZERO,NORMAL,NORMAL
HIGH,NORMAL,LOW,False,False,True,False,False,NORMAL,NORMAL,LOW,LOW,NORMAL,HIGH,ZERO,NORMAL,NORMAL,LOW,False,ZERO,NORMAL,NORMAL
HIGH,LOW,ZERO,False,False,False,False,False,NORMAL,NORMAL,LOW,HIGH,NORMAL,NORMAL,HIGH,LOW,LOW,NORMAL,False,HIGH,NORMAL,LOW
HIGH,NORMAL,LOW,False,False,False,False,True,LOW,NORMAL,ZERO,LOW,NORMAL,LOW,ZERO,HIGH,HIGH,LOW,False,ZERO,NORMAL,HIGH
HIGH,NORMAL,LOW,False,False,False,False,False,NORMAL,NORMAL,LOW,LOW,NORMAL,HIGH,ZERO,HIGH,HIGH,NORMAL,False,ZERO,NORMAL,HIGH
NORMAL,NORMAL,LOW,False,False,False,False,False,NORMAL,ESOPHAGEAL,LOW,LOW,NORMAL,HIGH,LOW,HIGH,HIGH,NORMAL,True,LOW,NORMAL,HIGH
HIGH,NORMAL,LOW,False,False,False,False,False,NORMAL,NORMAL,LOW,LOW,NORMAL,HIGH,ZERO,HIGH,HIGH,NORMAL,False,ZERO,NORMAL,LOW
LOW,NORMAL,LOW,False,False,False,True,False,NORMAL,ONESIDED,NORMAL,LOW,NORMAL,NORMAL,LOW,LOW,LOW,HIGH,False,LOW,HIGH,LOW
HIGH,ZERO,ZERO,False,False,True,False,False,NORMAL,NORMAL,LOW,LOW,HIGH,HIGH,ZERO,NORMAL,NORMAL,NORMAL,False,ZERO,NORMAL,LOW
HIGH,NORMAL,LOW,False,False,False,False,False,NORMAL,NORMAL,LOW,LOW,NORMAL,HIGH,ZERO,HIGH,HIGH,NORMAL,False,ZERO,NORMAL,LOW
HIGH,NORMAL,LOW,False,False,False,False,False,NORMAL,ONESIDED,NORMAL,LOW,NORMAL,HIGH,ZERO,HIGH,HIGH,NORMAL,False,LOW,HIGH,HIGH
NORMAL,NORMAL,LOW,False,False,False,False,False,NORMAL,NORMAL,LOW,LOW,NORMAL,HIGH,ZERO,HIGH,HIGH,NORMAL,False,ZERO,NORMAL,LOW
HIGH,NORMAL,LOW,False,False,False,False,False,HIGH,NORMAL,LOW,LOW,NORMAL,HIGH,ZERO,HIGH,HIGH,HIGH,False,ZERO,HIGH,LOW
HIGH,NORMAL,LOW,False,False,False,False,False,NORMAL,NORMAL,LOW,LOW,HIGH,HIGH,ZERO,HIGH,HIGH,NORMAL,False,ZERO,NORMAL,HIGH
HIGH,NORMAL,LOW,False,False,False,False,False,NORMAL,NORMAL,LOW,LOW,NORMAL,HIGH,ZERO,HIGH,HIGH,NORMAL,False,ZERO,NORMAL,LOW
LOW,NORMAL,LOW,False,False,True,False,False,NORMAL,NORMAL,HIGH,LOW,NORMAL,HIGH,LOW,NORMAL,NORMAL,NORMAL,False,LOW,NORMAL,HIGH
HIGH,NORMAL,LOW,False,False,False,False,False,HIGH,NORMAL,LOW,LOW,NORMAL,HIGH,ZERO,NORMAL,HIGH,HIGH,False,ZERO,NORMAL,NORMAL
HIGH,NORMAL,LOW,False,False,False,False,False,NORMAL,NORMAL,LOW,LOW,NORMAL,HIGH,ZERO,HIGH,HIGH,NORMAL,False,ZERO,NORMAL,NORMAL
HIGH,NORMAL,LOW,False,False,True,False,False,NORMAL,NORMAL,LOW,LOW,NORMAL,LOW,ZERO,NORMAL,NORMAL,NORMAL,False,ZERO,NORMAL,NORMAL
HIGH,NORMAL,LOW,False,False,False,False,False,HIGH,NORMAL,LOW,LOW,NORMAL,HIGH,ZERO,HIGH,HIGH,HIGH,False,ZERO,NORMAL,LOW
HIGH,NORMAL,LOW,False,False,False,False,False,NORMAL,NORMAL,LOW,LOW,NORMAL,HIGH,ZERO,NORMAL,HIGH,NORMAL,False,ZERO,NORMAL,LOW
HIGH,NORMAL,LOW,False,False,False,False,False,NORMAL,NORMAL,ZERO,HIGH,NORMAL,HIGH,HIGH,LOW,HIGH,NORMAL,False,HIGH,NORMAL,LOW
LOW,HIGH,HIGH,False,False,False,False,False,LOW,NORMAL,LOW,NORMAL,NORMAL,NORMAL,HIGH,LOW,LOW,LOW,False,HIGH,NORMAL,HIGH
HIGH,NORMAL,LOW,False,False,False,True,False,HIGH,NORMAL,LOW,LOW,NORMAL,LOW,ZERO,HIGH,HIGH,HIGH,False,ZERO,NORMAL,HIGH
HIGH,NORMAL,LOW,False,False,False,False,False,NORMAL,NORMAL,LOW,LOW,HIGH,HIGH,ZERO,HIGH,HIGH,NORMAL,False,ZERO,NORMAL,HIGH
HIGH,ZERO,ZERO,False,False,False,False,False,NORMAL,NORMAL,LOW,HIGH,NORMAL,HIGH,HIGH,HIGH,LOW,NORMAL,False,HIGH,NORMAL,NORMAL
HIGH,HIGH,HIGH,False,False,False,False,False,NORMAL,NORMAL,LOW,HIGH,NORMAL,HIGH,HIGH,HIGH,HIGH,HIGH,False,HIGH,NORMAL,NORMAL
HIGH,NORMAL,LOW,False,False,False,False,False,NORMAL,NORMAL,LOW,LOW,NORMAL,NORMAL,ZERO,LOW,LOW,NORMAL,False,LOW,NORMAL,HIGH
HIGH,LOW,ZERO,False,False,False,True,False,NORMAL,NORMAL,LOW,LOW,NORMAL,HIGH,ZERO,HIGH,HIGH,NORMAL,False,LOW,NORMAL,LOW
HIGH,NORMAL,LOW,False,False,False,False,False,NORMAL,NORMAL,LOW,LOW,NORMAL,HIGH,ZERO,HIGH,HIGH,NORMAL,False,ZERO,NORMAL,HIGH
HIGH,LOW,ZERO,False,False,False,False,False,NORMAL,NORMAL,LOW,NORMAL,NORMAL,HIGH,HIGH,HIGH,HIGH,NORMAL,False,HIGH,NORMAL,NORMAL
HIGH,NORMAL,LOW,False,False,False,False,False,NORMAL,NORMAL,HIGH,LOW,NORMAL,HIGH,ZERO,HIGH,HIGH,NORMAL,False,ZERO,NORMAL,NORMAL
HIGH,NORMAL,ZERO,False,False,True,False,False,NORMAL,NORMAL,LOW,LOW,NORMAL,HIGH,ZERO,NORMAL,LOW,NORMAL,False,ZERO,NORMAL,HIGH
HIGH,NORMAL,LOW,False,False,False,False,False,NORMAL,NORMAL,LOW,LOW,NORMAL,HIGH,ZERO,HIGH,HIGH,NORMAL,False,ZERO,HIGH,HIGH
LOW,HIGH,HIGH,False,False,True,False,False,NORMAL,NORMAL,LOW,HIGH,NORMAL,LOW,HIGH,NORMAL,HIGH,NORMAL,False,HIGH,NORMAL,NORMAL
HIGH,NORMAL,LOW,False,False,False,False,False,HIGH,NORMAL,LOW,LOW,NORMAL,NORMAL,ZERO,HIGH,HIGH,HIGH,False,ZERO,NORMAL,HIGH
HIGH,NORMAL,LOW,False,False,False,False,False,NORMAL,NORMAL,LOW,LOW,NORMAL,HIGH,ZERO,HIGH,HIGH,NORMAL,False,ZERO,NORMAL,NORMAL
HIGH,NORMAL,ZERO,False,False,False,False,False,HIGH,NORMAL,LOW,LOW,NORMAL,LOW,ZERO,HIGH,HIGH,HIGH,False,ZERO,NORMAL,LOW
HIGH,NORMAL,LOW,False,False,False,True,False,NORMAL,NORMAL,LOW,LOW,NORMAL,HIGH,ZERO,HIGH,HIGH,NORMAL,False,ZERO,NORMAL,HIGH
HIGH,NORMAL,LOW,False,False,False,False,False,NORMAL,NORMAL,LOW,LOW,NORMAL,HIGH,ZERO,HIGH,HIGH,NORMAL,False,ZERO,HIGH,HIGH
HIGH,NORMAL,LOW,False,False,False,False,False,NORMAL,NORMAL,LOW,LOW,NORMAL,HIGH,ZERO,HIGH,HIGH,NORMAL,False,ZERO,NORMAL,HIGH
HIGH,NORMAL,LOW,False,False,False,False,False,HIGH,NORMAL,LOW,LOW,NORMAL,HIGH,ZERO,HIGH,HIGH,HIGH,False,ZERO,NORMAL,NORMAL
HIGH,NORMAL,LOW,False,False,False,False,False,NORMAL,NORMAL,LOW,LOW,NORMAL,HIGH,ZERO,HIGH,HIGH,NORMAL,False,ZERO,NORMAL,NORMAL
HIGH,NORMAL,LOW,False,False,False,False,False,NORMAL,NORMAL,LOW,LOW,NORMAL,HIGH,ZERO,HIGH,HIGH,NORMAL,False,ZERO,NORMAL,LOW
HIGH,LOW,NORMAL,False,False,False,False,False,HIGH,NORMAL,HIGH,LOW,NORMAL,HIGH,LOW,HIGH,HIGH,NORMAL,False,LOW,NORMAL,LOW
HIGH,NORMAL,LOW,False,False,False,False,False,LOW,NORMAL,LOW,LOW,NORMAL,HIGH,ZERO,HIGH,HIGH,LOW,True,ZERO,NORMAL,HIGH
HIGH,NORMAL,LOW,False,False,False,True,False,NORMAL,NORMAL,ZERO,LOW,NORMAL,HIGH,ZERO,HIGH,HIGH,NORMAL,False,ZERO,NORMAL,LOW
HIGH,NORMAL,LOW,False,False,False,True,False,HIGH,NORMAL,LOW,LOW,HIGH,NORMAL,ZERO,HIGH,HIGH,HIGH,False,ZERO,NORMAL,NORMAL
HIGH,NORMAL,LOW,False,False,False,False,False,NORMAL,NORMAL,LOW,LOW,HIGH,HIGH,ZERO,HIGH,HIGH,NORMAL,False,ZERO,NORMAL,NORMAL
HIGH,NORMAL,LOW,False,False,False,False,False,NORMAL,NORMAL,LOW,LOW,NORMAL,HIGH,ZERO,NORMAL,HIGH,NORMAL,False,ZERO,NORMAL,HIGH
HIGH,NORMAL,ZERO,False,False,False,False,False,NORMAL,NORMAL,LOW,HIGH,NORMAL,HIGH,HIGH,HIGH,HIGH,NORMAL,False,HIGH,NORMAL,LOW
HIGH,ZERO,ZERO,False,False,False,False,False,NORMAL,NORMAL,ZERO,HIGH,LOW,HIGH,HIGH,HIGH,HIGH,NORMAL,False,HIGH,NORMAL,NORMAL
HIGH,LOW,ZERO,False,False,False,False,False,NORMAL,NORMAL,ZERO,HIGH,NORMAL,HIGH,HIGH,HIGH,HIGH,NORMAL,False,HIGH,NORMAL,LOW
HIGH,HIGH,HIGH,False,False,False,False,True,LOW,NORMAL,LOW,HIGH,LOW,LOW,NORMAL,HIGH,HIGH,LOW,False,HIGH,NORMAL,NORMAL
HIGH,NORMAL,LOW,False,False,False,False,False,NORMAL,NORMAL,LOW,LOW,NORMAL,HIGH,ZERO,HIGH,HIGH,LOW,False,ZERO,NORMAL,NORMAL
HIGH,NORMAL,LOW,False,False,False,False,False,NORMAL,NORMAL,LOW,LOW,HIGH,HIGH,ZERO,HIGH,HIGH,NORMAL,False,ZERO,NORMAL,LOW
NORMAL,NORMAL,LOW,False,False,False,False,False,HIGH,NORMAL,LOW,LOW,NORMAL,LOW,ZERO,HIGH,HIGH,HIGH,False,ZERO,NORMAL,NORMAL
HIGH,NORMAL,LOW,False,False,False,False,False,NORMAL,NORMAL,LOW,LOW,NORMAL,HIGH,ZERO,HIGH,HIGH,NORMAL,False,ZERO,NORMAL,LOW
HIGH,LOW,ZERO,False,False,False,False,True,LOW,NORMAL,LOW,LOW,NORMAL,LOW,ZERO,HIGH,HIGH,LOW,False,ZERO,NORMAL,NORMAL
HIGH,NORMAL,LOW,False,False,False,False,False,NORMAL,ONESIDED,NORMAL,LOW,NORMAL,HIGH,ZERO,HIGH,HIGH,NORMAL,False,LOW,NORMAL,HIGH
HIGH,NORMAL,LOW,False,False,False,False,False,NORMAL,NORMAL,LOW,LOW,NORMAL,HIGH,ZERO,HIGH,HIGH,NORMAL,False,ZERO,NORMAL,NORMAL
LOW,LOW,ZERO,False,False,False,False,False,NORMAL,NORMAL,LOW,HIGH,NORMAL,NORMAL,HIGH,LOW,LOW,NORMAL,False,HIGH,HIGH,HIGH
HIGH,LOW,ZERO,False,False,False,False,True,LOW,NORMAL,LOW,LOW,NORMAL,LOW,ZERO,LOW,HIGH,LOW,False,ZERO,NORMAL,LOW
LOW,LOW,ZERO,False,False,True,False,False,NORMAL,NORMAL,LOW,LOW,LOW,HIGH,ZERO,LOW,HIGH,NORMAL,False,ZERO,HIGH,HIGH
HIGH,NORMAL,LOW,False,False,False,False,False,NORMAL,NORMAL,LOW,NORMAL,NORMAL,HIGH,ZERO,HIGH,HIGH,NORMAL,False,ZERO,NORMAL,LOW
LOW,NORMAL,LOW,False,False,False,False,False,LOW,NORMAL,LOW,LOW,NORMAL,NORMAL,ZERO,LOW,LOW,LOW,True,ZERO,NORMAL,HIGH
HIGH,NORMAL,LOW,False,False,False,False,False,NORMAL,NORMAL,LOW,LOW,NORMAL,HIGH,ZERO,HIGH,HIGH,NORMAL,False,ZERO,NORMAL,HIGH
HIGH,NORMAL,LOW,False,False,False,False,False,NORMAL,NORMAL,LOW,LOW,NORMAL,HIGH,ZERO,HIGH,HIGH,HIGH,False,ZERO,NORMAL,NORMAL
HIGH,NORMAL,LOW,False,False,False,True,False,NORMAL,NORMAL,LOW,LOW,NORMAL,HIGH,ZERO,HIGH,HIGH,NORMAL,False,ZERO,NORMAL,LOW
HIGH,NORMAL,LOW,False,False,False,False,False,HIGH,NORMAL,LOW,LOW,NORMAL,HIGH,ZERO,HIGH,HIGH,HIGH,False,ZERO,NORMAL,NORMAL
HIGH,NORMAL,LOW,False,False,False,False,False,NORMAL,NORMAL,LOW,LOW,NORMAL,HIGH,ZERO,HIGH,HIGH,NORMAL,False,ZERO,NORMAL,NORMAL
LOW,NORMAL,LOW,False,False,False,False,False,NORMAL,NORMAL,LOW,LOW,NORMAL,LOW,ZERO,LOW,LOW,NORMAL,False,ZERO,NORMAL,HIGH
HIGH,NORMAL,LOW,False,False,False,False,False,HIGH,NORMAL,LOW,LOW,LOW,HIGH,ZERO,HIGH,HIGH,HIGH,False,ZERO,HIGH,HIGH
HIGH,NORMAL,LOW,False,False,False,True,False,NORMAL,NORMAL,ZERO,LOW,NORMAL,LOW,ZERO,HIGH,HIGH,NORMAL,False,ZERO,NORMAL,HIGH
HIGH,NORMAL,LOW,False,False,False,False,False,NORMAL,NORMAL,LOW,LOW,NORMAL,HIGH,ZERO,HIGH,HIGH,NORMAL,False,ZERO,NORMAL,LOW
NORMAL,NORMAL,ZERO,False,False,False,False,False,NORMAL,NORMAL,NORMAL,HIGH,NORMAL,NORMAL,HIGH,LOW,LOW,NORMAL,False,HIGH,NORMAL,LOW
HIGH,NORMAL,LOW,False,False,False,False,False,HIGH,NORMAL,LOW,LOW,NORMAL,HIGH,ZERO,HIGH,HIGH,HIGH,False,ZERO,NORMAL,HIGH
HIGH,NORMAL,LOW,False,False,False,True,False,NORMAL,ONESIDED,NORMAL,LOW,NORMAL,LOW,ZERO,HIGH,HIGH,NORMAL,False,LOW,HIGH,LOW
HIGH,HIGH,HIGH,False,False,False,False,False,NORMAL,NORMAL,LOW,HIGH,NORMAL,HIGH,HIGH,HIGH,HIGH,NORMAL,False,HIGH,NORMAL,NORMAL
HIGH,NORMAL,LOW,False,False,False,False,True,LOW,NORMAL,LOW,LOW,NORMAL,LOW,ZERO,HIGH,LOW,LOW,False,ZERO,NORMAL,NORMAL
HIGH,NORMAL,LOW,False,False,False,False,False,LOW,NORMAL,LOW,LOW,NORMAL,HIGH,LOW,HIGH,HIGH,LOW,False,ZERO,NORMAL,HIGH
HIGH,NORMAL,LOW,False,False,False,False,False,NORMAL,NORMAL,LOW,LOW,NORMAL,NORMAL,ZERO,HIGH,HIGH,NORMAL,False,ZERO,NORMAL,NORMAL
HIGH,NORMAL,LOW,False,False,False,False,False,NORMAL,NORMAL,LOW,LOW,NORMAL,HIGH,ZERO,HIGH,HIGH,NORMAL,False,ZERO,NORMAL,HIGH
HIGH,NORMAL,LOW,False,False,False,False,False,HIGH,NORMAL,LOW,LOW,NORMAL,HIGH,ZERO,HIGH,HIGH,HIGH,False,ZERO,NORMAL,NORMAL
HIGH,ZERO,ZERO,False,False,False,False,False,NORMAL,NORMAL,ZERO,HIGH,NORMAL,HIGH,HIGH,HIGH,HIGH,NORMAL,False,HIGH,NORMAL,NORMAL
HIGH,NORMAL,LOW,False,False,False,False,False,NORMAL,NORMAL,LOW,LOW,NORMAL,HIGH,ZERO,HIGH,HIGH,NORMAL,False,ZERO,NORMAL,LOW
HIGH,NORMAL,LOW,False,False,False,False,False,HIGH,NORMAL,LOW,NORMAL,NORMAL,HIGH,ZERO,HIGH,HIGH,HIGH,False,ZERO,NORMAL,NORMAL
HIGH,NORMAL,LOW,False,False,False,False,False,NORMAL,ONESIDED,NORMAL,LOW,NORMAL,HIGH,ZERO,HIGH,HIGH,NORMAL,False,LOW,HIGH,NORMAL
HIGH,NORMAL,LOW,False,False,True,False,False,NORMAL,NORMAL,LOW,LOW,NORMAL,HIGH,ZERO,NORMAL,NORMAL,NORMAL,False,ZERO,NORMAL,NORMAL
LOW,NORMAL,LOW,False,False,False,False,True,LOW,NORMAL,LOW,LOW,NORMAL,LOW,ZERO,LOW,LOW,LOW,False,ZERO,NORMAL,NORMAL
NORMAL,ZERO,ZERO,False,False,False,False,False,HIGH,NORMAL,LOW,LOW,LOW,HIGH,ZERO,HIGH,HIGH,HIGH,False,ZERO,NORMAL,HIGH
HIGH,NORMAL,ZERO,False,False,False,False,False,NORMAL,NORMAL,LOW,HIGH,NORMAL,HIGH,HIGH,HIGH,HIGH,NORMAL,False,HIGH,NORMAL,NORMAL
HIGH,NORMAL,ZERO,False,False,False,False,False,NORMAL,NORMAL,LOW,LOW,NORMAL,HIGH,ZERO,HIGH,HIGH,NORMAL,True,ZERO,NORMAL,NORMAL
HIGH,NORMAL,LOW,False,False,False,False,False,NORMAL,NORMAL,LOW,LOW,NORMAL,HIGH,ZERO,HIGH,HIGH,NORMAL,False,ZERO,NORMAL,HIGH
HIGH,NORMAL,LOW,False,False,True,False,False,NORMAL,NORMAL,LOW,LOW,NORMAL,HIGH,ZERO,NORMAL,NORMAL,NORMAL,False,ZERO,NORMAL,HIGH
LOW,NORMAL,LOW,False,False,False,False,False,HIGH,NORMAL,LOW,LOW,NORMAL,NORMAL,ZERO,LOW,LOW,HIGH,False,ZERO,NORMAL,HIGH
LOW,NORMAL,ZERO,False,False,False,False,False,NORMAL,ONESIDED,LOW,LOW,NORMAL,NORMAL,HIGH,LOW,LOW,NORMAL,False,NORMAL,HIGH,HIGH
HIGH,LOW,ZERO,False,False,False,False,False,NORMAL,NORMAL,LOW,HIGH,NORMAL,HIGH,HIGH,HIGH,HIGH,NORMAL,False,HIGH,NORMAL,NORMAL
HIGH,NORMAL,LOW,False,False,False,False,False,NORMAL,NORMAL,LOW,LOW,NORMAL,NORMAL,ZERO,HIGH,HIGH,NORMAL,False,ZERO,NORMAL,NORMAL
HIGH,NORMAL,LOW,False,False,False,False,False,HIGH,NORMAL,LOW,LOW,NORMAL,NORMAL,ZERO,HIGH,HIGH,NORMAL,False,ZERO,NORMAL,NORMAL
HIGH,NORMAL,LOW,False,False,False,False,False,NORMAL,NORMAL,LOW,LOW,NORMAL,HIGH,ZERO,HIGH,HIGH,NORMAL,False,ZERO,NORMAL,HIGH
HIGH,NORMAL,LOW,False,False,False,True,False,NORMAL,ESOPHAGEAL,NORMAL,LOW,NORMAL,HIGH,ZERO,HIGH,HIGH,NORMAL,False,ZERO,NORMAL,NORMAL
HIGH,NORMAL,LOW,False,False,False,True,False,HIGH,NORMAL,LOW,LOW,NORMAL,LOW,ZERO,HIGH,HIGH,HIGH,False,ZERO,NORMAL,HIGH
HIGH,NORMAL,LOW,False,False,False,False,False,NORMAL,NORMAL,LOW,LOW,NORMAL,HIGH,ZERO,HIGH,HIGH,NORMAL,False,ZERO,NORMAL,HIGH
HIGH,NORMAL,ZERO,False,False,False,True,False,NORMAL,NORMAL,LOW,HIGH,NORMAL,HIGH,HIGH,HIGH,HIGH,NORMAL,False,HIGH,NORMAL,NORMAL
HIGH,NORMAL,LOW,False,False,False,False,False,NORMAL,NORMAL,LOW,LOW,NORMAL,LOW,ZERO,HIGH,HIGH,LOW,True,ZERO,NORMAL,NORMAL
LOW,HIGH,NORMAL,False,False,False,False,False,NORMAL,NORMAL,HIGH,LOW,NORMAL,NORMAL,LOW,LOW,LOW,NORMAL,False,LOW,NORMAL,NORMAL
NORMAL,NORMAL,ZERO,False,False,False,False,False,NORMAL,NORMAL,LOW,LOW,NORMAL,HIGH,ZERO,HIGH,HIGH,NORMAL,False,ZERO,NORMAL,LOW
HIGH,LOW,ZERO,False,False,False,False,False,NORMAL,NORMAL,LOW,LOW,NORMAL,HIGH,ZERO,HIGH,HIGH,NORMAL,True,ZERO,NORMAL,NORMAL
HIGH,NORMAL,LOW,False,False,False,False,False,NORMAL,NORMAL,LOW,LOW,NORMAL,LOW,ZERO,HIGH,HIGH,NORMAL,True,ZERO,NORMAL,HIGH
HIGH,NORMAL,LOW,False,False,False,False,False,NORMAL,NORMAL,LOW,LOW,NORMAL,LOW,ZERO,HIGH,HIGH,NORMAL,False,ZERO,HIGH,LOW
HIGH,NORMAL,LOW,False,False,False,False,False,HIGH,NORMAL,LOW,LOW,NORMAL,HIGH,ZERO,HIGH,HIGH,HIGH,True,ZERO,NORMAL,LOW
HIGH,NORMAL,LOW,False,False,False,True,False,NORMAL,NORMAL,LOW,LOW,NORMAL,HIGH,ZERO,HIGH,HIGH,NORMAL,False,LOW,NORMAL,HIGH
HIGH,LOW,ZERO,False,False,False,False,False,NORMAL,NORMAL,LOW,LOW,NORMAL,HIGH,ZERO,HIGH,HIGH,NORMAL,False,ZERO,NORMAL,NORMAL
HIGH,NORMAL,LOW,False,False,False,False,False,HIGH,NORMAL,NORMAL,LOW,NORMAL,LOW,ZERO,HIGH,HIGH,HIGH,False,ZERO,NORMAL,NORMAL
HIGH,NORMAL,LOW,False,False,False,True,False,NORMAL,NORMAL,LOW,LOW,NORMAL,HIGH,ZERO,HIGH,HIGH,NORMAL,False,ZERO,NORMAL,NORMAL
HIGH,NORMAL,LOW,False,False,False,False,False,NORMAL,NORMAL,LOW,LOW,NORMAL,HIGH,ZERO,HIGH,HIGH,NORMAL,False,ZERO,NORMAL,NORMAL
HIGH,NORMAL,LOW,False,False,False,False,False,NORMAL,NORMAL,LOW,LOW,NORMAL,HIGH,ZERO,HIGH,HIGH,NORMAL,False,ZERO,NORMAL,LOW
HIGH,NORMAL,ZERO,False,False,False,False,False,NORMAL,NORMAL,LOW,HIGH,NORMAL,HIGH,HIGH,HIGH,HIGH,NORMAL,False,HIGH,NORMAL,HIGH
LOW,NORMAL,LOW,False,False,False,False,False,NORMAL,NORMAL,LOW,LOW,LOW,LOW,ZERO,LOW,LOW,NORMAL,False,ZERO,NORMAL,LOW
HIGH,NORMAL,LOW,False,False,False,False,True,NORMAL,NORMAL,ZERO,LOW,NORMAL,LOW,ZERO,HIGH,HIGH,NORMAL,False,ZERO,NORMAL,LOW
HIGH,NORMAL,LOW,False,False,False,True,False,NORMAL,NORMAL,LOW,LOW,NORMAL,HIGH,ZERO,HIGH,HIGH,NORMAL,False,ZERO,NORMAL,LOW
LOW,LOW,ZERO,False,False,False,False,False,NORMAL,NORMAL,LOW,HIGH,NORMAL,NORMAL,HIGH,LOW,LOW,NORMAL,False,HIGH,NORMAL,HIGH
LOW,NORMAL,LOW,False,False,False,False,False,NORMAL,NORMAL,LOW,LOW,LOW,LOW,ZERO,LOW,LOW,NORMAL,False,ZERO,NORMAL,NORMAL
LOW,NORMAL,LOW,False,False,False,False,False,NORMAL,NORMAL,LOW,LOW,NORMAL,NORMAL,ZERO,LOW,LOW,NORMAL,False,LOW,NORMAL,LOW
HIGH,NORMAL,LOW,False,False,False,False,False,NORMAL,NORMAL,ZERO,HIGH,HIGH,HIGH,HIGH,HIGH,HIGH,NORMAL,False,HIGH,NORMAL,LOW
HIGH,NORMAL,LOW,False,False,True,False,False,HIGH,NORMAL,LOW,LOW,NORMAL,LOW,ZERO,NORMAL,NORMAL,HIGH,False,ZERO,NORMAL,LOW
HIGH,NORMAL,LOW,False,False,False,False,False,NORMAL,NORMAL,LOW,LOW,NORMAL,NORMAL,ZERO,HIGH,HIGH,NORMAL,False,ZERO,NORMAL,NORMAL
HIGH,NORMAL,LOW,False,False,False,False,False,NORMAL,NORMAL,LOW,LOW,NORMAL,LOW,ZERO,HIGH,HIGH,NORMAL,False,ZERO,NORMAL,HIGH
HIGH,NORMAL,LOW,False,False,False,False,False,NORMAL,NORMAL,LOW,LOW,NORMAL,HIGH,ZERO,HIGH,HIGH,NORMAL,False,ZERO,NORMAL,LOW
HIGH,NORMAL,LOW,False,False,False,False,False,NORMAL,NORMAL,LOW,LOW,NORMAL,HIGH,ZERO,LOW,HIGH,NORMAL,False,ZERO,NORMAL,LOW
HIGH,NORMAL,LOW,False,False,False,False,False,NORMAL,ESOPHAGEAL,LOW,LOW,NORMAL,HIGH,LOW,HIGH,HIGH,NORMAL,True,LOW,NORMAL,LOW
HIGH,NORMAL,LOW,False,False,False,False,False,HIGH,NORMAL,LOW,LOW,NORMAL,HIGH,ZERO,HIGH,HIGH,HIGH,False,ZERO,NORMAL,LOW
HIGH,NORMAL,LOW,False,False,False,False,False,HIGH,NORMAL,LOW,LOW,NORMAL,HIGH,ZERO,HIGH,HIGH,HIGH,False,ZERO,NORMAL,LOW
HIGH,NORMAL,LOW,False,False,False,False,False,HIGH,NORMAL,NORMAL,LOW,NORMAL,LOW,ZERO,HIGH,HIGH,HIGH,False,ZERO,NORMAL,HIGH
HIGH,NORMAL,LOW,False,False,False,False,False,HIGH,NORMAL,LOW,LOW,NORMAL,LOW,ZERO,HIGH,HIGH,HIGH,False,ZERO,NORMAL,NORMAL
LOW,NORMAL,ZERO,False,False,False,False,False,NORMAL,NORMAL,LOW,HIGH,NORMAL,NORMAL,HIGH,LOW,LOW,HIGH,False,HIGH,NORMAL,HIGH
HIGH,NORMAL,LOW,False,False,False,False,False,NORMAL,NORMAL,LOW,LOW,NORMAL,HIGH,LOW,HIGH,HIGH,NORMAL,True,ZERO,NORMAL,NORMAL
HIGH,NORMAL,LOW,False,False,False,False,False,HIGH,ONESIDED,NORMAL,LOW,NORMAL,LOW,LOW,HIGH,HIGH,HIGH,False,LOW,HIGH,NORMAL
HIGH,NORMAL,LOW,False,False,False,False,False,NORMAL,NORMAL,NORMAL,LOW,NORMAL,HIGH,ZERO,HIGH,HIGH,NORMAL,False,ZERO,HIGH,LOW
LOW,NORMAL,LOW,False,False,True,False,False,NORMAL,NORMAL,LOW,LOW,NORMAL,NORMAL,ZERO,NORMAL,HIGH,NORMAL,False,ZERO,NORMAL,NORMAL
HIGH,HIGH,HIGH,False,False,False,False,False,NORMAL,NORMAL,LOW,HIGH,NORMAL,HIGH,HIGH,HIGH,HIGH,NORMAL,False,HIGH,NORMAL,LOW
HIGH,NORMAL,LOW,False,False,False,False,False,NORMAL,NORMAL,ZERO,LOW,NORMAL,HIGH,ZERO,HIGH,HIGH,NORMAL,False,ZERO,NORMAL,NORMAL
HIGH,NORMAL,LOW,False,False,False,False,False,NORMAL,NORMAL,LOW,LOW,NORMAL,NORMAL,ZERO,HIGH,HIGH,NORMAL,False,ZERO,NORMAL,HIGH
NORMAL,NORMAL,LOW,False,False,False,True,False,HIGH,NORMAL,ZERO,HIGH,NORMAL,LOW,ZERO,HIGH,LOW,HIGH,False,HIGH,NORMAL,HIGH
HIGH,HIGH,HIGH,False,False,False,False,False,NORMAL,NORMAL,LOW,HIGH,NORMAL,HIGH,HIGH,HIGH,HIGH,NORMAL,False,HIGH,HIGH,HIGH
HIGH,LOW,ZERO,True,False,True,False,False,NORMAL,NORMAL,ZERO,HIGH,NORMAL,HIGH,HIGH,NORMAL,NORMAL,NORMAL,False,HIGH,NORMAL,LOW
HIGH,NORMAL,LOW,False,False,False,False,False,NORMAL,NORMAL,LOW,LOW,NORMAL,HIGH,ZERO,HIGH,HIGH,NORMAL,False,ZERO,NORMAL,NORMAL
HIGH,ZERO,ZERO,False,False,True,False,False,NORMAL,NORMAL,LOW,HIGH,HIGH,HIGH,HIGH,HIGH,NORMAL,LOW,False,HIGH,HIGH,HIGH
NORMAL,NORMAL,LOW,False,False,False,False,True,LOW,NORMAL,LOW,LOW,NORMAL,LOW,ZERO,HIGH,HIGH,LOW,False,ZERO,NORMAL,LOW
LOW,NORMAL,LOW,False,False,True,False,False,HIGH,NORMAL,NORMAL,NORMAL,HIGH,NORMAL,ZERO,LOW,NORMAL,NORMAL,False,ZERO,NORMAL,NORMAL
NORMAL,HIGH,HIGH,False,False,False,False,False,NORMAL,ONESIDED,HIGH,LOW,NORMAL,HIGH,HIGH,HIGH,HIGH,NORMAL,False,LOW,HIGH,LOW
HIGH,NORMAL,LOW,False,False,False,False,False,NORMAL,NORMAL,LOW,LOW,NORMAL,HIGH,ZERO,HIGH,HIGH,NORMAL,False,ZERO,NORMAL,HIGH
HIGH,NORMAL,ZERO,False,False,False,False,False,NORMAL,NORMAL,LOW,NORMAL,NORMAL,HIGH,HIGH,HIGH,HIGH,NORMAL,False,HIGH,NORMAL,HIGH
HIGH,NORMAL,LOW,False,False,False,False,False,NORMAL,NORMAL,LOW,LOW,NORMAL,HIGH,ZERO,HIGH,HIGH,NORMAL,False,ZERO,NORMAL,HIGH
HIGH,NORMAL,LOW,False,False,False,False,False,NORMAL,ESOPHAGEAL,LOW,LOW,NORMAL,HIGH,LOW,HIGH,HIGH,NORMAL,False,LOW,NORMAL,LOW
NORMAL,NORMAL,LOW,False,False,False,False,False,HIGH,ONESIDED,NORMAL,LOW,NORMAL,LOW,ZERO,NORMAL,HIGH,HIGH,False,LOW,HIGH,NORMAL
HIGH,NORMAL,LOW,False,False,False,False,True,LOW,NORMAL,LOW,LOW,NORMAL,LOW,ZERO,HIGH,HIGH,LOW,True,ZERO,NORMAL,HIGH
LOW,NORMAL,ZERO,False,False,False,False,False,NORMAL,NORMAL,ZERO,HIGH,NORMAL,NORMAL,HIGH,LOW,LOW,NORMAL,False,HIGH,NORMAL,NORMAL
HIGH,NORMAL,LOW,False,False,False,False,False,NORMAL,NORMAL,LOW,LOW,NORMAL,HIGH,LOW,HIGH,HIGH,NORMAL,False,ZERO,NORMAL,LOW
HIGH,NORMAL,LOW,False,False,False,False,False,NORMAL,NORMAL,NORMAL,LOW,NORMAL,HIGH,ZERO,HIGH,HIGH,NORMAL,False,ZERO,NORMAL,HIGH
LOW,NORMAL,LOW,False,False,False,False,False,HIGH,NORMAL,LOW,LOW,NORMAL,LOW,ZERO,LOW,HIGH,HIGH,False,ZERO,NORMAL,HIGH
HIGH,NORMAL,LOW,False,False,False,False,True,LOW,ONESIDED,NORMAL,LOW,NORMAL,NORMAL,ZERO,HIGH,HIGH,LOW,False,LOW,HIGH,HIGH
LOW,NORMAL,LOW,False,False,False,False,False,NORMAL,NORMAL,LOW,LOW,HIGH,NORMAL,ZERO,LOW,LOW,NORMAL,False,ZERO,NORMAL,LOW
HIGH,NORMAL,LOW,False,False,False,False,False,HIGH,NORMAL,LOW,LOW,NORMAL,HIGH,ZERO,HIGH,HIGH,HIGH,False,ZERO,NORMAL,HIGH
HIGH,NORMAL,LOW,False,False,False,False,False,NORMAL,NORMAL,LOW,LOW,NORMAL,HIGH,ZERO,HIGH,HIGH,NORMAL,False,ZERO,NORMAL,HIGH
HIGH,NORMAL,LOW,False,False,False,True,False,NORMAL,NORMAL,LOW,LOW,NORMAL,HIGH,ZERO,HIGH,HIGH,NORMAL,False,ZERO,NORMAL,NORMAL
HIGH,NORMAL,LOW,False,False,False,False,False,LOW,NORMAL,LOW,LOW,NORMAL,HIGH,ZERO,HIGH,HIGH,LOW,False,ZERO,NORMAL,LOW
HIGH,NORMAL,LOW,True,False,False,False,False,NORMAL,ESOPHAGEAL,NORMAL,LOW,NORMAL,HIGH,ZERO,HIGH,HIGH,NORMAL,False,ZERO,NORMAL,LOW
HIGH,NORMAL,LOW,False,False,False,False,False,NORMAL,NORMAL,LOW,LOW,NORMAL,HIGH,ZERO,HIGH,HIGH,NORMAL,False,ZERO,NORMAL,LOW
LOW,NORMAL,LOW,False,False,False,False,False,HIGH,NORMAL,HIGH,LOW,LOW,LOW,ZERO,LOW,LOW,HIGH,False,ZERO,NORMAL,HIGH
HIGH,NORMAL,LOW,False,False,True,True,False,NORMAL,NORMAL,LOW,LOW,NORMAL,HIGH,ZERO,NORMAL,NORMAL,NORMAL,False,ZERO,NORMAL,LOW
HIGH,NORMAL,LOW,False,False,False,False,False,HIGH,NORMAL,LOW,LOW,NORMAL,LOW,ZERO,HIGH,NORMAL,HIGH,False,ZERO,NORMAL,NORMAL
HIGH,ZERO,ZERO,False,False,True,False,False,NORMAL,NORMAL,LOW,LOW,NORMAL,HIGH,ZERO,NORMAL,NORMAL,NORMAL,False,ZERO,NORMAL,LOW
HIGH,ZERO,NORMAL,False,True,False,False,False,NORMAL,NORMAL,LOW,LOW,HIGH,HIGH,LOW,HIGH,HIGH,NORMAL,False,LOW,HIGH,HIGH
LOW,NORMAL,HIGH,False,False,False,False,False,NORMAL,NORMAL,LOW,HIGH,LOW,NORMAL,HIGH,LOW,LOW,NORMAL,False,HIGH,NORMAL,HIGH
HIGH,NORMAL,LOW,False,False,False,False,False,NORMAL,ONESIDED,LOW,LOW,NORMAL,HIGH,NORMAL,HIGH,HIGH,NORMAL,False,NORMAL,HIGH,LOW
HIGH,NORMAL,LOW,False,False,True,False,False,NORMAL,NORMAL,LOW,LOW,NORMAL,HIGH,ZERO,NORMAL,NORMAL,NORMAL,False,ZERO,NORMAL,HIGH
HIGH,NORMAL,LOW,False,False,False,False,False,NORMAL,NORMAL,LOW,LOW,NORMAL,HIGH,ZERO,HIGH,HIGH,NORMAL,False,ZERO,NORMAL,HIGH
LOW,NORMAL,LOW,False,False,False,False,False,NORMAL,ONESIDED,ZERO,LOW,NORMAL,NORMAL,NORMAL,LOW,LOW,NORMAL,False,NORMAL,HIGH,NORMAL
HIGH,NORMAL,ZERO,False,False,False,False,False,NORMAL,NORMAL,LOW,HIGH,LOW,HIGH,HIGH,HIGH,HIGH,LOW,False,HIGH,NORMAL,NORMAL
HIGH,NORMAL,LOW,False,False,False,False,False,NORMAL,NORMAL,LOW,LOW,HIGH,HIGH,ZERO,HIGH,HIGH,NORMAL,False,ZERO,NORMAL,NORMAL
NORMAL,HIGH,HIGH,False,False,False,True,False,NORMAL,NORMAL,LOW,HIGH,NORMAL,HIGH,HIGH,HIGH,HIGH,NORMAL,False,HIGH,NORMAL,NORMAL
HIGH,NORMAL,LOW,False,False,False,False,False,NORMAL,NORMAL,LOW,LOW,NORMAL,HIGH,ZERO,HIGH,HIGH,NORMAL,False,ZERO,NORMAL,NORMAL
HIGH,NORMAL,LOW,False,False,False,True,False,NORMAL,NORMAL,LOW,LOW,NORMAL,HIGH,ZERO,HIGH,HIGH,LOW,False,ZERO,NORMAL,HIGH
HIGH,NORMAL,LOW,False,False,False,False,False,HIGH,NORMAL,LOW,LOW,NORMAL,NORMAL,ZERO,HIGH,HIGH,HIGH,False,ZERO,NORMAL,NORMAL
HIGH,NORMAL,LOW,False,False,False,False,False,NORMAL,NORMAL,LOW,LOW,NORMAL,HIGH,ZERO,HIGH,HIGH,NORMAL,False,ZERO,NORMAL,LOW
HIGH,NORMAL,LOW,False,False,False,True,False,NORMAL,NORMAL,LOW,LOW,NORMAL,HIGH,ZERO,HIGH,HIGH,NORMAL,False,ZERO,NORMAL,HIGH
LOW,HIGH,HIGH,False,False,False,False,False,NORMAL,NORMAL,LOW,HIGH,NORMAL,NORMAL,HIGH,LOW,LOW,NORMAL,False,HIGH,NORMAL,LOW
LOW,NORMAL,LOW,False,False,False,False,False,NORMAL,NORMAL,LOW,LOW,LOW,NORMAL,ZERO,LOW,LOW,NORMAL,False,ZERO,NORMAL,LOW
HIGH,NORMAL,LOW,False,False,False,False,False,NORMAL,NORMAL,LOW,LOW,NORMAL,HIGH,ZERO,HIGH,HIGH,NORMAL,False,ZERO,NORMAL,LOW
HIGH,NORMAL,LOW,False,False,False,False,False,NORMAL,NORMAL,LOW,LOW,HIGH,HIGH,ZERO,HIGH,HIGH,NORMAL,False,ZERO,NORMAL,LOW
HIGH,NORMAL,LOW,False,False,False,False,False,NORMAL,NORMAL,LOW,LOW,NORMAL,HIGH,ZERO,HIGH,HIGH,NORMAL,False,ZERO,NORMAL,NORMAL
NORMAL,NORMAL,LOW,False,False,False,True,False,HIGH,NORMAL,LOW,LOW,NORMAL,HIGH,ZERO,HIGH,HIGH,HIGH,False,ZERO,NORMAL,LOW
HIGH,NORMAL,LOW,False,False,False,False,False,HIGH,NORMAL,LOW,HIGH,HIGH,LOW,HIGH,HIGH,HIGH,HIGH,False,HIGH,NORMAL,NORMAL
HIGH,NORMAL,LOW,False,False,False,False,False,NORMAL,NORMAL,HIGH,LOW,NORMAL,HIGH,LOW,HIGH,HIGH,NORMAL,False,LOW,NORMAL,HIGH
HIGH,NORMAL,LOW,False,False,False,False,False,NORMAL,NORMAL,LOW,LOW,NORMAL,HIGH,ZERO,HIGH,HIGH,NORMAL,False,ZERO,NORMAL,NORMAL
HIGH,NORMAL,LOW,False,False,False,False,False,NORMAL,ONESIDED,NORMAL,LOW,NORMAL,HIGH,ZERO,HIGH,HIGH,NORMAL,False,LOW,HIGH,HIGH
HIGH,NORMAL,ZERO,False,False,False,False,False,HIGH,NORMAL,LOW,HIGH,NORMAL,LOW,HIGH,HIGH,HIGH,HIGH,False,HIGH,NORMAL,LOW
HIGH,NORMAL,LOW,False,False,False,False,False,NORMAL,NORMAL,LOW,LOW,NORMAL,HIGH,ZERO,HIGH,HIGH,NORMAL,False,ZERO,NORMAL,HIGH
HIGH,NORMAL,LOW,False,False,False,False,False,NORMAL,NORMAL,LOW,LOW,NORMAL,HIGH,ZERO,HIGH,HIGH,NORMAL,False,ZERO,NORMAL,NORMAL
HIGH,NORMAL,LOW,False,False,False,False,False,HIGH,ESOPHAGEAL,NORMAL,LOW,NORMAL,LOW,ZERO,HIGH,HIGH,HIGH,False,ZERO,NORMAL,NORMAL
HIGH,NORMAL,LOW,False,False,False,False,False,NORMAL,NORMAL,LOW,LOW,NORMAL,NORMAL,ZERO,HIGH,HIGH,NORMAL,False,ZERO,NORMAL,HIGH
NORMAL,ZERO,ZERO,False,False,False,True,False,NORMAL,NORMAL,LOW,HIGH,NORMAL,HIGH,HIGH,HIGH,HIGH,NORMAL,False,HIGH,HIGH,NORMAL
LOW,NORMAL,ZERO,False,False,False,False,False,LOW,NORMAL,ZERO,HIGH,NORMAL,NORMAL,HIGH,LOW,LOW,LOW,False,HIGH,NORMAL,HIGH
LOW,NORMAL,LOW,False,False,False,False,False,NORMAL,NORMAL,LOW,LOW,NORMAL,LOW,ZERO,LOW,LOW,NORMAL,False,ZERO,NORMAL,HIGH
HIGH,ZERO,ZERO,False,False,False,True,False,NORMAL,NORMAL,NORMAL,HIGH,NORMAL,NORMAL,HIGH,HIGH,HIGH,NORMAL,False,HIGH,NORMAL,HIGH
HIGH,NORMAL,LOW,False,False,False,False,False,NORMAL,NORMAL,LOW,LOW,NORMAL,HIGH,ZERO,HIGH,HIGH,NORMAL,False,ZERO,NORMAL,HIGH
LOW,HIGH,HIGH,False,True,False,True,False,NORMAL,NORMAL,LOW,HIGH,HIGH,LOW,HIGH,NORMAL,LOW,NORMAL,False,HIGH,HIGH,HIGH
HIGH,NORMAL,LOW,False,False,False,False,False,NORMAL,NORMAL,LOW,LOW,NORMAL,HIGH,ZERO,HIGH,HIGH,NORMAL,False,ZERO,NORMAL,NORMAL
NORMAL,HIGH,HIGH,False,False,False,False,True,LOW,ONESIDED,ZERO,LOW,NORMAL,LOW,ZERO,HIGH,HIGH,LOW,False,ZERO,HIGH,NORMAL
HIGH,NORMAL,LOW,False,False,False,False,False,NORMAL,NORMAL,LOW,LOW,NORMAL,HIGH,ZERO,HIGH,HIGH,NORMAL,False,ZERO,NORMAL,HIGH
LOW,ZERO,ZERO,False,False,True,False,False,NORMAL,NORMAL,LOW,HIGH,NORMAL,NORMAL,HIGH,HIGH,NORMAL,NORMAL,False,HIGH,NORMAL,HIGH
HIGH,NORMAL,LOW,False,False,True,True,False,NORMAL,NORMAL,LOW,LOW,HIGH,HIGH,ZERO,NORMAL,NORMAL,NORMAL,False,ZERO,NORMAL,LOW
LOW,NORMAL,LOW,False,False,False,False,True,LOW,NORMAL,LOW,LOW,NORMAL,LOW,ZERO,HIGH,NORMAL,LOW,False,ZERO,NORMAL,LOW
HIGH,NORMAL,LOW,False,False,False,False,False,NORMAL,NORMAL,LOW,LOW,NORMAL,HIGH,ZERO,HIGH,HIGH,NORMAL,False,ZERO,NORMAL,HIGH
HIGH,NORMAL,LOW,False,False,False,False,False,NORMAL,NORMAL,LOW,LOW,NORMAL,HIGH,ZERO,HIGH,HIGH,NORMAL,False,ZERO,NORMAL,NORMAL
LOW,NORMAL,LOW,False,False,False,False,False,HIGH,NORMAL,LOW,LOW,NORMAL,NORMAL,ZERO,LOW,LOW,HIGH,False,ZERO,NORMAL,HIGH
HIGH,NORMAL,LOW,False,False,False,False,False,LOW,NORMAL,LOW,LOW,NORMAL,HIGH,ZERO,HIGH,HIGH,LOW,False,ZERO,HIGH,LOW
NORMAL,HIGH,HIGH,False,True,False,False,True,LOW,NORMAL,LOW,HIGH,HIGH,LOW,ZERO,HIGH,HIGH,LOW,False,HIGH,HIGH,NORMAL
LOW,NORMAL,LOW,False,False,False,False,False,HIGH,NORMAL,LOW,LOW,NORMAL,NORMAL,ZERO,LOW,LOW,HIGH,False,ZERO,NORMAL,NORMAL
HIGH,NORMAL,LOW,False,False,False,False,False,NORMAL,NORMAL,LOW,LOW,HIGH,HIGH,ZERO,HIGH,HIGH,NORMAL,False,ZERO,NORMAL,HIGH
HIGH,NORMAL,LOW,False,False,False,False,False,NORMAL,NORMAL,LOW,LOW,NORMAL,HIGH,ZERO,HIGH,HIGH,NORMAL,False,ZERO,NORMAL,NORMAL
HIGH,NORMAL,LOW,False,False,False,False,False,NORMAL,NORMAL,LOW,LOW,NORMAL,HIGH,ZERO,HIGH,HIGH,NORMAL,False,ZERO,NORMAL,HIGH
HIGH,NORMAL,LOW,False,False,True,False,False,NORMAL,NORMAL,LOW,LOW,NORMAL,HIGH,ZERO,NORMAL,NORMAL,NORMAL,False,ZERO,HIGH,NORMAL
LOW,NORMAL,LOW,False,False,False,False,False,NORMAL,NORMAL,LOW,LOW,NORMAL,NORMAL,ZERO,LOW,LOW,NORMAL,False,ZERO,NORMAL,HIGH
HIGH,NORMAL,LOW,False,False,False,False,False,NORMAL,NORMAL,LOW,LOW,NORMAL,HIGH,ZERO,HIGH,HIGH,NORMAL,False,ZERO,NORMAL,NORMAL
HIGH,NORMAL,LOW,False,False,False,False,False,HIGH,NORMAL,LOW,LOW,NORMAL,LOW,ZERO,HIGH,HIGH,HIGH,False,ZERO,NORMAL,LOW
HIGH,NORMAL,LOW,False,False,False,False,False,NORMAL,NORMAL,LOW,LOW,NORMAL,HIGH,ZERO,HIGH,HIGH,NORMAL,False,ZERO,NORMAL,LOW
NORMAL,LOW,ZERO,False,False,False,False,False,NORMAL,NORMAL,LOW,HIGH,NORMAL,LOW,LOW,NORMAL,LOW,NORMAL,False,HIGH,HIGH,NORMAL
HIGH,NORMAL,LOW,False,False,False,False,False,NORMAL,NORMAL,LOW,LOW,NORMAL,HIGH,ZERO,HIGH,HIGH,NORMAL,False,ZERO,NORMAL,HIGH
HIGH,NORMAL,LOW,False,False,False,False,False,NORMAL,NORMAL,LOW,LOW,NORMAL,HIGH,ZERO,HIGH,HIGH,NORMAL,False,ZERO,HIGH,NORMAL
HIGH,NORMAL,LOW,False,False,False,True,False,NORMAL,NORMAL,LOW,LOW,LOW,HIGH,NORMAL,HIGH,HIGH,NORMAL,False,ZERO,NORMAL,HIGH
HIGH,NORMAL,LOW,False,False,False,False,False,HIGH,NORMAL,LOW,LOW,NORMAL,LOW,ZERO,HIGH,HIGH,HIGH,False,ZERO,NORMAL,NORMAL
HIGH,NORMAL,LOW,False,False,False,False,False,NORMAL,NORMAL,LOW,LOW,HIGH,HIGH,ZERO,HIGH,HIGH,NORMAL,False,ZERO,NORMAL,NORMAL
LOW,NORMAL,LOW,False,False,False,False,False,HIGH,ONESIDED,NORMAL,LOW,NORMAL,LOW,ZERO,LOW,LOW,HIGH,False,LOW,HIGH,NORMAL
HIGH,NORMAL,ZERO,False,False,False,False,False,NORMAL,NORMAL,LOW,HIGH,NORMAL,HIGH,HIGH,HIGH,HIGH,LOW,False,HIGH,NORMAL,NORMAL
HIGH,NORMAL,LOW,False,False,True,False,False,NORMAL,NORMAL,LOW,LOW,NORMAL,HIGH,ZERO,NORMAL,NORMAL,NORMAL,False,ZERO,NORMAL,NORMAL
HIGH,HIGH,NORMAL,False,False,False,False,False,HIGH,NORMAL,HIGH,LOW,NORMAL,HIGH,LOW,HIGH,HIGH,HIGH,False,LOW,NORMAL,NORMAL
HIGH,NORMAL,LOW,False,False,False,False,False,NORMAL,NORMAL,LOW,LOW,NORMAL,HIGH,ZERO,HIGH,HIGH,NORMAL,False,ZERO,NORMAL,NORMAL
NORMAL,NORMAL,LOW,False,False,True,False,False,HIGH,NORMAL,LOW,LOW,NORMAL,HIGH,ZERO,NORMAL,NORMAL,HIGH,False,ZERO,NORMAL,LOW
HIGH,NORMAL,LOW,False,False,False,False,False,NORMAL,NORMAL,LOW,LOW,NORMAL,HIGH,ZERO,HIGH,HIGH,NORMAL,False,ZERO,NORMAL,HIGH
HIGH,NORMAL,LOW,False,False,False,False,False,NORMAL,NORMAL,LOW,LOW,HIGH,HIGH,ZERO,NORMAL,HIGH,NORMAL,False,ZERO,NORMAL,LOW
HIGH,NORMAL,LOW,False,False,False,False,False,NORMAL,NORMAL,LOW,LOW,NORMAL,HIGH,ZERO,HIGH,HIGH,NORMAL,False,ZERO,NORMAL,NORMAL
HIGH,NORMAL,LOW,False,False,False,False,False,NORMAL,NORMAL,LOW,LOW,NORMAL,HIGH,ZERO,HIGH,HIGH,NORMAL,False,ZERO,NORMAL,LOW
HIGH,HIGH,NORMAL,False,False,False,False,False,NORMAL,ONESIDED,LOW,LOW,NORMAL,HIGH,NORMAL,HIGH,HIGH,NORMAL,False,LOW,HIGH,NORMAL
HIGH,NORMAL,LOW,False,False,False,False,False,HIGH,NORMAL,LOW,LOW,HIGH,NORMAL,ZERO,HIGH,HIGH,HIGH,False,ZERO,NORMAL,NORMAL
HIGH,NORMAL,LOW,False,False,False,False,False,NORMAL,NORMAL,LOW,LOW,NORMAL,HIGH,ZERO,HIGH,HIGH,NORMAL,True,ZERO,NORMAL,NORMAL
HIGH,NORMAL,LOW,False,False,False,False,False,NORMAL,NORMAL,LOW,LOW,NORMAL,HIGH,ZERO,HIGH,HIGH,NORMAL,False,ZERO,NORMAL,NORMAL
HIGH,NORMAL,LOW,False,False,False,False,False,NORMAL,NORMAL,LOW,HIGH,NORMAL,HIGH,HIGH,HIGH,HIGH,NORMAL,False,HIGH,NORMAL,LOW
HIGH,NORMAL,LOW,False,False,False,False,False,NORMAL,NORMAL,LOW,LOW,NORMAL,HIGH,ZERO,HIGH,HIGH,NORMAL,False,ZERO,NORMAL,NORMAL
HIGH,NORMAL,LOW,False,False,False,False,False,NORMAL,ONESIDED,NORMAL,LOW,NORMAL,HIGH,LOW,HIGH,HIGH,NORMAL,False,LOW,HIGH,HIGH
HIGH,NORMAL,LOW,False,False,False,True,False,NORMAL,NORMAL,LOW,LOW,NORMAL,HIGH,HIGH,HIGH,HIGH,NORMAL,False,ZERO,NORMAL,NORMAL
HIGH,NORMAL,LOW,False,False,False,False,False,NORMAL,NORMAL,LOW,LOW,NORMAL,HIGH,ZERO,HIGH,HIGH,NORMAL,False,ZERO,NORMAL,LOW
HIGH,NORMAL,LOW,False,False,False,True,False,NORMAL,NORMAL,LOW,LOW,NORMAL,HIGH,ZERO,HIGH,HIGH,NORMAL,True,ZERO,NORMAL,HIGH
LOW,NORMAL,LOW,False,False,True,False,False,NORMAL,NORMAL,LOW,LOW,NORMAL,NORMAL,ZERO,NORMAL,HIGH,NORMAL,False,ZERO,NORMAL,HIGH
HIGH,HIGH,HIGH,False,False,True,True,False,NORMAL,NORMAL,ZERO,HIGH,NORMAL,HIGH,HIGH,NORMAL,NORMAL,NORMAL,False,HIGH,NORMAL,LOW
LOW,NORMAL,LOW,False,False,False,False,False,NORMAL,NORMAL,LOW,LOW,LOW,HIGH,ZERO,HIGH,HIGH,NORMAL,False,ZERO,NORMAL,LOW
HIGH,NORMAL,LOW,False,False,False,False,False,NORMAL,NORMAL,LOW,LOW,NORMAL,HIGH,ZERO,HIGH,HIGH,NORMAL,False,ZERO,NORMAL,HIGH
HIGH,NORMAL,LOW,False,False,False,False,False,NORMAL,NORMAL,LOW,LOW,NORMAL,HIGH,ZERO,HIGH,HIGH,NORMAL,False,LOW,NORMAL,NORMAL
LOW,NORMAL,HIGH,False,False,False,False,False,NORMAL,NORMAL,LOW,LOW,LOW,NORMAL,HIGH,LOW,LOW,NORMAL,False,HIGH,NORMAL,HIGH
HIGH,ZERO,ZERO,False,False,False,False,False,NORMAL,NORMAL,LOW,LOW,NORMAL,HIGH,ZERO,HIGH,HIGH,NORMAL,False,ZERO,NORMAL,NORMAL
HIGH,NORMAL,LOW,False,False,False,False,True,LOW,NORMAL,LOW,LOW,NORMAL,LOW,ZERO,HIGH,HIGH,LOW,False,ZERO,NORMAL,HIGH
HIGH,NORMAL,LOW,False,False,False,False,False,NORMAL,NORMAL,LOW,LOW,NORMAL,NORMAL,ZERO,HIGH,HIGH,NORMAL,False,ZERO,NORMAL,HIGH
LOW,NORMAL,LOW,False,False,False,False,False,NORMAL,NORMAL,LOW,HIGH,NORMAL,NORMAL,HIGH,LOW,NORMAL,NORMAL,False,HIGH,NORMAL,HIGH
HIGH,NORMAL,LOW,False,False,False,False,False,NORMAL,NORMAL,LOW,LOW,NORMAL,HIGH,ZERO,HIGH,HIGH,NORMAL,False,ZERO,NORMAL,HIGH
HIGH,NORMAL,ZERO,False,False,False,False,False,NORMAL,NORMAL,LOW,HIGH,NORMAL,HIGH,HIGH,HIGH,HIGH,NORMAL,False,HIGH,NORMAL,NORMAL
HIGH,NORMAL,LOW,False,False,False,False,False,NORMAL,NORMAL,LOW,LOW,NORMAL,HIGH,ZERO,HIGH,HIGH,NORMAL,False,ZERO,NORMAL,HIGH
LOW,NORMAL,LOW,False,False,False,False,False,NORMAL,NORMAL,LOW,LOW,NORMAL,NORMAL,ZERO,LOW,LOW,NORMAL,False,ZERO,NORMAL,NORMAL
NORMAL,HIGH,HIGH,False,False,False,False,False,NORMAL,NORMAL,LOW,HIGH,NORMAL,HIGH,HIGH,HIGH,HIGH,LOW,False,HIGH,NORMAL,LOW
HIGH,NORMAL,LOW,False,False,False,False,False,NORMAL,NORMAL,LOW,LOW,NORMAL,HIGH,ZERO,HIGH,HIGH,NORMAL,False,ZERO,NORMAL,LOW
LOW,NORMAL,LOW,False,False,False,False,False,NORMAL,NORMAL,LOW,LOW,NORMAL,NORMAL,ZERO,LOW,LOW,NORMAL,True,ZERO,NORMAL,NORMAL
LOW,ZERO,ZERO,False,False,False,False,False,HIGH,NORMAL,LOW,HIGH,NORMAL,NORMAL,HIGH,LOW,LOW,HIGH,False,HIGH,NORMAL,HIGH
HIGH,NORMAL,LOW,False,False,False,False,False,NORMAL,NORMAL,LOW,LOW,NORMAL,HIGH,ZERO,HIGH,HIGH,NORMAL,False,ZERO,NORMAL,NORMAL
HIGH,NORMAL,LOW,False,False,True,True,False,HIGH,NORMAL,LOW,LOW,HIGH,NORMAL,ZERO,NORMAL,NORMAL,HIGH,False,ZERO,NORMAL,NORMAL
HIGH,NORMAL,LOW,False,False,False,False,False,NORMAL,NORMAL,LOW,LOW,NORMAL,HIGH,ZERO,HIGH,HIGH,NORMAL,False,ZERO,NORMAL,NORMAL
HIGH,NORMAL,LOW,False,False,False,False,False,NORMAL,NORMAL,NORMAL,LOW,NORMAL,HIGH,ZERO,HIGH,HIGH,LOW,False,LOW,NORMAL,HIGH
HIGH,NORMAL,LOW,False,False,False,False,False,NORMAL,NORMAL,LOW,LOW,NORMAL,HIGH,ZERO,HIGH,HIGH,NORMAL,False,ZERO,NORMAL,HIGH
HIGH,LOW,ZERO,False,False,False,False,False,HIGH,NORMAL,LOW,LOW,NORMAL,HIGH,ZERO,HIGH,HIGH,HIGH,False,ZERO,NORMAL,NORMAL
LOW,LOW,ZERO,False,False,False,True,False,NORMAL,NORMAL,LOW,HIGH,NORMAL,NORMAL,HIGH,LOW,LOW,NORMAL,False,HIGH,NORMAL,HIGH
HIGH,NORMAL,LOW,False,False,False,False,False,NORMAL,NORMAL,LOW,LOW,NORMAL,HIGH,ZERO,HIGH,HIGH,NORMAL,False,ZERO,NORMAL,HIGH
LOW,NORMAL,LOW,False,False,True,False,False,NORMAL,NORMAL,LOW,HIGH,NORMAL,NORMAL,HIGH,HIGH,HIGH,NORMAL,False,HIGH,NORMAL,LOW
HIGH,NORMAL,LOW,False,False,False,False,False,NORMAL,NORMAL,LOW,LOW,HIGH,HIGH,ZERO,HIGH,HIGH,NORMAL,False,ZERO,NORMAL,NORMAL
HIGH,NORMAL,NORMAL,False,False,False,False,False,NORMAL,NORMAL,HIGH,NORMAL,NORMAL,HIGH,LOW,HIGH,HIGH,NORMAL,False,LOW,NORMAL,LOW
HIGH,NORMAL,LOW,False,False,False,False,True,LOW,NORMAL,LOW,LOW,NORMAL,LOW,ZERO,HIGH,HIGH,LOW,False,ZERO,NORMAL,HIGH
HIGH,NORMAL,HIGH,False,False,False,False,False,NORMAL,NORMAL,NORMAL,HIGH,NORMAL,HIGH,ZERO,HIGH,HIGH,NORMAL,False,HIGH,NORMAL,LOW
HIGH,LOW,ZERO,False,False,False,False,False,HIGH,NORMAL,LOW,HIGH,NORMAL,LOW,HIGH,HIGH,HIGH,NORMAL,False,HIGH,NORMAL,NORMAL
HIGH,NORMAL,LOW,False,False,False,False,False,NORMAL,NORMAL,LOW,LOW,NORMAL,HIGH,ZERO,HIGH,HIGH,NORMAL,False,ZERO,NORMAL,HIGH
HIGH,NORMAL,ZERO,False,False,False,False,False,NORMAL,NORMAL,LOW,HIGH,NORMAL,HIGH,HIGH,HIGH,HIGH,HIGH,False,HIGH,NORMAL,LOW
HIGH,NORMAL,ZERO,False,False,False,False,False,NORMAL,NORMAL,LOW,HIGH,HIGH,HIGH,HIGH,HIGH,HIGH,NORMAL,False,HIGH,NORMAL,LOW
HIGH,NORMAL,LOW,False,False,False,False,False,HIGH,NORMAL,ZERO,LOW,NORMAL,HIGH,LOW,HIGH,HIGH,HIGH,False,ZERO,NORMAL,LOW
HIGH,NORMAL,LOW,False,False,False,True,False,HIGH,NORMAL,LOW,LOW,NORMAL,LOW,ZERO,HIGH,HIGH,HIGH,False,ZERO,HIGH,HIGH
HIGH,NORMAL,LOW,False,False,False,False,False,LOW,ESOPHAGEAL,LOW,LOW,NORMAL,HIGH,ZERO,HIGH,HIGH,LOW,True,LOW,NORMAL,NORMAL
HIGH,NORMAL,LOW,False,False,False,False,False,NORMAL,NORMAL,LOW,LOW,NORMAL,HIGH,ZERO,HIGH,HIGH,NORMAL,False,ZERO,NORMAL,NORMAL
HIGH,NORMAL,NORMAL,False,False,True,False,False,NORMAL,NORMAL,HIGH,LOW,LOW,HIGH,LOW,NORMAL,NORMAL,NORMAL,False,LOW,NORMAL,LOW
LOW,NORMAL,LOW,False,False,False,False,False,NORMAL,NORMAL,LOW,LOW,HIGH,NORMAL,ZERO,LOW,LOW,NORMAL,False,ZERO,NORMAL,HIGH
HIGH,NORMAL,LOW,False,False,False,False,False,HIGH,NORMAL,LOW,LOW,NORMAL,LOW,ZERO,HIGH,HIGH,HIGH,False,ZERO,NORMAL,HIGH
HIGH,NORMAL,LOW,False,False,False,False,False,NORMAL,NORMAL,LOW,LOW,NORMAL,NORMAL,ZERO,HIGH,HIGH,NORMAL,False,ZERO,NORMAL,LOW
HIGH,NORMAL,LOW,False,False,True,False,False,NORMAL,NORMAL,LOW,LOW,NORMAL,HIGH,ZERO,NORMAL,NORMAL,NORMAL,False,ZERO,NORMAL,HIGH
NORMAL,NORMAL,LOW,False,False,False,False,False,HIGH,NORMAL,LOW,LOW,NORMAL,LOW,ZERO,HIGH,HIGH,HIGH,False,ZERO,NORMAL,HIGH
HIGH,NORMAL,LOW,False,False,False,False,False,NORMAL,NORMAL,LOW,LOW,NORMAL,HIGH,ZERO,HIGH,HIGH,NORMAL,False,ZERO,NORMAL,HIGH
HIGH,NORMAL,LOW,False,False,False,True,False,NORMAL,NORMAL,LOW,LOW,NORMAL,HIGH,ZERO,HIGH,HIGH,NORMAL,False,ZERO,NORMAL,NORMAL
NORMAL,NORMAL,LOW,False,False,False,False,False,NORMAL,NORMAL,LOW,LOW,NORMAL,NORMAL,ZERO,LOW,LOW,NORMAL,False,ZERO,NORMAL,HIGH
HIGH,NORMAL,LOW,False,False,False,False,False,NORMAL,NORMAL,LOW,LOW,NORMAL,HIGH,ZERO,HIGH,HIGH,NORMAL,False,ZERO,NORMAL,HIGH
HIGH,NORMAL,LOW,False,False,False,True,True,LOW,NORMAL,LOW,LOW,HIGH,LOW,ZERO,HIGH,HIGH,LOW,False,ZERO,NORMAL,LOW
HIGH,NORMAL,LOW,False,False,False,False,False,HIGH,NORMAL,LOW,LOW,NORMAL,HIGH,ZERO,HIGH,HIGH,HIGH,False,ZERO,NORMAL,LOW
HIGH,ZERO,ZERO,False,False,False,False,False,NORMAL,NORMAL,LOW,HIGH,NORMAL,HIGH,HIGH,HIGH,HIGH,NORMAL,False,HIGH,NORMAL,NORMAL
LOW,NORMAL,LOW,False,False,False,False,False,NORMAL,NORMAL,LOW,HIGH,NORMAL,NORMAL,HIGH,LOW,LOW,NORMAL,False,HIGH,NORMAL,LOW
HIGH,NORMAL,LOW,False,False,False,False,False,NORMAL,NORMAL,LOW,LOW,NORMAL,HIGH,ZERO,HIGH,HIGH,NORMAL,False,ZERO,HIGH,NORMAL
HIGH,LOW,ZERO,False,False,False,False,False,NORMAL,ONESIDED,LOW,LOW,NORMAL,HIGH,NORMAL,HIGH,HIGH,NORMAL,True,NORMAL,HIGH,NORMAL
HIGH,NORMAL,LOW,False,False,False,False,False,NORMAL,NORMAL,LOW,LOW,NORMAL,LOW,ZERO,HIGH,HIGH,NORMAL,False,ZERO,NORMAL,LOW
HIGH,NORMAL,ZERO,False,False,False,False,False,NORMAL,NORMAL,LOW,NORMAL,NORMAL,HIGH,HIGH,HIGH,HIGH,NORMAL,False,HIGH,NORMAL,NORMAL
HIGH,HIGH,HIGH,False,False,False,False,False,NORMAL,NORMAL,NORMAL,LOW,NORMAL,HIGH,HIGH,HIGH,HIGH,NORMAL,False,ZERO,NORMAL,NORMAL
HIGH,NORMAL,LOW,False,False,False,False,False,HIGH,NORMAL,LOW,LOW,NORMAL,HIGH,ZERO,HIGH,HIGH,HIGH,False,ZERO,NORMAL,NORMAL
HIGH,NORMAL,LOW,False,False,False,False,False,NORMAL,NORMAL,LOW,LOW,NORMAL,HIGH,ZERO,HIGH,HIGH,NORMAL,False,ZERO,HIGH,HIGH
HIGH,NORMAL,LOW,False,False,False,True,False,NORMAL,NORMAL,LOW,LOW,NORMAL,LOW,ZERO,HIGH,HIGH,NORMAL,False,ZERO,NORMAL,HIGH
HIGH,NORMAL,LOW,False,False,False,False,False,NORMAL,NORMAL,LOW,LOW,NORMAL,HIGH,ZERO,HIGH,HIGH,NORMAL,True,ZERO,NORMAL,HIGH
NORMAL,ZERO,ZERO,False,False,False,True,False,NORMAL,ONESIDED,LOW,LOW,NORMAL,LOW,NORMAL,HIGH,HIGH,NORMAL,False,NORMAL,HIGH,NORMAL
HIGH,NORMAL,LOW,False,False,False,False,False,NORMAL,NORMAL,NORMAL,LOW,NORMAL,NORMAL,ZERO,HIGH,HIGH,NORMAL,False,ZERO,NORMAL,LOW
HIGH,NORMAL,LOW,False,False,True,False,False,NORMAL,NORMAL,LOW,LOW,NORMAL,HIGH,ZERO,NORMAL,NORMAL,NORMAL,False,ZERO,NORMAL,LOW
HIGH,NORMAL,LOW,False,False,False,False,False,HIGH,NORMAL,LOW,LOW,NORMAL,HIGH,ZERO,HIGH,HIGH,HIGH,False,ZERO,NORMAL,LOW
HIGH,NORMAL,LOW,False,False,False,False,False,NORMAL,NORMAL,LOW,LOW,NORMAL,HIGH,HIGH,HIGH,HIGH,NORMAL,False,ZERO,NORMAL,LOW
NORMAL,NORMAL,LOW,False,False,False,False,False,NORMAL,NORMAL,LOW,LOW,NORMAL,HIGH,ZERO,HIGH,HIGH,NORMAL,False,ZERO,NORMAL,LOW
HIGH,NORMAL,LOW,False,False,False,False,False,NORMAL,NORMAL,LOW,LOW,NORMAL,HIGH,ZERO,HIGH,HIGH,NORMAL,False,ZERO,NORMAL,LOW
HIGH,LOW,ZERO,False,False,False,False,False,NORMAL,NORMAL,LOW,LOW,NORMAL,HIGH,ZERO,HIGH,HIGH,NORMAL,False,ZERO,NORMAL,HIGH
HIGH,NORMAL,LOW,False,False,False,False,False,NORMAL,NORMAL,LOW,LOW,NORMAL,HIGH,ZERO,HIGH,HIGH,NORMAL,False,ZERO,NORMAL,LOW
LOW,HIGH,HIGH,False,False,False,False,False,NORMAL,NORMAL,LOW,NORMAL,NORMAL,NORMAL,HIGH,LOW,LOW,NORMAL,False,HIGH,NORMAL,LOW
HIGH,ZERO,ZERO,False,False,False,False,False,NORMAL,NORMAL,LOW,HIGH,NORMAL,HIGH,HIGH,HIGH,HIGH,NORMAL,False,HIGH,NORMAL,LOW
HIGH,NORMAL,LOW,False,False,True,False,False,NORMAL,NORMAL,LOW,LOW,NORMAL,HIGH,ZERO,NORMAL,NORMAL,NORMAL,False,ZERO,NORMAL,HIGH
NORMAL,ZERO,ZERO,False,False,False,False,False,NORMAL,NORMAL,LOW,LOW,NORMAL,HIGH,ZERO,HIGH,HIGH,NORMAL,False,ZERO,NORMAL,LOW
HIGH,LOW,ZERO,False,False,False,False,False,NORMAL,NORMAL,LOW,LOW,NORMAL,HIGH,ZERO,HIGH,HIGH,NORMAL,False,ZERO,NORMAL,NORMAL
HIGH,NORMAL,LOW,False,False,False,False,False,NORMAL,NORMAL,LOW,LOW,NORMAL,HIGH,ZERO,HIGH,HIGH,NORMAL,False,ZERO,NORMAL,HIGH
HIGH,NORMAL,LOW,False,False,False,False,False,NORMAL,NORMAL,LOW,LOW,NORMAL,HIGH,ZERO,HIGH,HIGH,NORMAL,False,ZERO,NORMAL,NORMAL
HIGH,LOW,HIGH,False,False,False,False,False,NORMAL,NORMAL,LOW,LOW,NORMAL,HIGH,HIGH,HIGH,HIGH,NORMAL,False,HIGH,NORMAL,HIGH
LOW,LOW,ZERO,False,False,False,False,False,HIGH,NORMAL,LOW,LOW,NORMAL,NORMAL,ZERO,LOW,LOW,HIGH,True,ZERO,NORMAL,HIGH
HIGH,NORMAL,LOW,False,False,False,True,False,NORMAL,NORMAL,LOW,LOW,NORMAL,HIGH,ZERO,HIGH,HIGH,NORMAL,False,ZERO,NORMAL,NORMAL
LOW,NORMAL,ZERO,False,False,False,False,False,NORMAL,NORMAL,LOW,HIGH,NORMAL,LOW,HIGH,LOW,LOW,NORMAL,False,HIGH,NORMAL,LOW
HIGH,NORMAL,LOW,False,False,False,False,False,HIGH,NORMAL,LOW,LOW,NORMAL,HIGH,ZERO,HIGH,HIGH,HIGH,False,ZERO,NORMAL,HIGH
LOW,ZERO,ZERO,False,False,False,False,True,LOW,NORMAL,LOW,HIGH,HIGH,LOW,HIGH,LOW,LOW,LOW,False,HIGH,NORMAL,HIGH
HIGH,NORMAL,LOW,False,False,False,False,False,NORMAL,NORMAL,ZERO,HIGH,NORMAL,HIGH,ZERO,HIGH,HIGH,NORMAL,False,HIGH,NORMAL,LOW
NORMAL,NORMAL,HIGH,False,False,False,False,False,NORMAL,NORMAL,LOW,HIGH,LOW,HIGH,HIGH,HIGH,HIGH,NORMAL,False,HIGH,NORMAL,NORMAL
HIGH,NORMAL,LOW,False,False,True,False,False,NORMAL,NORMAL,LOW,LOW,NORMAL,HIGH,ZERO,NORMAL,NORMAL,NORMAL,False,LOW,NORMAL,NORMAL
HIGH,NORMAL,LOW,False,False,False,False,False,NORMAL,NORMAL,LOW,LOW,NORMAL,HIGH,ZERO,HIGH,HIGH,NORMAL,False,ZERO,NORMAL,NORMAL
LOW,NORMAL,LOW,False,False,False,False,False,NORMAL,NORMAL,LOW,LOW,NORMAL,NORMAL,ZERO,LOW,LOW,NORMAL,False,ZERO,NORMAL,LOW
HIGH,NORMAL,LOW,False,False,False,False,False,NORMAL,NORMAL,NORMAL,LOW,NORMAL,HIGH,ZERO,HIGH,HIGH,NORMAL,False,ZERO,NORMAL,LOW
HIGH,NORMAL,LOW,False,False,True,False,False,NORMAL,NORMAL,LOW,LOW,NORMAL,HIGH,ZERO,NORMAL,NORMAL,NORMAL,False,ZERO,NORMAL,LOW
HIGH,NORMAL,LOW,False,False,False,False,False,HIGH,NORMAL,LOW,LOW,LOW,LOW,ZERO,HIGH,HIGH,HIGH,False,ZERO,NORMAL,HIGH
HIGH,NORMAL,LOW,False,False,False,False,False,LOW,NORMAL,LOW,LOW,NORMAL,HIGH,ZERO,HIGH,NORMAL,NORMAL,False,ZERO,NORMAL,LOW
LOW,NORMAL,LOW,False,False,False,False,False,HIGH,NORMAL,LOW,LOW,NORMAL,LOW,ZERO,LOW,LOW,HIGH,False,ZERO,NORMAL,LOW
LOW,NORMAL,LOW,False,False,False,False,False,HIGH,NORMAL,LOW,LOW,NORMAL,LOW,ZERO,LOW,LOW,HIGH,False,ZERO,NORMAL,HIGH
NORMAL,NORMAL,LOW,False,False,False,False,False,HIGH,NORMAL,LOW,LOW,NORMAL,HIGH,ZERO,HIGH,HIGH,HIGH,False,ZERO,NORMAL,LOW
HIGH,NORMAL,LOW,False,False,False,False,False,NORMAL,NORMAL,LOW,LOW,NORMAL,LOW,LOW,HIGH,HIGH,NORMAL,False,ZERO,NORMAL,LOW
HIGH,NORMAL,LOW,False,False,False,False,False,NORMAL,NORMAL,NORMAL,LOW,NORMAL,HIGH,ZERO,HIGH,HIGH,NORMAL,False,ZERO,NORMAL,HIGH
LOW,NORMAL,LOW,False,False,False,False,False,NORMAL,NORMAL,LOW,LOW,NORMAL,NORMAL,ZERO,LOW,LOW,NORMAL,False,ZERO,NORMAL,LOW
HIGH,LOW,ZERO,False,False,False,False,False,HIGH,NORMAL,LOW,HIGH,LOW,HIGH,HIGH,HIGH,HIGH,HIGH,False,HIGH,NORMAL,LOW
HIGH,NORMAL,LOW,False,False,False,False,False,NORMAL,NORMAL,LOW,LOW,NORMAL,HIGH,ZERO,HIGH,HIGH,NORMAL,False,ZERO,NORMAL,LOW
HIGH,LOW,ZERO,False,False,False,False,False,NORMAL,NORMAL,LOW,LOW,NORMAL,HIGH,ZERO,HIGH,HIGH,NORMAL,False,ZERO,NORMAL,HIGH
HIGH,NORMAL,LOW,False,False,False,False,False,NORMAL,NORMAL,LOW,LOW,NORMAL,HIGH,ZERO,HIGH,HIGH,NORMAL,False,ZERO,NORMAL,LOW
HIGH,NORMAL,LOW,False,False,False,False,False,NORMAL,NORMAL,LOW,LOW,NORMAL,LOW,ZERO,HIGH,HIGH,NORMAL,False,ZERO,NORMAL,HIGH
LOW,NORMAL,LOW,False,False,False,False,False,NORMAL,NORMAL,LOW,LOW,LOW,LOW,ZERO,LOW,LOW,NORMAL,False,ZERO,NORMAL,HIGH
HIGH,NORMAL,LOW,False,False,False,False,False,NORMAL,NORMAL,LOW,LOW,NORMAL,HIGH,ZERO,NORMAL,HIGH,NORMAL,False,ZERO,NORMAL,HIGH
HIGH,HIGH,HIGH,False,False,False,False,False,HIGH,NORMAL,LOW,HIGH,NORMAL,HIGH,HIGH,HIGH,HIGH,HIGH,False,HIGH,NORMAL,LOW
HIGH,NORMAL,LOW,False,False,False,False,False,NORMAL,NORMAL,LOW,LOW,NORMAL,LOW,ZERO,HIGH,HIGH,NORMAL,False,ZERO,NORMAL,LOW
HIGH,NORMAL,LOW,False,False,False,False,False,NORMAL,NORMAL,LOW,LOW,NORMAL,HIGH,LOW,HIGH,HIGH,NORMAL,False,ZERO,NORMAL,HIGH
HIGH,NORMAL,LOW,False,False,False,False,False,NORMAL,NORMAL,LOW,LOW,NORMAL,HIGH,ZERO,HIGH,HIGH,NORMAL,False,ZERO,NORMAL,HIGH
LOW,NORMAL,LOW,False,True,False,True,False,HIGH,NORMAL,LOW,NORMAL,HIGH,NORMAL,ZERO,LOW,LOW,HIGH,False,ZERO,HIGH,HIGH
HIGH,NORMAL,LOW,False,False,False,False,False,HIGH,NORMAL,LOW,LOW,NORMAL,HIGH,ZERO,NORMAL,HIGH,HIGH,False,ZERO,HIGH,NORMAL
HIGH,NORMAL,LOW,False,False,False,False,False,HIGH,NORMAL,LOW,LOW,NORMAL,LOW,ZERO,HIGH,HIGH,HIGH,False,ZERO,NORMAL,NORMAL
HIGH,NORMAL,LOW,False,False,False,False,True,LOW,NORMAL,LOW,LOW,NORMAL,LOW,ZERO,HIGH,HIGH,LOW,False,ZERO,NORMAL,HIGH
HIGH,NORMAL,LOW,False,False,False,False,False,NORMAL,NORMAL,LOW,LOW,LOW,HIGH,ZERO,HIGH,HIGH,NORMAL,False,ZERO,NORMAL,HIGH
HIGH,NORMAL,LOW,False,False,False,False,False,NORMAL,NORMAL,LOW,LOW,NORMAL,HIGH,ZERO,HIGH,HIGH,NORMAL,False,ZERO,NORMAL,LOW
HIGH,NORMAL,LOW,False,False,True,False,False,NORMAL,NORMAL,LOW,LOW,NORMAL,HIGH,ZERO,NORMAL,NORMAL,LOW,False,ZERO,HIGH,NORMAL
HIGH,NORMAL,LOW,False,False,False,False,False,NORMAL,NORMAL,LOW,LOW,NORMAL,HIGH,ZERO,HIGH,HIGH,NORMAL,False,ZERO,NORMAL,NORMAL
HIGH,NORMAL,LOW,False,False,False,False,False,NORMAL,NORMAL,LOW,LOW,NORMAL,HIGH,ZERO,HIGH,HIGH,NORMAL,False,ZERO,NORMAL,HIGH
HIGH,NORMAL,LOW,False,False,False,False,False,HIGH,NORMAL,LOW,LOW,NORMAL,LOW,ZERO,HIGH,HIGH,HIGH,False,ZERO,NORMAL,HIGH
HIGH,NORMAL,LOW,False,False,False,False,False,NORMAL,NORMAL,LOW,LOW,NORMAL,HIGH,ZERO,HIGH,HIGH,NORMAL,False,ZERO,NORMAL,NORMAL
HIGH,NORMAL,ZERO,False,False,False,False,False,NORMAL,NORMAL,LOW,NORMAL,NORMAL,HIGH,ZERO,HIGH,HIGH,NORMAL,False,ZERO,HIGH,HIGH
LOW,NORMAL,LOW,False,False,False,False,True,LOW,NORMAL,LOW,LOW,NORMAL,LOW,ZERO,HIGH,HIGH,LOW,False,ZERO,NORMAL,HIGH
NORMAL,NORMAL,LOW,False,False,True,False,False,NORMAL,NORMAL,LOW,LOW,NORMAL,HIGH,ZERO,NORMAL,NORMAL,NORMAL,False,ZERO,NORMAL,HIGH
HIGH,NORMAL,LOW,False,False,False,False,False,NORMAL,NORMAL,LOW,LOW,HIGH,HIGH,ZERO,HIGH,HIGH,HIGH,False,ZERO,NORMAL,LOW
HIGH,NORMAL,LOW,False,False,False,True,False,NORMAL,NORMAL,LOW,LOW,NORMAL,HIGH,ZERO,HIGH,HIGH,NORMAL,False,ZERO,NORMAL,HIGH
HIGH,NORMAL,NORMAL,False,False,False,False,False,NORMAL,NORMAL,HIGH,LOW,NORMAL,HIGH,LOW,HIGH,HIGH,NORMAL,False,LOW,HIGH,NORMAL
HIGH,NORMAL,LOW,False,False,False,False,False,NORMAL,NORMAL,LOW,LOW,NORMAL,HIGH,ZERO,HIGH,HIGH,NORMAL,False,ZERO,NORMAL,NORMAL
HIGH,NORMAL,LOW,False,False,False,True,False,HIGH,NORMAL,LOW,LOW,NORMAL,LOW,ZERO,HIGH,HIGH,HIGH,False,ZERO,NORMAL,NORMAL
HIGH,NORMAL,LOW,False,False,False,False,False,NORMAL,ESOPHAGEAL,NORMAL,LOW,NORMAL,HIGH,ZERO,HIGH,HIGH,NORMAL,False,ZERO,NORMAL,NORMAL
LOW,NORMAL,ZERO,False,False,False,False,False,NORMAL,NORMAL,LOW,HIGH,NORMAL,NORMAL,HIGH,LOW,LOW,NORMAL,False,HIGH,NORMAL,HIGH
LOW,NORMAL,LOW,False,False,False,False,False,NORMAL,ONESIDED,NORMAL,LOW,NORMAL,NORMAL,LOW,LOW,LOW,NORMAL,False,LOW,HIGH,HIGH
HIGH,ZERO,ZERO,False,False,False,False,False,NORMAL,NORMAL,LOW,HIGH,NORMAL,HIGH,HIGH,HIGH,HIGH,NORMAL,False,HIGH,HIGH,LOW
HIGH,NORMAL,LOW,False,False,False,False,False,LOW,NORMAL,LOW,HIGH,NORMAL,HIGH,HIGH,HIGH,HIGH,HIGH,False,HIGH,NORMAL,LOW
NORMAL,NORMAL,LOW,False,False,False,False,False,NORMAL,NORMAL,LOW,LOW,NORMAL,LOW,ZERO,HIGH,HIGH,NORMAL,False,ZERO,NORMAL,NORMAL
HIGH,NORMAL,LOW,False,False,False,True,False,LOW,NORMAL,LOW,LOW,NORMAL,HIGH,ZERO,HIGH,HIGH,LOW,False,ZERO,NORMAL,NORMAL
HIGH,NORMAL,LOW,False,False,False,False,False,NORMAL,NORMAL,LOW,LOW,NORMAL,NORMAL,ZERO,HIGH,HIGH,NORMAL,False,ZERO,NORMAL,LOW
HIGH,NORMAL,LOW,False,False,False,False,False,HIGH,NORMAL,LOW,LOW,NORMAL,LOW,ZERO,HIGH,HIGH,HIGH,False,ZERO,NORMAL,NORMAL
LOW,NORMAL,LOW,False,False,True,True,False,HIGH,NORMAL,HIGH,LOW,NORMAL,NORMAL,ZERO,NORMAL,HIGH,HIGH,False,ZERO,NORMAL,NORMAL
LOW,HIGH,HIGH,False,False,False,False,False,NORMAL,NORMAL,LOW,HIGH,NORMAL,NORMAL,HIGH,LOW,LOW,NORMAL,False,HIGH,NORMAL,HIGH
HIGH,NORMAL,LOW,False,False,False,False,False,NORMAL,NORMAL,LOW,LOW,NORMAL,HIGH,ZERO,HIGH,HIGH,NORMAL,False,ZERO,NORMAL,LOW
HIGH,NORMAL,ZERO,False,False,False,False,False,NORMAL,NORMAL,LOW,NORMAL,NORMAL,HIGH,HIGH,HIGH,HIGH,NORMAL,False,HIGH,HIGH,HIGH
HIGH,HIGH,HIGH,False,False,False,False,False,NORMAL,NORMAL,ZERO,HIGH,NORMAL,HIGH,HIGH,HIGH,HIGH,NORMAL,False,HIGH,NORMAL,NORMAL
LOW,NORMAL,ZERO,False,False,False,False,False,HIGH,NORMAL,LOW,HIGH,NORMAL,NORMAL,HIGH,LOW,LOW,HIGH,False,HIGH,NORMAL,HIGH
LOW,LOW,ZERO,False,False,False,False,False,NORMAL,NORMAL,ZERO,LOW,NORMAL,LOW,LOW,LOW,LOW,NORMAL,False,NORMAL,NORMAL,HIGH
HIGH,NORMAL,LOW,False,False,False,False,False,NORMAL,NORMAL,LOW,LOW,NORMAL,HIGH,ZERO,HIGH,HIGH,NORMAL,False,ZERO,NORMAL,NORMAL
HIGH,NORMAL,LOW,False,False,False,True,False,HIGH,NORMAL,LOW,LOW,HIGH,HIGH,ZERO,HIGH,HIGH,LOW,False,ZERO,NORMAL,NORMAL
HIGH,NORMAL,LOW,False,False,False,False,False,NORMAL,NORMAL,LOW,LOW,NORMAL,HIGH,ZERO,HIGH,HIGH,NORMAL,True,ZERO,NORMAL,NORMAL
HIGH,NORMAL,ZERO,False,False,False,False,False,HIGH,NORMAL,LOW,LOW,NORMAL,NORMAL,ZERO,HIGH,HIGH,HIGH,False,ZERO,NORMAL,NORMAL
HIGH,NORMAL,LOW,False,False,False,False,False,HIGH,NORMAL,LOW,LOW,NORMAL,LOW,ZERO,HIGH,HIGH,HIGH,False,ZERO,NORMAL,HIGH
HIGH,NORMAL,LOW,False,False,False,False,False,NORMAL,NORMAL,LOW,LOW,HIGH,HIGH,ZERO,HIGH,HIGH,NORMAL,False,ZERO,NORMAL,NORMAL
HIGH,ZERO,ZERO,False,False,False,False,False,NORMAL,NORMAL,ZERO,HIGH,NORMAL,HIGH,HIGH,HIGH,HIGH,NORMAL,False,HIGH,NORMAL,LOW
HIGH,NORMAL,LOW,False,False,False,False,True,LOW,NORMAL,LOW,LOW,NORMAL,LOW,ZERO,HIGH,HIGH,LOW,False,ZERO,NORMAL,LOW
HIGH,HIGH,NORMAL,False,False,False,False,False,NORMAL,NORMAL,HIGH,LOW,NORMAL,HIGH,LOW,HIGH,HIGH,NORMAL,False,LOW,NORMAL,HIGH
HIGH,NORMAL,LOW,False,False,False,False,False,NORMAL,NORMAL,LOW,LOW,NORMAL,HIGH,ZERO,HIGH,HIGH,NORMAL,False,ZERO,NORMAL,NORMAL
HIGH,NORMAL,LOW,False,False,False,False,False,NORMAL,NORMAL,LOW,LOW,NORMAL,HIGH,ZERO,HIGH,HIGH,NORMAL,False,ZERO,NORMAL,NORMAL
HIGH,NORMAL,LOW,False,False,False,True,False,NORMAL,NORMAL,LOW,LOW,NORMAL,HIGH,ZERO,NORMAL,HIGH,NORMAL,False,ZERO,NORMAL,LOW
HIGH,LOW,ZERO,False,False,False,True,False,NORMAL,NORMAL,LOW,LOW,NORMAL,HIGH,ZERO,HIGH,HIGH,NORMAL,False,ZERO,NORMAL,NORMAL
HIGH,LOW,ZERO,False,False,False,False,False,NORMAL,ESOPHAGEAL,LOW,LOW,NORMAL,HIGH,LOW,HIGH,HIGH,NORMAL,False,LOW,HIGH,HIGH
HIGH,LOW,ZERO,False,False,True,False,False,NORMAL,NORMAL,LOW,LOW,NORMAL,HIGH,ZERO,NORMAL,NORMAL,NORMAL,True,ZERO,NORMAL,NORMAL
LOW,NORMAL,LOW,False,False,False,False,False,NORMAL,NORMAL,LOW,LOW,LOW,HIGH,ZERO,HIGH,HIGH,NORMAL,False,ZERO,NORMAL,NORMAL
HIGH,NORMAL,LOW,False,False,False,False,False,NORMAL,NORMAL,LOW,LOW,NORMAL,HIGH,ZERO,HIGH,HIGH,NORMAL,False,ZERO,NORMAL,NORMAL
HIGH,NORMAL,ZERO,False,False,False,False,False,HIGH,ESOPHAGEAL,LOW,LOW,NORMAL,LOW,LOW,HIGH,HIGH,HIGH,False,LOW,HIGH,NORMAL
LOW,NORMAL,LOW,False,False,False,False,False,NORMAL,NORMAL,LOW,LOW,NORMAL,HIGH,ZERO,HIGH,HIGH,NORMAL,False,ZERO,NORMAL,LOW
HIGH,NORMAL,LOW,False,False,True,False,False,HIGH,NORMAL,LOW,LOW,NORMAL,HIGH,ZERO,NORMAL,NORMAL,HIGH,False,ZERO,NORMAL,NORMAL
HIGH,NORMAL,ZERO,False,False,False,False,False,NORMAL,NORMAL,LOW,LOW,NORMAL,HIGH,ZERO,HIGH,HIGH,NORMAL,True,ZERO,NORMAL,HIGH
HIGH,NORMAL,LOW,False,False,False,False,False,NORMAL,NORMAL,LOW,LOW,NORMAL,HIGH,ZERO,HIGH,HIGH,NORMAL,False,ZERO,NORMAL,HIGH
LOW,NORMAL,LOW,False,False,False,False,False,HIGH,ONESIDED,LOW,NORMAL,NORMAL,LOW,NORMAL,LOW,LOW,HIGH,False,NORMAL,HIGH,NORMAL
HIGH,NORMAL,LOW,False,False,False,False,False,NORMAL,NORMAL,LOW,LOW,NORMAL,HIGH,ZERO,HIGH,HIGH,NORMAL,False,ZERO,NORMAL,LOW
HIGH,NORMAL,LOW,False,False,False,False,False,NORMAL,NORMAL,LOW,LOW,NORMAL,LOW,ZERO,HIGH,HIGH,LOW,False,ZERO,NORMAL,NORMAL
HIGH,NORMAL,LOW,False,False,False,False,False,HIGH,NORMAL,LOW,LOW,NORMAL,HIGH,ZERO,HIGH,HIGH,HIGH,False,ZERO,NORMAL,NORMAL
HIGH,LOW,ZERO,False,False,False,True,False,NORMAL,NORMAL,LOW,HIGH,NORMAL,HIGH,HIGH,HIGH,HIGH,NORMAL,False,HIGH,NORMAL,NORMAL
HIGH,NORMAL,ZERO,False,False,False,False,False,HIGH,NORMAL,LOW,LOW,NORMAL,HIGH,ZERO,HIGH,HIGH,HIGH,True,ZERO,NORMAL,HIGH
HIGH,NORMAL,ZERO,False,False,True,False,False,NORMAL,ONESIDED,LOW,LOW,NORMAL,HIGH,NORMAL,NORMAL,NORMAL,NORMAL,True,NORMAL,HIGH,NORMAL
HIGH,LOW,ZERO,False,False,False,False,False,NORMAL,NORMAL,LOW,LOW,NORMAL,HIGH,ZERO,HIGH,HIGH,NORMAL,False,ZERO,NORMAL,NORMAL
HIGH,NORMAL,LOW,False,False,False,False,False,NORMAL,NORMAL,LOW,LOW,NORMAL,HIGH,ZERO,HIGH,HIGH,NORMAL,False,ZERO,NORMAL,HIGH
HIGH,NORMAL,LOW,False,False,False,False,False,NORMAL,NORMAL,LOW,LOW,NORMAL,HIGH,ZERO,HIGH,HIGH,NORMAL,False,ZERO,NORMAL,HIGH
HIGH,ZERO,ZERO,False,False,False,False,False,NORMAL,NORMAL,LOW,LOW,NORMAL,HIGH,ZERO,HIGH,HIGH,NORMAL,False,ZERO,NORMAL,NORMAL
HIGH,ZERO,ZERO,False,False,False,True,False,NORMAL,NORMAL,LOW,LOW,NORMAL,HIGH,ZERO,HIGH,HIGH,LOW,False,ZERO,NORMAL,HIGH
LOW,LOW,ZERO,False,False,False,False,False,NORMAL,NORMAL,LOW,HIGH,NORMAL,NORMAL,HIGH,LOW,NORMAL,NORMAL,False,HIGH,NORMAL,LOW
HIGH,NORMAL,ZERO,False,False,False,False,False,NORMAL,NORMAL,LOW,LOW,NORMAL,HIGH,ZERO,HIGH,HIGH,NORMAL,False,ZERO,NORMAL,NORMAL
NORMAL,NORMAL,LOW,False,False,False,False,False,NORMAL,NORMAL,LOW,LOW,NORMAL,HIGH,ZERO,HIGH,HIGH,NORMAL,False,ZERO,NORMAL,HIGH
HIGH,NORMAL,LOW,False,False,False,False,True,LOW,NORMAL,LOW,LOW,NORMAL,LOW,ZERO,HIGH,HIGH,LOW,False,ZERO,HIGH,LOW
HIGH,ZERO,ZERO,False,False,False,False,False,HIGH,NORMAL,LOW,LOW,NORMAL,LOW,ZERO,HIGH,HIGH,HIGH,False,ZERO,NORMAL,LOW
LOW,NORMAL,LOW,False,False,False,False,False,HIGH,NORMAL,LOW,HIGH,NORMAL,NORMAL,ZERO,LOW,LOW,HIGH,False,HIGH,NORMAL,HIGH
HIGH,LOW,ZERO,False,False,False,False,False,NORMAL,NORMAL,LOW,HIGH,NORMAL,HIGH,HIGH,HIGH,HIGH,NORMAL,False,HIGH,NORMAL,LOW
HIGH,LOW,ZERO,False,False,False,False,False,NORMAL,NORMAL,LOW,HIGH,NORMAL,HIGH,HIGH,HIGH,HIGH,NORMAL,False,HIGH,HIGH,NORMAL
LOW,LOW,ZERO,False,False,False,False,True,LOW,NORMAL,LOW,HIGH,NORMAL,LOW,HIGH,LOW,LOW,LOW,False,HIGH,NORMAL,HIGH
HIGH,NORMAL,LOW,False,False,False,False,False,HIGH,NORMAL,LOW,LOW,NORMAL,NORMAL,ZERO,HIGH,HIGH,HIGH,False,ZERO,NORMAL,HIGH
LOW,NORMAL,LOW,False,False,False,False,False,NORMAL,ESOPHAGEAL,NORMAL,LOW,NORMAL,NORMAL,ZERO,LOW,LOW,NORMAL,False,ZERO,HIGH,NORMAL
HIGH,NORMAL,LOW,False,False,False,False,False,NORMAL,NORMAL,LOW,LOW,HIGH,HIGH,ZERO,HIGH,HIGH,NORMAL,False,ZERO,NORMAL,LOW
LOW,NORMAL,ZERO,False,False,False,False,False,HIGH,NORMAL,ZERO,HIGH,HIGH,NORMAL,HIGH,LOW,LOW,HIGH,False,HIGH,NORMAL,HIGH
HIGH,NORMAL,ZERO,False,False,False,False,False,NORMAL,NORMAL,LOW,LOW,NORMAL,HIGH,ZERO,HIGH,HIGH,HIGH,False,ZERO,NORMAL,HIGH
HIGH,NORMAL,HIGH,False,False,False,False,False,NORMAL,ONESIDED,HIGH,LOW,LOW,LOW,HIGH,HIGH,HIGH,NORMAL,False,LOW,HIGH,NORMAL
HIGH,NORMAL,ZERO,False,False,False,False,False,NORMAL,NORMAL,LOW,HIGH,NORMAL,HIGH,HIGH,HIGH,HIGH,NORMAL,False,HIGH,NORMAL,NORMAL
HIGH,NORMAL,LOW,False,False,False,False,False,NORMAL,NORMAL,LOW,LOW,NORMAL,HIGH,ZERO,HIGH,HIGH,NORMAL,False,ZERO,NORMAL,NORMAL
HIGH,ZERO,ZERO,False,False,False,False,True,LOW,NORMAL,LOW,LOW,NORMAL,LOW,ZERO,HIGH,HIGH,LOW,False,ZERO,NORMAL,NORMAL
HIGH,NORMAL,LOW,False,False,True,False,False,NORMAL,NORMAL,LOW,LOW,NORMAL,HIGH,ZERO,NORMAL,NORMAL,NORMAL,False,ZERO,NORMAL,NORMAL
HIGH,NORMAL,LOW,False,False,False,False,False,HIGH,NORMAL,LOW,LOW,NORMAL,LOW,ZERO,HIGH,HIGH,HIGH,False,ZERO,NORMAL,HIGH
HIGH,NORMAL,LOW,False,False,False,False,False,NORMAL,NORMAL,LOW,LOW,NORMAL,HIGH,ZERO,LOW,HIGH,NORMAL,False,ZERO,NORMAL,NORMAL
HIGH,HIGH,NORMAL,False,False,False,False,False,NORMAL,NORMAL,HIGH,LOW,NORMAL,HIGH,LOW,HIGH,HIGH,NORMAL,False,LOW,NORMAL,NORMAL
HIGH,NORMAL,ZERO,False,False,True,False,False,NORMAL,NORMAL,LOW,LOW,NORMAL,HIGH,ZERO,NORMAL,NORMAL,NORMAL,False,ZERO,NORMAL,LOW
HIGH,NORMAL,LOW,False,False,False,False,False,NORMAL,NORMAL,LOW,LOW,NORMAL,LOW,ZERO,HIGH,HIGH,NORMAL,False,ZERO,NORMAL,NORMAL
HIGH,NORMAL,LOW,False,False,False,False,False,HIGH,NORMAL,LOW,LOW,NORMAL,HIGH,ZERO,HIGH,HIGH,HIGH,False,ZERO,NORMAL,HIGH
LOW,NORMAL,LOW,False,False,False,False,False,NORMAL,NORMAL,LOW,LOW,NORMAL,HIGH,ZERO,HIGH,HIGH,NORMAL,False,ZERO,NORMAL,NORMAL
HIGH,NORMAL,LOW,False,False,False,False,False,NORMAL,NORMAL,LOW,LOW,LOW,HIGH,ZERO,HIGH,HIGH,NORMAL,False,ZERO,NORMAL,NORMAL
HIGH,NORMAL,LOW,False,False,False,False,False,HIGH,NORMAL,LOW,LOW,NORMAL,HIGH,ZERO,HIGH,HIGH,HIGH,False,ZERO,NORMAL,LOW
LOW,ZERO,ZERO,False,False,False,False,False,NORMAL,NORMAL,LOW,HIGH,NORMAL,NORMAL,HIGH,LOW,LOW,NORMAL,False,HIGH,NORMAL,HIGH
HIGH,NORMAL,LOW,False,False,False,False,False,HIGH,NORMAL,LOW,LOW,NORMAL,HIGH,ZERO,HIGH,HIGH,HIGH,False,ZERO,NORMAL,LOW
HIGH,NORMAL,LOW,False,False,False,False,False,NORMAL,NORMAL,LOW,LOW,NORMAL,HIGH,ZERO,HIGH,HIGH,LOW,False,ZERO,NORMAL,LOW
HIGH,NORMAL,LOW,False,False,False,False,False,NORMAL,NORMAL,LOW,LOW,NORMAL,HIGH,ZERO,HIGH,HIGH,NORMAL,False,ZERO,NORMAL,LOW
HIGH,NORMAL,LOW,False,False,True,False,False,HIGH,NORMAL,LOW,LOW,NORMAL,HIGH,ZERO,NORMAL,NORMAL,HIGH,False,ZERO,NORMAL,HIGH
HIGH,NORMAL,LOW,False,False,False,False,False,NORMAL,NORMAL,LOW,LOW,HIGH,NORMAL,ZERO,HIGH,HIGH,NORMAL,False,ZERO,NORMAL,HIGH
HIGH,NORMAL,LOW,False,False,False,True,False,HIGH,NORMAL,LOW,LOW,NORMAL,HIGH,ZERO,HIGH,HIGH,HIGH,False,ZERO,NORMAL,HIGH
NORMAL,NORMAL,LOW,True,False,False,False,False,NORMAL,NORMAL,LOW,LOW,LOW,HIGH,ZERO,HIGH,HIGH,NORMAL,False,ZERO,NORMAL,LOW
LOW,NORMAL,LOW,False,False,False,False,False,NORMAL,NORMAL,LOW,LOW,NORMAL,NORMAL,ZERO,LOW,LOW,NORMAL,False,ZERO,NORMAL,LOW
HIGH,NORMAL,LOW,False,False,False,False,False,NORMAL,NORMAL,LOW,LOW,NORMAL,HIGH,ZERO,HIGH,HIGH,LOW,False,ZERO,NORMAL,LOW
HIGH,NORMAL,LOW,False,False,False,False,False,NORMAL,NORMAL,LOW,LOW,NORMAL,HIGH,ZERO,HIGH,HIGH,NORMAL,False,ZERO,NORMAL,LOW
HIGH,NORMAL,LOW,False,False,False,False,False,HIGH,NORMAL,LOW,LOW,NORMAL,LOW,ZERO,HIGH,HIGH,HIGH,False,ZERO,NORMAL,LOW
LOW,NORMAL,LOW,False,False,False,False,False,NORMAL,NORMAL,LOW,LOW,NORMAL,NORMAL,ZERO,LOW,LOW,NORMAL,False,ZERO,NORMAL,LOW
HIGH,NORMAL,LOW,False,False,False,True,False,NORMAL,NORMAL,LOW,LOW,NORMAL,HIGH,ZERO,HIGH,HIGH,NORMAL,False,ZERO,NORMAL,NORMAL
HIGH,NORMAL,ZERO,False,False,False,False,False,NORMAL,NORMAL,LOW,LOW,NORMAL,HIGH,ZERO,HIGH,HIGH,NORMAL,True,ZERO,NORMAL,NORMAL
LOW,NORMAL,LOW,False,False,False,False,False,NORMAL,NORMAL,LOW,LOW,NORMAL,LOW,ZERO,LOW,LOW,NORMAL,False,ZERO,NORMAL,NORMAL
HIGH,NORMAL,LOW,False,False,False,False,False,NORMAL,NORMAL,LOW,LOW,NORMAL,HIGH,ZERO,HIGH,HIGH,NORMAL,False,ZERO,NORMAL,HIGH
HIGH,NORMAL,LOW,False,False,False,False,False,HIGH,NORMAL,LOW,LOW,NORMAL,HIGH,ZERO,HIGH,HIGH,HIGH,False,ZERO,NORMAL,LOW
HIGH,NORMAL,ZERO,False,False,False,False,False,NORMAL,NORMAL,LOW,HIGH,NORMAL,HIGH,HIGH,HIGH,HIGH,NORMAL,False,HIGH,NORMAL,NORMAL
HIGH,NORMAL,LOW,False,False,False,False,False,NORMAL,NORMAL,LOW,LOW,NORMAL,HIGH,ZERO,HIGH,HIGH,NORMAL,False,ZERO,NORMAL,NORMAL
HIGH,NORMAL,ZERO,False,False,False,False,False,NORMAL,NORMAL,LOW,HIGH,NORMAL,HIGH,HIGH,HIGH,HIGH,NORMAL,False,HIGH,NORMAL,LOW
HIGH,NORMAL,LOW,False,False,False,False,False,NORMAL,ONESIDED,NORMAL,LOW,NORMAL,HIGH,LOW,HIGH,HIGH,NORMAL,False,LOW,HIGH,LOW
HIGH,NORMAL,LOW,False,False,False,False,False,LOW,NORMAL,LOW,LOW,LOW,HIGH,ZERO,HIGH,HIGH,LOW,False,ZERO,NORMAL,LOW
HIGH,NORMAL,ZERO,False,False,False,False,False,NORMAL,NORMAL,ZERO,HIGH,NORMAL,HIGH,ZERO,HIGH,HIGH,NORMAL,False,HIGH,HIGH,NORMAL
HIGH,NORMAL,LOW,False,False,False,False,False,NORMAL,NORMAL,LOW,LOW,LOW,HIGH,ZERO,HIGH,HIGH,NORMAL,False,ZERO,NORMAL,LOW
HIGH,NORMAL,LOW,False,False,False,False,False,LOW,NORMAL,LOW,LOW,NORMAL,HIGH,ZERO,HIGH,HIGH,NORMAL,False,ZERO,NORMAL,NORMAL
HIGH,NORMAL,LOW,False,False,False,True,False,NORMAL,NORMAL,LOW,LOW,NORMAL,HIGH,ZERO,HIGH,HIGH,NORMAL,False,ZERO,NORMAL,NORMAL
HIGH,ZERO,ZERO,False,False,False,False,False,NORMAL,NORMAL,LOW,HIGH,NORMAL,HIGH,HIGH,HIGH,HIGH,NORMAL,False,HIGH,NORMAL,NORMAL
HIGH,NORMAL,LOW,False,False,False,False,False,NORMAL,NORMAL,LOW,LOW,NORMAL,HIGH,ZERO,HIGH,HIGH,NORMAL,False,ZERO,NORMAL,LOW
HIGH,LOW,ZERO,False,False,False,False,False,NORMAL,NORMAL,LOW,HIGH,NORMAL,HIGH,HIGH,HIGH,HIGH,NORMAL,False,HIGH,NORMAL,NORMAL
LOW,NORMAL,LOW,False,False,False,False,False,NORMAL,NORMAL,LOW,LOW,LOW,NORMAL,ZERO,LOW,LOW,NORMAL,False,ZERO,NORMAL,HIGH
HIGH,NORMAL,LOW,False,False,False,False,False,NORMAL,NORMAL,ZERO,LOW,NORMAL,HIGH,ZERO,HIGH,HIGH,NORMAL,False,ZERO,NORMAL,LOW
HIGH,NORMAL,LOW,False,False,False,True,False,HIGH,NORMAL,LOW,LOW,NORMAL,LOW,ZERO,HIGH,NORMAL,HIGH,False,ZERO,NORMAL,LOW
LOW,NORMAL,LOW,False,False,False,False,False,NORMAL,NORMAL,LOW,HIGH,NORMAL,NORMAL,HIGH,LOW,LOW,NORMAL,True,HIGH,NORMAL,NORMAL
NORMAL,NORMAL,LOW,False,False,False,False,False,NORMAL,NORMAL,LOW,LOW,NORMAL,HIGH,ZERO,HIGH,HIGH,NORMAL,False,ZERO,NORMAL,NORMAL
HIGH,NORMAL,LOW,False,False,False,False,False,NORMAL,NORMAL,LOW,LOW,NORMAL,HIGH,ZERO,HIGH,HIGH,NORMAL,False,ZERO,HIGH,LOW
LOW,HIGH,HIGH,False,False,False,False,False,NORMAL,ESOPHAGEAL,NORMAL,HIGH,NORMAL,NORMAL,ZERO,LOW,LOW,NORMAL,False,HIGH,NORMAL,NORMAL
LOW,NORMAL,LOW,False,False,False,False,True,LOW,NORMAL,LOW,LOW,NORMAL,LOW,ZERO,LOW,HIGH,LOW,False,ZERO,NORMAL,NORMAL
HIGH,NORMAL,LOW,False,False,False,False,True,LOW,NORMAL,LOW,LOW,HIGH,LOW,ZERO,HIGH,HIGH,LOW,False,ZERO,NORMAL,NORMAL
HIGH,NORMAL,LOW,False,False,False,True,False,NORMAL,NORMAL,LOW,LOW,NORMAL,HIGH,ZERO,HIGH,HIGH,NORMAL,False,ZERO,NORMAL,NORMAL
HIGH,NORMAL,LOW,False,False,False,False,False,HIGH,NORMAL,LOW,LOW,NORMAL,LOW,ZERO,HIGH,HIGH,HIGH,False,ZERO,NORMAL,HIGH
HIGH,NORMAL,LOW,False,False,False,True,False,NORMAL,ESOPHAGEAL,LOW,LOW,NORMAL,HIGH,LOW,HIGH,HIGH,NORMAL,False,LOW,NORMAL,NORMAL
HIGH,HIGH,HIGH,False,False,False,False,False,NORMAL,NORMAL,LOW,HIGH,NORMAL,HIGH,HIGH,HIGH,HIGH,NORMAL,False,HIGH,NORMAL,HIGH
HIGH,NORMAL,LOW,False,False,False,False,False,NORMAL,NORMAL,LOW,HIGH,NORMAL,NORMAL,HIGH,HIGH,HIGH,NORMAL,False,HIGH,NORMAL,NORMAL
HIGH,NORMAL,LOW,False,False,True,False,False,NORMAL,NORMAL,LOW,LOW,NORMAL,HIGH,ZERO,NORMAL,NORMAL,NORMAL,False,ZERO,NORMAL,HIGH
HIGH,NORMAL,LOW,False,False,False,False,False,NORMAL,NORMAL,LOW,LOW,NORMAL,HIGH,ZERO,HIGH,HIGH,HIGH,False,ZERO,NORMAL,NORMAL
LOW,NORMAL,LOW,False,False,True,False,False,NORMAL,NORMAL,LOW,LOW,NORMAL,NORMAL,ZERO,NORMAL,NORMAL,NORMAL,False,ZERO,NORMAL,NORMAL
LOW,NORMAL,LOW,False,False,True,False,False,NORMAL,NORMAL,LOW,LOW,NORMAL,NORMAL,ZERO,HIGH,LOW,NORMAL,False,ZERO,NORMAL,HIGH
LOW,NORMAL,LOW,False,False,False,False,False,HIGH,NORMAL,LOW,LOW,NORMAL,NORMAL,ZERO,LOW,LOW,NORMAL,False,ZERO,NORMAL,HIGH
HIGH,NORMAL,LOW,False,False,True,False,False,NORMAL,NORMAL,LOW,LOW,LOW,HIGH,ZERO,NORMAL,NORMAL,NORMAL,False,ZERO,NORMAL,NORMAL
LOW,NORMAL,LOW,False,False,False,False,False,LOW,NORMAL,LOW,LOW,NORMAL,NORMAL,ZERO,LOW,LOW,LOW,False,ZERO,NORMAL,LOW
HIGH,NORMAL,LOW,False,True,False,False,False,HIGH,NORMAL,LOW,LOW,HIGH,LOW,ZERO,HIGH,HIGH,HIGH,False,ZERO,HIGH,NORMAL
HIGH,NORMAL,LOW,False,False,False,False,False,NORMAL,NORMAL,LOW,LOW,NORMAL,HIGH,ZERO,HIGH,HIGH,NORMAL,False,ZERO,NORMAL,NORMAL
LOW,NORMAL,ZERO,False,False,False,False,True,LOW,NORMAL,LOW,HIGH,NORMAL,LOW,HIGH,LOW,LOW,LOW,False,HIGH,NORMAL,LOW
LOW,NORMAL,LOW,False,False,False,False,False,NORMAL,NORMAL,LOW,LOW,NORMAL,NORMAL,ZERO,LOW,LOW,NORMAL,False,ZERO,NORMAL,HIGH
HIGH,NORMAL,LOW,False,False,False,False,False,NORMAL,NORMAL,LOW,LOW,NORMAL,HIGH,ZERO,HIGH,HIGH,NORMAL,False,ZERO,NORMAL,NORMAL
HIGH,NORMAL,LOW,False,False,False,False,False,NORMAL,NORMAL,LOW,LOW,HIGH,HIGH,ZERO,HIGH,HIGH,NORMAL,False,ZERO,NORMAL,NORMAL
HIGH,NORMAL,LOW,False,False,False,False,True,LOW,NORMAL,LOW,LOW,NORMAL,LOW,ZERO,HIGH,HIGH,LOW,False,ZERO,HIGH,HIGH
HIGH,NORMAL,LOW,False,False,True,False,False,NORMAL,NORMAL,LOW,LOW,NORMAL,HIGH,ZERO,NORMAL,NORMAL,NORMAL,False,ZERO,NORMAL,HIGH
HIGH,NORMAL,LOW,False,False,False,False,False,HIGH,NORMAL,LOW,NORMAL,NORMAL,LOW,HIGH,HIGH,HIGH,HIGH,False,ZERO,NORMAL,LOW
LOW,NORMAL,LOW,False,False,False,False,False,NORMAL,NORMAL,LOW,LOW,HIGH,NORMAL,ZERO,LOW,LOW,NORMAL,False,ZERO,NORMAL,NORMAL
LOW,NORMAL,LOW,False,False,False,False,False,NORMAL,NORMAL,LOW,LOW,HIGH,NORMAL,ZERO,LOW,LOW,NORMAL,False,ZERO,NORMAL,LOW
HIGH,NORMAL,LOW,False,False,False,True,False,HIGH,NORMAL,LOW,LOW,NORMAL,HIGH,ZERO,HIGH,HIGH,HIGH,False,ZERO,NORMAL,LOW
HIGH,NORMAL,LOW,False,False,False,True,False,NORMAL,NORMAL,LOW,LOW,NORMAL,HIGH,ZERO,HIGH,HIGH,NORMAL,False,ZERO,NORMAL,NORMAL
HIGH,NORMAL,LOW,False,False,False,False,False,NORMAL,NORMAL,LOW,LOW,NORMAL,HIGH,ZERO,HIGH,HIGH,NORMAL,False,ZERO,NORMAL,HIGH
HIGH,NORMAL,LOW,False,False,True,False,False,NORMAL,NORMAL,LOW,LOW,NORMAL,HIGH,ZERO,NORMAL,NORMAL,LOW,False,ZERO,NORMAL,HIGH
LOW,NORMAL,LOW,False,False,False,False,False,NORMAL,NORMAL,LOW,LOW,NORMAL,NORMAL,ZERO,LOW,LOW,NORMAL,False,ZERO,HIGH,HIGH
LOW,NORMAL,ZERO,False,False,False,False,False,HIGH,NORMAL,LOW,HIGH,NORMAL,NORMAL,HIGH,HIGH,LOW,HIGH,False,HIGH,NORMAL,NORMAL
NORMAL,NORMAL,LOW,False,False,False,True,False,NORMAL,NORMAL,LOW,LOW,NORMAL,HIGH,ZERO,HIGH,HIGH,NORMAL,False,ZERO,NORMAL,LOW
HIGH,NORMAL,LOW,False,False,False,False,False,HIGH,NORMAL,LOW,LOW,NORMAL,HIGH,ZERO,HIGH,HIGH,HIGH,False,ZERO,NORMAL,NORMAL
HIGH,NORMAL,LOW,False,False,False,False,False,HIGH,NORMAL,LOW,NORMAL,NORMAL,LOW,ZERO,HIGH,HIGH,HIGH,True,ZERO,NORMAL,LOW
LOW,NORMAL,LOW,False,False,False,False,False,NORMAL,NORMAL,LOW,LOW,NORMAL,NORMAL,ZERO,LOW,LOW,NORMAL,False,ZERO,NORMAL,HIGH
HIGH,NORMAL,LOW,False,False,True,False,False,NORMAL,ESOPHAGEAL,NORMAL,LOW,NORMAL,HIGH,ZERO,NORMAL,NORMAL,NORMAL,False,ZERO,NORMAL,HIGH
HIGH,NORMAL,LOW,False,False,False,False,False,NORMAL,NORMAL,LOW,LOW,NORMAL,HIGH,ZERO,HIGH,HIGH,NORMAL,False,ZERO,NORMAL,NORMAL
LOW,NORMAL,HIGH,False,False,True,False,False,NORMAL,ESOPHAGEAL,NORMAL,HIGH,LOW,NORMAL,ZERO,LOW,NORMAL,NORMAL,False,HIGH,NORMAL,HIGH
NORMAL,NORMAL,LOW,False,False,False,False,False,NORMAL,NORMAL,LOW,LOW,NORMAL,HIGH,ZERO,HIGH,HIGH,NORMAL,False,ZERO,NORMAL,HIGH
HIGH,NORMAL,LOW,False,False,False,False,False,NORMAL,NORMAL,LOW,LOW,NORMAL,NORMAL,LOW,HIGH,HIGH,NORMAL,False,ZERO,NORMAL,NORMAL
HIGH,NORMAL,LOW,False,False,False,False,False,NORMAL,NORMAL,LOW,LOW,NORMAL,HIGH,ZERO,HIGH,HIGH,NORMAL,False,ZERO,NORMAL,LOW
HIGH,NORMAL,LOW,False,False,False,False,False,HIGH,NORMAL,LOW,LOW,NORMAL,LOW,ZERO,HIGH,HIGH,HIGH,False,ZERO,NORMAL,LOW
HIGH,NORMAL,LOW,False,False,False,False,False,NORMAL,NORMAL,LOW,LOW,NORMAL,HIGH,ZERO,HIGH,HIGH,NORMAL,False,ZERO,HIGH,NORMAL
HIGH,NORMAL,LOW,False,False,False,False,False,HIGH,NORMAL,LOW,LOW,NORMAL,HIGH,ZERO,HIGH,HIGH,HIGH,False,ZERO,NORMAL,NORMAL
LOW,NORMAL,LOW,False,False,False,False,False,NORMAL,NORMAL,LOW,LOW,NORMAL,NORMAL,ZERO,LOW,LOW,NORMAL,False,ZERO,NORMAL,HIGH
NORMAL,NORMAL,LOW,False,False,False,False,False,HIGH,NORMAL,LOW,LOW,NORMAL,HIGH,ZERO,HIGH,HIGH,HIGH,False,ZERO,NORMAL,LOW
HIGH,NORMAL,LOW,False,False,False,False,False,NORMAL,NORMAL,LOW,LOW,NORMAL,HIGH,ZERO,HIGH,HIGH,NORMAL,False,ZERO,NORMAL,HIGH
HIGH,NORMAL,LOW,False,False,False,False,False,HIGH,NORMAL,LOW,LOW,NORMAL,LOW,ZERO,HIGH,HIGH,HIGH,False,ZERO,NORMAL,LOW
HIGH,NORMAL,LOW,False,False,False,False,False,HIGH,ESOPHAGEAL,LOW,LOW,NORMAL,LOW,LOW,HIGH,HIGH,HIGH,False,LOW,NORMAL,LOW
LOW,NORMAL,LOW,False,False,False,False,False,HIGH,NORMAL,LOW,LOW,NORMAL,LOW,NORMAL,LOW,LOW,HIGH,False,ZERO,NORMAL,HIGH
HIGH,NORMAL,LOW,True,False,False,False,False,NORMAL,NORMAL,LOW,LOW,NORMAL,HIGH,ZERO,HIGH,HIGH,NORMAL,False,LOW,NORMAL,LOW
HIGH,NORMAL,LOW,False,True,False,False,True,LOW,NORMAL,LOW,LOW,HIGH,LOW,ZERO,HIGH,HIGH,LOW,False,ZERO,NORMAL,HIGH
HIGH,ZERO,ZERO,False,False,False,False,False,NORMAL,NORMAL,LOW,HIGH,NORMAL,HIGH,HIGH,HIGH,HIGH,NORMAL,False,HIGH,NORMAL,NORMAL
LOW,ZERO,ZERO,False,False,False,False,False,NORMAL,NORMAL,LOW,HIGH,NORMAL,NORMAL,HIGH,LOW,LOW,NORMAL,False,HIGH,NORMAL,LOW
NORMAL,HIGH,HIGH,False,False,False,False,False,NORMAL,NORMAL,LOW,NORMAL,NORMAL,HIGH,HIGH,HIGH,HIGH,NORMAL,False,HIGH,NORMAL,NORMAL
HIGH,NORMAL,LOW,False,False,False,False,False,NORMAL,NORMAL,LOW,LOW,NORMAL,HIGH,ZERO,HIGH,HIGH,NORMAL,False,LOW,NORMAL,NORMAL
HIGH,NORMAL,HIGH,False,False,False,False,False,HIGH,NORMAL,LOW,HIGH,NORMAL,HIGH,HIGH,HIGH,HIGH,HIGH,False,HIGH,NORMAL,NORMAL
HIGH,NORMAL,LOW,False,False,False,False,True,LOW,NORMAL,LOW,LOW,NORMAL,LOW,ZERO,HIGH,HIGH,LOW,False,ZERO,NORMAL,LOW
HIGH,NORMAL,LOW,False,False,False,True,False,NORMAL,NORMAL,LOW,LOW,NORMAL,HIGH,ZERO,HIGH,HIGH,NORMAL,False,ZERO,HIGH,HIGH
HIGH,NORMAL,LOW,False,False,False,False,False,HIGH,NORMAL,LOW,LOW,NORMAL,LOW,ZERO,HIGH,HIGH,HIGH,False,ZERO,NORMAL,LOW
HIGH,NORMAL,LOW,False,False,False,False,False,LOW,ONESIDED,HIGH,LOW,HIGH,LOW,NORMAL,HIGH,HIGH,NORMAL,False,NORMAL,HIGH,LOW
LOW,NORMAL,ZERO,False,False,False,False,False,NORMAL,NORMAL,ZERO,HIGH,NORMAL,NORMAL,HIGH,LOW,LOW,NORMAL,False,HIGH,NORMAL,HIGH
HIGH,NORMAL,LOW,True,False,False,False,False,NORMAL,NORMAL,LOW,LOW,NORMAL,LOW,ZERO,HIGH,HIGH,NORMAL,False,ZERO,NORMAL,LOW
HIGH,NORMAL,LOW,False,False,True,False,False,NORMAL,NORMAL,LOW,LOW,NORMAL,HIGH,ZERO,NORMAL,NORMAL,NORMAL,False,ZERO,NORMAL,LOW
HIGH,ZERO,ZERO,False,False,False,True,False,HIGH,NORMAL,LOW,HIGH,NORMAL,HIGH,HIGH,HIGH,HIGH,HIGH,False,HIGH,NORMAL,LOW
HIGH,NORMAL,LOW,False,False,True,False,False,NORMAL,NORMAL,LOW,LOW,NORMAL,HIGH,ZERO,NORMAL,NORMAL,NORMAL,False,ZERO,HIGH,LOW
HIGH,NORMAL,LOW,False,False,False,False,False,HIGH,NORMAL,LOW,LOW,NORMAL,LOW,ZERO,HIGH,HIGH,HIGH,False,ZERO,NORMAL,NORMAL
HIGH,NORMAL,LOW,False,False,False,False,False,NORMAL,NORMAL,LOW,LOW,NORMAL,HIGH,ZERO,HIGH,HIGH,LOW,False,ZERO,NORMAL,NORMAL
HIGH,NORMAL,LOW,False,False,False,False,False,NORMAL,NORMAL,NORMAL,LOW,LOW,HIGH,ZERO,HIGH,HIGH,NORMAL,False,NORMAL,NORMAL,HIGH
HIGH,NORMAL,LOW,False,False,False,False,False,LOW,NORMAL,LOW,LOW,NORMAL,HIGH,ZERO,HIGH,HIGH,LOW,False,ZERO,NORMAL,HIGH
HIGH,NORMAL,LOW,False,False,False,False,False,NORMAL,NORMAL,LOW,LOW,NORMAL,HIGH,ZERO,HIGH,HIGH,NORMAL,False,ZERO,NORMAL,HIGH
HIGH,NORMAL,LOW,False,False,False,False,False,NORMAL,NORMAL,LOW,LOW,NORMAL,HIGH,ZERO,HIGH,HIGH,NORMAL,False,ZERO,NORMAL,LOW
HIGH,NORMAL,HIGH,False,False,True,False,False,NORMAL,NORMAL,LOW,HIGH,NORMAL,HIGH,HIGH,NORMAL,NORMAL,NORMAL,False,HIGH,NORMAL,NORMAL
LOW,NORMAL,ZERO,False,False,False,False,False,NORMAL,NORMAL,LOW,HIGH,NORMAL,LOW,HIGH,LOW,LOW,NORMAL,False,HIGH,NORMAL,HIGH
HIGH,NORMAL,LOW,False,False,False,False,False,NORMAL,NORMAL,LOW,LOW,NORMAL,HIGH,ZERO,HIGH,HIGH,NORMAL,False,ZERO,NORMAL,LOW
HIGH,NORMAL,LOW,False,False,False,False,False,NORMAL,NORMAL,LOW,LOW,NORMAL,NORMAL,ZERO,HIGH,HIGH,NORMAL,False,ZERO,NORMAL,NORMAL
HIGH,NORMAL,LOW,False,False,False,False,False,HIGH,NORMAL,LOW,LOW,NORMAL,LOW,ZERO,HIGH,HIGH,HIGH,False,ZERO,NORMAL,HIGH
LOW,ZERO,ZERO,False,False,False,False,False,NORMAL,NORMAL,LOW,HIGH,NORMAL,NORMAL,ZERO,LOW,LOW,NORMAL,False,HIGH,NORMAL,LOW
LOW,NORMAL,LOW,False,False,False,False,False,NORMAL,NORMAL,LOW,LOW,NORMAL,NORMAL,ZERO,LOW,LOW,NORMAL,False,ZERO,NORMAL,NORMAL
NORMAL,NORMAL,LOW,False,False,False,False,False,HIGH,NORMAL,LOW,LOW,NORMAL,HIGH,ZERO,HIGH,LOW,HIGH,False,ZERO,NORMAL,NORMAL
HIGH,ZERO,NORMAL,False,False,False,False,False,NORMAL,NORMAL,HIGH,LOW,NORMAL,HIGH,LOW,HIGH,HIGH,NORMAL,False,LOW,NORMAL,LOW
HIGH,ZERO,ZERO,False,False,False,False,False,HIGH,NORMAL,LOW,LOW,NORMAL,NORMAL,ZERO,HIGH,HIGH,HIGH,True,ZERO,NORMAL,LOW
HIGH,NORMAL,LOW,False,False,False,False,False,HIGH,NORMAL,LOW,LOW,NORMAL,LOW,ZERO,HIGH,HIGH,HIGH,False,ZERO,NORMAL,NORMAL
HIGH,NORMAL,LOW,False,False,False,True,False,NORMAL,NORMAL,LOW,LOW,NORMAL,HIGH,HIGH,HIGH,HIGH,NORMAL,False,ZERO,NORMAL,LOW
HIGH,NORMAL,LOW,False,False,False,False,False,NORMAL,NORMAL,LOW,LOW,NORMAL,HIGH,HIGH,HIGH,HIGH,NORMAL,False,ZERO,NORMAL,NORMAL
HIGH,NORMAL,LOW,False,False,False,False,False,HIGH,NORMAL,LOW,LOW,NORMAL,HIGH,ZERO,HIGH,HIGH,HIGH,False,ZERO,NORMAL,HIGH
HIGH,NORMAL,ZERO,False,False,False,False,False,NORMAL,NORMAL,LOW,HIGH,NORMAL,HIGH,HIGH,HIGH,HIGH,NORMAL,False,HIGH,NORMAL,LOW
HIGH,NORMAL,LOW,False,False,False,False,False,HIGH,NORMAL,LOW,LOW,NORMAL,HIGH,ZERO,HIGH,HIGH,HIGH,False,ZERO,NORMAL,HIGH
HIGH,NORMAL,LOW,False,False,False,False,False,NORMAL,NORMAL,ZERO,LOW,LOW,HIGH,ZERO,HIGH,HIGH,NORMAL,False,ZERO,NORMAL,NORMAL
HIGH,NORMAL,LOW,False,False,False,False,False,NORMAL,NORMAL,LOW,LOW,NORMAL,HIGH,ZERO,HIGH,HIGH,NORMAL,False,ZERO,NORMAL,NORMAL
HIGH,NORMAL,LOW,False,False,False,False,False,HIGH,NORMAL,LOW,LOW,NORMAL,LOW,ZERO,HIGH,HIGH,HIGH,False,ZERO,NORMAL,NORMAL
HIGH,NORMAL,LOW,False,False,False,False,False,HIGH,NORMAL,LOW,LOW,NORMAL,LOW,ZERO,HIGH,HIGH,HIGH,False,ZERO,NORMAL,NORMAL
HIGH,NORMAL,ZERO,False,False,False,False,False,NORMAL,ESOPHAGEAL,LOW,LOW,NORMAL,HIGH,LOW,HIGH,HIGH,NORMAL,False,LOW,NORMAL,HIGH
HIGH,NORMAL,LOW,False,False,False,False,False,NORMAL,NORMAL,LOW,LOW,NORMAL,HIGH,ZERO,HIGH,HIGH,NORMAL,False,ZERO,HIGH,NORMAL
HIGH,NORMAL,LOW,False,False,False,False,False,NORMAL,NORMAL,LOW,LOW,NORMAL,HIGH,ZERO,HIGH,HIGH,NORMAL,False,ZERO,NORMAL,LOW
HIGH,NORMAL,ZERO,False,False,False,True,False,NORMAL,NORMAL,LOW,LOW,NORMAL,HIGH,ZERO,HIGH,HIGH,NORMAL,True,ZERO,NORMAL,HIGH
HIGH,NORMAL,LOW,False,False,False,False,False,NORMAL,NORMAL,LOW,LOW,HIGH,HIGH,ZERO,HIGH,HIGH,NORMAL,False,ZERO,NORMAL,LOW
HIGH,NORMAL,LOW,False,False,False,False,False,NORMAL,NORMAL,LOW,LOW,NORMAL,NORMAL,ZERO,HIGH,HIGH,NORMAL,False,ZERO,NORMAL,HIGH
LOW,NORMAL,LOW,False,False,False,False,False,NORMAL,NORMAL,LOW,LOW,NORMAL,NORMAL,ZERO,LOW,LOW,NORMAL,False,ZERO,NORMAL,NORMAL
HIGH,NORMAL,LOW,False,False,False,False,False,LOW,NORMAL,LOW,LOW,NORMAL,LOW,ZERO,HIGH,HIGH,LOW,False,ZERO,NORMAL,NORMAL
HIGH,NORMAL,LOW,False,False,False,False,False,NORMAL,NORMAL,LOW,LOW,NORMAL,LOW,ZERO,HIGH,HIGH,NORMAL,False,ZERO,NORMAL,LOW
HIGH,NORMAL,LOW,False,False,False,False,True,LOW,NORMAL,LOW,LOW,HIGH,LOW,ZERO,HIGH,HIGH,LOW,False,ZERO,NORMAL,HIGH
HIGH,ZERO,ZERO,False,False,False,False,False,LOW,NORMAL,LOW,LOW,NORMAL,NORMAL,ZERO,HIGH,HIGH,LOW,False,ZERO,NORMAL,LOW
HIGH,NORMAL,LOW,False,False,False,False,False,NORMAL,NORMAL,LOW,LOW,NORMAL,HIGH,ZERO,HIGH,HIGH,NORMAL,False,ZERO,NORMAL,HIGH
NORMAL,NORMAL,LOW,False,False,False,False,False,HIGH,NORMAL,LOW,LOW,NORMAL,HIGH,ZERO,HIGH,HIGH,HIGH,False,ZERO,NORMAL,LOW
HIGH,NORMAL,LOW,False,False,False,False,False,NORMAL,NORMAL,LOW,LOW,NORMAL,HIGH,ZERO,HIGH,HIGH,NORMAL,False,ZERO,NORMAL,HIGH
HIGH,NORMAL,LOW,False,False,False,False,False,NORMAL,NORMAL,LOW,LOW,NORMAL,LOW,ZERO,HIGH,HIGH,NORMAL,False,ZERO,NORMAL,NORMAL
HIGH,NORMAL,LOW,False,False,True,True,False,NORMAL,NORMAL,ZERO,LOW,LOW,HIGH,ZERO,NORMAL,NORMAL,NORMAL,False,ZERO,NORMAL,NORMAL
LOW,NORMAL,NORMAL,False,False,False,False,False,NORMAL,NORMAL,HIGH,LOW,NORMAL,NORMAL,LOW,LOW,LOW,NORMAL,False,LOW,NORMAL,HIGH
HIGH,NORMAL,LOW,False,False,False,False,False,NORMAL,NORMAL,LOW,LOW,NORMAL,HIGH,ZERO,HIGH,HIGH,NORMAL,False,ZERO,NORMAL,LOW
HIGH,NORMAL,LOW,False,False,False,False,False,NORMAL,NORMAL,LOW,LOW,NORMAL,HIGH,ZERO,HIGH,HIGH,NORMAL,False,ZERO,NORMAL,LOW
NORMAL,NORMAL,LOW,False,False,False,False,False,NORMAL,NORMAL,LOW,LOW,NORMAL,HIGH,HIGH,HIGH,HIGH,NORMAL,False,ZERO,NORMAL,NORMAL
HIGH,LOW,ZERO,False,False,False,False,True,LOW,NORMAL,NORMAL,LOW,NORMAL,LOW,ZERO,HIGH,HIGH,LOW,False,ZERO,NORMAL,NORMAL
HIGH,NORMAL,LOW,False,False,False,False,False,NORMAL,ONESIDED,LOW,LOW,NORMAL,HIGH,NORMAL,HIGH,HIGH,NORMAL,False,NORMAL,HIGH,LOW
LOW,NORMAL,LOW,False,False,False,False,False,NORMAL,NORMAL,ZERO,LOW,NORMAL,NORMAL,ZERO,LOW,LOW,NORMAL,False,ZERO,NORMAL,NORMAL
HIGH,NORMAL,LOW,False,False,False,False,False,NORMAL,NORMAL,LOW,LOW,NORMAL,HIGH,ZERO,HIGH,HIGH,NORMAL,False,ZERO,NORMAL,LOW
HIGH,NORMAL,LOW,False,False,False,True,False,HIGH,NORMAL,LOW,LOW,NORMAL,HIGH,ZERO,HIGH,HIGH,HIGH,False,ZERO,NORMAL,LOW
HIGH,NORMAL,LOW,False,False,False,False,False,NORMAL,NORMAL,LOW,LOW,NORMAL,HIGH,ZERO,HIGH,HIGH,NORMAL,False,ZERO,NORMAL,HIGH
HIGH,LOW,ZERO,False,False,False,False,False,NORMAL,NORMAL,LOW,LOW,NORMAL,HIGH,ZERO,HIGH,HIGH,NORMAL,False,ZERO,NORMAL,LOW
HIGH,NORMAL,LOW,False,False,False,False,False,NORMAL,NORMAL,LOW,LOW,NORMAL,HIGH,NORMAL,HIGH,HIGH,NORMAL,False,ZERO,NORMAL,NORMAL
LOW,NORMAL,LOW,False,False,False,False,False,NORMAL,NORMAL,LOW,LOW,NORMAL,NORMAL,ZERO,LOW,LOW,NORMAL,False,ZERO,NORMAL,LOW
HIGH,NORMAL,LOW,False,False,False,False,False,NORMAL,ESOPHAGEAL,LOW,LOW,NORMAL,HIGH,LOW,HIGH,HIGH,NORMAL,False,LOW,NORMAL,NORMAL
HIGH,NORMAL,LOW,False,False,False,False,False,NORMAL,NORMAL,LOW,LOW,NORMAL,HIGH,ZERO,HIGH,HIGH,NORMAL,False,ZERO,HIGH,NORMAL
HIGH,NORMAL,LOW,False,False,False,False,False,HIGH,NORMAL,LOW,LOW,NORMAL,HIGH,ZERO,HIGH,HIGH,HIGH,False,ZERO,NORMAL,HIGH
HIGH,NORMAL,LOW,False,False,False,False,False,LOW,NORMAL,LOW,LOW,NORMAL,HIGH,ZERO,HIGH,HIGH,LOW,False,ZERO,NORMAL,LOW
HIGH,NORMAL,LOW,False,False,True,False,False,NORMAL,NORMAL,LOW,HIGH,NORMAL,HIGH,HIGH,NORMAL,NORMAL,NORMAL,False,HIGH,NORMAL,NORMAL
HIGH,NORMAL,LOW,False,False,False,False,False,LOW,NORMAL,LOW,LOW,NORMAL,HIGH,ZERO,HIGH,HIGH,LOW,False,ZERO,NORMAL,LOW
HIGH,NORMAL,LOW,False,False,False,True,False,HIGH,NORMAL,NORMAL,LOW,NORMAL,LOW,ZERO,HIGH,HIGH,HIGH,False,ZERO,NORMAL,LOW
HIGH,NORMAL,LOW,False,False,False,True,False,NORMAL,NORMAL,LOW,LOW,HIGH,HIGH,ZERO,HIGH,HIGH,NORMAL,False,ZERO,NORMAL,HIGH
HIGH,NORMAL,LOW,False,False,False,False,False,NORMAL,NORMAL,LOW,LOW,NORMAL,HIGH,ZERO,HIGH,HIGH,NORMAL,False,ZERO,NORMAL,HIGH
HIGH,NORMAL,LOW,False,False,False,False,False,NORMAL,NORMAL,LOW,LOW,LOW,NORMAL,ZERO,HIGH,HIGH,NORMAL,True,ZERO,NORMAL,NORMAL
HIGH,HIGH,NORMAL,False,False,False,False,False,NORMAL,NORMAL,HIGH,LOW,NORMAL,HIGH,ZERO,HIGH,HIGH,NORMAL,False,LOW,NORMAL,HIGH
HIGH,NORMAL,LOW,False,False,False,True,False,NORMAL,NORMAL,LOW,HIGH,NORMAL,HIGH,HIGH,HIGH,HIGH,NORMAL,False,HIGH,NORMAL,LOW
LOW,NORMAL,LOW,False,False,False,False,False,NORMAL,NORMAL,LOW,LOW,NORMAL,HIGH,ZERO,LOW,LOW,NORMAL,False,ZERO,NORMAL,NORMAL
HIGH,NORMAL,LOW,False,False,False,False,False,NORMAL,NORMAL,LOW,LOW,NORMAL,HIGH,ZERO,HIGH,HIGH,NORMAL,False,ZERO,NORMAL,HIGH
HIGH,NORMAL,LOW,False,False,False,False,True,LOW,NORMAL,LOW,LOW,NORMAL,LOW,ZERO,HIGH,HIGH,LOW,False,ZERO,NORMAL,LOW
HIGH,NORMAL,LOW,False,False,False,False,False,NORMAL,NORMAL,LOW,LOW,NORMAL,HIGH,ZERO,HIGH,HIGH,NORMAL,False,ZERO,NORMAL,HIGH
HIGH,NORMAL,LOW,False,False,False,False,False,LOW,NORMAL,LOW,NORMAL,NORMAL,HIGH,HIGH,HIGH,HIGH,LOW,False,HIGH,NORMAL,NORMAL
HIGH,NORMAL,LOW,False,False,False,True,False,NORMAL,NORMAL,LOW,LOW,NORMAL,HIGH,ZERO,HIGH,HIGH,NORMAL,False,ZERO,NORMAL,NORMAL
HIGH,NORMAL,LOW,False,False,False,False,False,NORMAL,NORMAL,LOW,LOW,NORMAL,HIGH,ZERO,HIGH,HIGH,HIGH,False,ZERO,NORMAL,LOW
HIGH,NORMAL,LOW,False,False,False,False,False,HIGH,NORMAL,LOW,LOW,NORMAL,HIGH,ZERO,HIGH,HIGH,HIGH,False,NORMAL,NORMAL,NORMAL
HIGH,NORMAL,LOW,False,False,False,False,False,NORMAL,NORMAL,LOW,LOW,NORMAL,HIGH,ZERO,HIGH,HIGH,NORMAL,False,ZERO,NORMAL,NORMAL
HIGH,NORMAL,LOW,False,False,False,True,False,NORMAL,NORMAL,LOW,LOW,NORMAL,HIGH,ZERO,HIGH,HIGH,NORMAL,False,ZERO,NORMAL,HIGH
HIGH,NORMAL,LOW,False,False,True,False,False,HIGH,ONESIDED,LOW,LOW,NORMAL,NORMAL,NORMAL,NORMAL,NORMAL,HIGH,False,NORMAL,HIGH,LOW
HIGH,NORMAL,LOW,False,False,False,False,False,NORMAL,NORMAL,LOW,LOW,LOW,HIGH,ZERO,HIGH,HIGH,NORMAL,False,ZERO,HIGH,LOW
HIGH,LOW,ZERO,False,False,True,False,False,HIGH,NORMAL,ZERO,LOW,NORMAL,LOW,HIGH,NORMAL,NORMAL,HIGH,False,NORMAL,NORMAL,LOW
LOW,NORMAL,ZERO,False,False,False,False,False,NORMAL,NORMAL,ZERO,HIGH,NORMAL,NORMAL,HIGH,LOW,LOW,NORMAL,False,HIGH,NORMAL,LOW
HIGH,NORMAL,LOW,False,False,False,False,False,HIGH,NORMAL,LOW,LOW,NORMAL,HIGH,ZERO,HIGH,HIGH,HIGH,False,ZERO,NORMAL,LOW
HIGH,NORMAL,LOW,False,False,False,True,False,HIGH,NORMAL,LOW,NORMAL,NORMAL,HIGH,ZERO,HIGH,HIGH,HIGH,False,ZERO,NORMAL,LOW
HIGH,NORMAL,LOW,False,False,False,False,False,NORMAL,NORMAL,LOW,LOW,NORMAL,HIGH,ZERO,HIGH,HIGH,NORMAL,False,ZERO,NORMAL,LOW
LOW,NORMAL,LOW,False,False,False,False,False,NORMAL,NORMAL,LOW,LOW,NORMAL,LOW,ZERO,LOW,LOW,NORMAL,False,ZERO,NORMAL,NORMAL
LOW,NORMAL,LOW,False,False,False,False,True,LOW,NORMAL,LOW,LOW,NORMAL,LOW,ZERO,LOW,LOW,LOW,False,ZERO,HIGH,HIGH
NORMAL,NORMAL,LOW,False,False,False,False,False,HIGH,ONESIDED,NORMAL,LOW,NORMAL,NORMAL,ZERO,HIGH,HIGH,HIGH,False,LOW,HIGH,NORMAL
NORMAL,NORMAL,ZERO,False,False,False,False,False,NORMAL,NORMAL,ZERO,HIGH,NORMAL,NORMAL,HIGH,LOW,LOW,NORMAL,False,HIGH,NORMAL,HIGH
HIGH,NORMAL,LOW,False,False,False,False,True,LOW,NORMAL,LOW,LOW,NORMAL,LOW,ZERO,HIGH,HIGH,LOW,False,ZERO,NORMAL,HIGH
HIGH,NORMAL,LOW,False,False,False,False,False,NORMAL,NORMAL,HIGH,LOW,NORMAL,HIGH,LOW,HIGH,HIGH,NORMAL,False,LOW,NORMAL,HIGH
HIGH,NORMAL,LOW,False,False,False,False,False,NORMAL,NORMAL,LOW,LOW,HIGH,HIGH,ZERO,HIGH,HIGH,NORMAL,False,ZERO,NORMAL,NORMAL
HIGH,NORMAL,LOW,False,False,True,False,False,HIGH,NORMAL,LOW,LOW,NORMAL,LOW,ZERO,NORMAL,NORMAL,HIGH,False,ZERO,NORMAL,NORMAL
HIGH,NORMAL,LOW,False,False,False,True,False,NORMAL,NORMAL,LOW,LOW,HIGH,HIGH,ZERO,HIGH,HIGH,LOW,False,ZERO,NORMAL,HIGH
HIGH,NORMAL,NORMAL,False,False,True,False,False,HIGH,NORMAL,HIGH,LOW,HIGH,LOW,LOW,NORMAL,NORMAL,HIGH,False,LOW,NORMAL,NORMAL
HIGH,NORMAL,LOW,False,False,False,True,False,NORMAL,NORMAL,LOW,LOW,NORMAL,HIGH,ZERO,HIGH,HIGH,NORMAL,False,ZERO,NORMAL,LOW
HIGH,NORMAL,LOW,False,False,False,False,False,NORMAL,NORMAL,LOW,LOW,NORMAL,HIGH,ZERO,HIGH,HIGH,NORMAL,False,ZERO,NORMAL,HIGH
HIGH,NORMAL,LOW,False,False,False,False,False,NORMAL,NORMAL,LOW,LOW,NORMAL,HIGH,ZERO,HIGH,HIGH,NORMAL,False,ZERO,NORMAL,HIGH
HIGH,NORMAL,LOW,False,False,False,False,False,NORMAL,NORMAL,LOW,LOW,HIGH,HIGH,ZERO,HIGH,HIGH,NORMAL,False,ZERO,NORMAL,NORMAL
HIGH,NORMAL,LOW,False,False,False,False,False,NORMAL,NORMAL,LOW,LOW,NORMAL,HIGH,ZERO,HIGH,HIGH,NORMAL,False,ZERO,NORMAL,NORMAL
HIGH,NORMAL,LOW,False,False,False,False,False,HIGH,NORMAL,LOW,LOW,NORMAL,HIGH,ZERO,HIGH,HIGH,HIGH,False,ZERO,NORMAL,NORMAL
LOW,LOW,ZERO,False,False,False,False,False,HIGH,NORMAL,LOW,HIGH,NORMAL,NORMAL,HIGH,LOW,LOW,HIGH,False,HIGH,NORMAL,HIGH
HIGH,NORMAL,ZERO,False,False,False,False,False,HIGH,NORMAL,LOW,LOW,NORMAL,LOW,ZERO,HIGH,HIGH,HIGH,False,ZERO,NORMAL,HIGH
HIGH,NORMAL,LOW,False,False,False,False,False,HIGH,NORMAL,LOW,LOW,NORMAL,HIGH,ZERO,HIGH,HIGH,HIGH,False,ZERO,NORMAL,NORMAL
HIGH,NORMAL,LOW,False,False,False,False,False,HIGH,ESOPHAGEAL,LOW,LOW,NORMAL,NORMAL,LOW,HIGH,HIGH,HIGH,False,LOW,NORMAL,NORMAL
HIGH,NORMAL,LOW,False,False,False,False,False,NORMAL,NORMAL,LOW,HIGH,NORMAL,HIGH,HIGH,HIGH,HIGH,NORMAL,False,HIGH,NORMAL,LOW
HIGH,ZERO,ZERO,False,False,False,False,False,NORMAL,NORMAL,LOW,HIGH,NORMAL,HIGH,HIGH,HIGH,HIGH,NORMAL,False,HIGH,NORMAL,NORMAL
HIGH,NORMAL,LOW,False,False,False,False,False,LOW,NORMAL,NORMAL,LOW,NORMAL,HIGH,ZERO,HIGH,NORMAL,LOW,False,NORMAL,NORMAL,LOW
HIGH,NORMAL,LOW,False,False,False,False,False,NORMAL,NORMAL,LOW,LOW,LOW,LOW,ZERO,HIGH,HIGH,NORMAL,False,ZERO,NORMAL,NORMAL
HIGH,NORMAL,LOW,False,False,False,False,True,LOW,NORMAL,LOW,LOW,NORMAL,NORMAL,ZERO,HIGH,HIGH,LOW,False,ZERO,NORMAL,LOW
HIGH,NORMAL,ZERO,False,False,False,False,False,NORMAL,NORMAL,LOW,LOW,NORMAL,HIGH,ZERO,HIGH,HIGH,NORMAL,True,ZERO,NORMAL,LOW
HIGH,NORMAL,LOW,False,False,False,False,False,NORMAL,NORMAL,LOW,LOW,LOW,HIGH,ZERO,HIGH,HIGH,NORMAL,False,ZERO,NORMAL,NORMAL
HIGH,NORMAL,LOW,False,False,False,False,False,NORMAL,NORMAL,LOW,LOW,HIGH,HIGH,ZERO,HIGH,HIGH,NORMAL,False,ZERO,NORMAL,LOW
LOW,NORMAL,LOW,False,False,False,False,False,HIGH,NORMAL,NORMAL,LOW,NORMAL,HIGH,ZERO,HIGH,LOW,HIGH,False,ZERO,NORMAL,NORMAL
LOW,NORMAL,LOW,False,False,False,False,False,HIGH,NORMAL,LOW,LOW,NORMAL,LOW,ZERO,LOW,LOW,HIGH,False,ZERO,NORMAL,NORMAL
HIGH,NORMAL,ZERO,False,False,False,False,False,NORMAL,NORMAL,LOW,LOW,HIGH,HIGH,ZERO,HIGH,HIGH,NORMAL,False,ZERO,NORMAL,HIGH
HIGH,NORMAL,LOW,False,False,False,False,False,HIGH,NORMAL,LOW,LOW,NORMAL,LOW,ZERO,HIGH,HIGH,HIGH,False,ZERO,NORMAL,HIGH
LOW,NORMAL,ZERO,False,False,False,False,False,NORMAL,NORMAL,NORMAL,HIGH,NORMAL,NORMAL,HIGH,LOW,LOW,NORMAL,False,HIGH,NORMAL,LOW
HIGH,NORMAL,LOW,False,False,True,True,False,NORMAL,NORMAL,LOW,LOW,NORMAL,HIGH,ZERO,NORMAL,NORMAL,NORMAL,False,ZERO,NORMAL,NORMAL
HIGH,NORMAL,NORMAL,False,False,False,False,False,NORMAL,NORMAL,HIGH,LOW,NORMAL,HIGH,LOW,HIGH,HIGH,NORMAL,False,LOW,NORMAL,NORMAL
HIGH,NORMAL,LOW,True,False,False,False,True,LOW,NORMAL,LOW,LOW,NORMAL,LOW,ZERO,HIGH,HIGH,LOW,False,ZERO,NORMAL,LOW
HIGH,NORMAL,LOW,True,False,False,False,False,NORMAL,ESOPHAGEAL,NORMAL,LOW,NORMAL,HIGH,ZERO,HIGH,HIGH,NORMAL,False,ZERO,NORMAL,LOW
LOW,NORMAL,LOW,False,False,False,True,False,LOW,NORMAL,LOW,LOW,NORMAL,NORMAL,ZERO,LOW,LOW,LOW,False,ZERO,NORMAL,NORMAL
NORMAL,HIGH,HIGH,False,False,False,False,False,NORMAL,NORMAL,LOW,HIGH,NORMAL,NORMAL,HIGH,LOW,LOW,NORMAL,False,HIGH,NORMAL,HIGH
HIGH,NORMAL,LOW,False,False,False,False,False,NORMAL,NORMAL,LOW,LOW,NORMAL,HIGH,ZERO,HIGH,HIGH,NORMAL,False,ZERO,NORMAL,HIGH
HIGH,NORMAL,LOW,False,False,False,False,False,NORMAL,NORMAL,LOW,HIGH,NORMAL,HIGH,HIGH,HIGH,HIGH,NORMAL,False,HIGH,NORMAL,NORMAL
HIGH,NORMAL,ZERO,False,False,False,False,False,LOW,NORMAL,LOW,HIGH,NORMAL,HIGH,HIGH,HIGH,HIGH,LOW,False,HIGH,HIGH,NORMAL
HIGH,HIGH,HIGH,False,False,False,False,False,HIGH,NORMAL,LOW,NORMAL,NORMAL,LOW,HIGH,HIGH,HIGH,HIGH,False,HIGH,NORMAL,NORMAL
HIGH,NORMAL,LOW,False,False,False,False,False,HIGH,NORMAL,LOW,LOW,HIGH,LOW,ZERO,HIGH,HIGH,HIGH,False,ZERO,NORMAL,HIGH
HIGH,NORMAL,ZERO,False,False,False,False,False,NORMAL,NORMAL,LOW,LOW,NORMAL,HIGH,ZERO,HIGH,HIGH,NORMAL,False,ZERO,NORMAL,NORMAL
HIGH,NORMAL,LOW,False,False,False,False,False,NORMAL,NORMAL,LOW,LOW,NORMAL,HIGH,ZERO,HIGH,HIGH,NORMAL,False,ZERO,NORMAL,LOW
HIGH,NORMAL,LOW,False,False,False,False,False,NORMAL,NORMAL,LOW,LOW,NORMAL,HIGH,ZERO,HIGH,HIGH,NORMAL,False,ZERO,NORMAL,LOW
HIGH,NORMAL,LOW,False,False,False,True,True,LOW,NORMAL,LOW,LOW,NORMAL,LOW,ZERO,HIGH,HIGH,LOW,False,ZERO,NORMAL,NORMAL
HIGH,NORMAL,ZERO,False,False,True,True,False,NORMAL,NORMAL,HIGH,LOW,NORMAL,HIGH,ZERO,NORMAL,NORMAL,NORMAL,False,ZERO,NORMAL,NORMAL
HIGH,ZERO,ZERO,False,False,False,False,False,NORMAL,NORMAL,LOW,HIGH,NORMAL,HIGH,HIGH,HIGH,HIGH,NORMAL,False,HIGH,NORMAL,NORMAL
HIGH,NORMAL,LOW,False,False,False,False,False,NORMAL,NORMAL,LOW,LOW,NORMAL,HIGH,ZERO,HIGH,HIGH,NORMAL,False,ZERO,NORMAL,LOW
HIGH,NORMAL,LOW,False,False,False,False,False,HIGH,NORMAL,LOW,LOW,NORMAL,LOW,ZERO,HIGH,HIGH,HIGH,False,ZERO,NORMAL,LOW
HIGH,NORMAL,LOW,False,False,False,False,False,NORMAL,NORMAL,LOW,LOW,NORMAL,HIGH,ZERO,HIGH,HIGH,NORMAL,False,LOW,NORMAL,NORMAL
HIGH,NORMAL,LOW,False,False,False,False,False,NORMAL,NORMAL,LOW,LOW,NORMAL,HIGH,ZERO,HIGH,HIGH,NORMAL,False,ZERO,NORMAL,HIGH
HIGH,NORMAL,ZERO,False,False,False,True,False,NORMAL,NORMAL,LOW,HIGH,NORMAL,HIGH,HIGH,HIGH,HIGH,NORMAL,False,HIGH,NORMAL,NORMAL
HIGH,NORMAL,LOW,False,False,False,False,False,NORMAL,NORMAL,LOW,LOW,NORMAL,HIGH,ZERO,HIGH,HIGH,NORMAL,False,ZERO,NORMAL,HIGH
HIGH,LOW,ZERO,False,False,False,False,False,HIGH,NORMAL,LOW,HIGH,NORMAL,LOW,HIGH,LOW,HIGH,HIGH,False,HIGH,NORMAL,NORMAL
HIGH,NORMAL,LOW,False,False,True,True,False,NORMAL,NORMAL,LOW,LOW,NORMAL,HIGH,ZERO,NORMAL,NORMAL,NORMAL,False,ZERO,NORMAL,HIGH
HIGH,NORMAL,NORMAL,False,False,False,False,False,HIGH,NORMAL,HIGH,HIGH,NORMAL,LOW,LOW,HIGH,HIGH,HIGH,False,LOW,NORMAL,LOW
HIGH,NORMAL,LOW,False,False,False,False,False,NORMAL,NORMAL,LOW,LOW,NORMAL,HIGH,ZERO,HIGH,HIGH,NORMAL,False,ZERO,NORMAL,NORMAL
HIGH,NORMAL,LOW,False,False,False,False,False,HIGH,NORMAL,LOW,LOW,NORMAL,HIGH,ZERO,HIGH,HIGH,HIGH,False,ZERO,NORMAL,LOW
HIGH,NORMAL,LOW,False,True,False,False,False,NORMAL,NORMAL,LOW,LOW,NORMAL,HIGH,ZERO,HIGH,HIGH,NORMAL,False,ZERO,HIGH,LOW
HIGH,LOW,ZERO,False,False,False,False,False,HIGH,NORMAL,LOW,HIGH,NORMAL,LOW,HIGH,HIGH,HIGH,HIGH,False,HIGH,NORMAL,LOW
LOW,NORMAL,LOW,False,False,False,False,False,NORMAL,NORMAL,ZERO,HIGH,NORMAL,NORMAL,ZERO,LOW,LOW,NORMAL,True,HIGH,NORMAL,HIGH
HIGH,NORMAL,LOW,False,False,False,False,True,LOW,NORMAL,LOW,LOW,NORMAL,LOW,ZERO,HIGH,HIGH,LOW,False,ZERO,NORMAL,HIGH
HIGH,NORMAL,LOW,False,False,False,True,False,NORMAL,NORMAL,NORMAL,LOW,NORMAL,HIGH,ZERO,HIGH,HIGH,NORMAL,True,ZERO,NORMAL,NORMAL
HIGH,NORMAL,LOW,False,False,False,False,False,NORMAL,NORMAL,LOW,LOW,NORMAL,LOW,ZERO,HIGH,HIGH,NORMAL,False,ZERO,NORMAL,LOW
LOW,NORMAL,LOW,False,False,False,False,False,LOW,NORMAL,LOW,HIGH,NORMAL,NORMAL,HIGH,LOW,LOW,LOW,False,HIGH,NORMAL,HIGH
HIGH,NORMAL,LOW,False,False,False,False,False,NORMAL,NORMAL,LOW,LOW,NORMAL,NORMAL,ZERO,HIGH,HIGH,NORMAL,False,ZERO,NORMAL,NORMAL
HIGH,ZERO,ZERO,False,False,False,False,False,HIGH,ESOPHAGEAL,LOW,LOW,NORMAL,HIGH,LOW,HIGH,HIGH,HIGH,True,LOW,NORMAL,NORMAL
NORMAL,NORMAL,LOW,False,False,False,False,False,NORMAL,NORMAL,LOW,LOW,NORMAL,HIGH,ZERO,HIGH,NORMAL,NORMAL,True,ZERO,NORMAL,LOW
HIGH,NORMAL,LOW,False,False,False,False,False,HIGH,NORMAL,LOW,LOW,NORMAL,HIGH,ZERO,HIGH,HIGH,HIGH,False,ZERO,NORMAL,LOW
LOW,NORMAL,ZERO,False,False,True,False,False,LOW,NORMAL,LOW,HIGH,NORMAL,NORMAL,HIGH,NORMAL,LOW,LOW,False,HIGH,NORMAL,HIGH
HIGH,NORMAL,LOW,False,False,False,False,False,NORMAL,NORMAL,LOW,LOW,NORMAL,HIGH,ZERO,HIGH,HIGH,NORMAL,True,ZERO,NORMAL,HIGH
HIGH,NORMAL,LOW,False,False,False,False,False,NORMAL,NORMAL,LOW,LOW,NORMAL,HIGH,ZERO,HIGH,HIGH,NORMAL,False,ZERO,NORMAL,LOW
LOW,NORMAL,LOW,False,False,False,False,False,NORMAL,NORMAL,LOW,LOW,NORMAL,NORMAL,ZERO,LOW,LOW,NORMAL,False,ZERO,NORMAL,LOW
HIGH,NORMAL,LOW,False,False,False,False,False,HIGH,NORMAL,ZERO,LOW,NORMAL,HIGH,ZERO,HIGH,HIGH,HIGH,False,ZERO,NORMAL,LOW
HIGH,NORMAL,ZERO,False,False,False,False,True,LOW,NORMAL,LOW,LOW,NORMAL,LOW,ZERO,HIGH,HIGH,LOW,False,ZERO,NORMAL,NORMAL
HIGH,NORMAL,HIGH,False,False,False,False,False,NORMAL,NORMAL,ZERO,HIGH,NORMAL,HIGH,HIGH,HIGH,HIGH,NORMAL,False,HIGH,NORMAL,NORMAL
HIGH,NORMAL,LOW,False,False,False,False,False,NORMAL,NORMAL,LOW,LOW,NORMAL,HIGH,ZERO,HIGH,HIGH,NORMAL,False,ZERO,NORMAL,HIGH
HIGH,NORMAL,LOW,False,False,False,False,False,HIGH,NORMAL,LOW,LOW,NORMAL,LOW,ZERO,HIGH,HIGH,HIGH,False,ZERO,NORMAL,HIGH
HIGH,NORMAL,LOW,False,False,False,False,False,LOW,ESOPHAGEAL,LOW,LOW,NORMAL,LOW,LOW,HIGH,HIGH,LOW,False,LOW,HIGH,HIGH
HIGH,HIGH,HIGH,False,False,False,False,False,NORMAL,NORMAL,LOW,HIGH,NORMAL,HIGH,HIGH,HIGH,HIGH,NORMAL,False,HIGH,NORMAL,LOW
LOW,NORMAL,LOW,False,False,False,False,False,HIGH,NORMAL,LOW,LOW,NORMAL,LOW,ZERO,LOW,LOW,HIGH,False,ZERO,HIGH,LOW
HIGH,NORMAL,LOW,False,False,True,False,False,NORMAL,NORMAL,LOW,LOW,NORMAL,HIGH,ZERO,NORMAL,NORMAL,NORMAL,False,ZERO,NORMAL,NORMAL
HIGH,NORMAL,LOW,False,False,False,False,False,HIGH,NORMAL,LOW,LOW,NORMAL,HIGH,ZERO,HIGH,HIGH,HIGH,False,ZERO,NORMAL,NORMAL
HIGH,NORMAL,LOW,False,False,False,False,True,LOW,ESOPHAGEAL,LOW,LOW,NORMAL,HIGH,LOW,HIGH,HIGH,LOW,False,LOW,NORMAL,LOW
LOW,NORMAL,LOW,False,False,True,False,False,LOW,NORMAL,LOW,LOW,NORMAL,HIGH,ZERO,NORMAL,HIGH,LOW,False,ZERO,NORMAL,HIGH
LOW,NORMAL,LOW,False,False,False,False,False,NORMAL,NORMAL,LOW,LOW,NORMAL,NORMAL,ZERO,LOW,LOW,NORMAL,False,ZERO,NORMAL,HIGH
HIGH,NORMAL,LOW,False,False,False,False,False,NORMAL,NORMAL,LOW,LOW,NORMAL,HIGH,ZERO,HIGH,HIGH,NORMAL,False,ZERO,NORMAL,HIGH
LOW,HIGH,NORMAL,False,False,False,False,False,NORMAL,NORMAL,HIGH,NORMAL,NORMAL,NORMAL,LOW,LOW,HIGH,NORMAL,False,LOW,NORMAL,HIGH
HIGH,NORMAL,LOW,False,False,False,True,False,NORMAL,NORMAL,LOW,LOW,NORMAL,HIGH,ZERO,HIGH,HIGH,NORMAL,False,ZERO,NORMAL,NORMAL
HIGH,NORMAL,LOW,False,False,False,False,False,NORMAL,NORMAL,LOW,LOW,NORMAL,HIGH,ZERO,HIGH,HIGH,NORMAL,False,ZERO,NORMAL,LOW
HIGH,NORMAL,LOW,False,False,False,False,False,NORMAL,NORMAL,LOW,LOW,NORMAL,LOW,ZERO,HIGH,HIGH,NORMAL,False,ZERO,NORMAL,HIGH
HIGH,NORMAL,LOW,False,False,False,False,False,NORMAL,NORMAL,LOW,LOW,NORMAL,HIGH,ZERO,HIGH,HIGH,NORMAL,False,ZERO,NORMAL,HIGH
LOW,HIGH,HIGH,False,False,False,False,False,NORMAL,ESOPHAGEAL,NORMAL,HIGH,NORMAL,NORMAL,LOW,LOW,LOW,NORMAL,False,HIGH,NORMAL,NORMAL
HIGH,NORMAL,LOW,False,False,False,False,True,LOW,NORMAL,LOW,LOW,HIGH,LOW,HIGH,HIGH,HIGH,LOW,False,ZERO,NORMAL,LOW
HIGH,NORMAL,LOW,False,False,False,False,False,NORMAL,NORMAL,LOW,LOW,NORMAL,HIGH,ZERO,HIGH,HIGH,NORMAL,False,ZERO,NORMAL,HIGH
HIGH,NORMAL,LOW,False,False,False,False,False,HIGH,NORMAL,LOW,LOW,NORMAL,LOW,NORMAL,HIGH,HIGH,HIGH,False,ZERO,NORMAL,HIGH
HIGH,NORMAL,LOW,False,False,True,False,False,NORMAL,NORMAL,LOW,LOW,NORMAL,HIGH,ZERO,LOW,NORMAL,NORMAL,True,ZERO,NORMAL,NORMAL
HIGH,NORMAL,LOW,False,False,False,False,False,NORMAL,NORMAL,LOW,LOW,NORMAL,HIGH,ZERO,HIGH,HIGH,NORMAL,False,ZERO,NORMAL,LOW
HIGH,ZERO,ZERO,False,False,False,False,False,NORMAL,NORMAL,LOW,HIGH,NORMAL,HIGH,HIGH,HIGH,HIGH,NORMAL,False,HIGH,NORMAL,NORMAL
HIGH,NORMAL,LOW,False,False,False,False,False,HIGH,NORMAL,LOW,LOW,NORMAL,HIGH,ZERO,HIGH,HIGH,HIGH,False,ZERO,NORMAL,NORMAL
HIGH,NORMAL,ZERO,False,False,False,False,False,NORMAL,NORMAL,LOW,HIGH,HIGH,HIGH,HIGH,HIGH,HIGH,NORMAL,False,HIGH,NORMAL,NORMAL
HIGH,NORMAL,LOW,False,False,False,False,False,NORMAL,NORMAL,LOW,LOW,NORMAL,HIGH,ZERO,HIGH,HIGH,NORMAL,False,ZERO,NORMAL,LOW
LOW,NORMAL,ZERO,False,False,False,False,False,NORMAL,NORMAL,LOW,HIGH,NORMAL,LOW,HIGH,LOW,LOW,NORMAL,False,HIGH,HIGH,HIGH
NORMAL,NORMAL,ZERO,False,False,True,False,False,HIGH,NORMAL,LOW,LOW,NORMAL,LOW,ZERO,HIGH,LOW,LOW,False,ZERO,NORMAL,LOW
HIGH,NORMAL,LOW,False,False,False,False,True,LOW,NORMAL,LOW,LOW,NORMAL,HIGH,ZERO,HIGH,HIGH,LOW,False,ZERO,NORMAL,LOW
NORMAL,LOW,ZERO,False,False,False,False,False,HIGH,NORMAL,LOW,HIGH,HIGH,NORMAL,HIGH,HIGH,HIGH,HIGH,False,HIGH,NORMAL,NORMAL
HIGH,LOW,ZERO,False,False,False,False,False,NORMAL,NORMAL,LOW,LOW,NORMAL,NORMAL,ZERO,HIGH,HIGH,NORMAL,False,ZERO,NORMAL,LOW
HIGH,NORMAL,LOW,False,False,False,False,False,NORMAL,NORMAL,LOW,LOW,NORMAL,HIGH,ZERO,HIGH,HIGH,NORMAL,False,ZERO,NORMAL,HIGH
NORMAL,ZERO,ZERO,False,False,False,False,False,HIGH,NORMAL,LOW,HIGH,NORMAL,LOW,HIGH,HIGH,NORMAL,NORMAL,False,HIGH,NORMAL,HIGH
LOW,NORMAL,LOW,False,False,False,False,False,NORMAL,NORMAL,LOW,LOW,NORMAL,NORMAL,ZERO,LOW,LOW,NORMAL,False,ZERO,NORMAL,HIGH
LOW,NORMAL,LOW,False,False,False,False,False,NORMAL,NORMAL,LOW,LOW,NORMAL,LOW,ZERO,LOW,LOW,NORMAL,False,ZERO,NORMAL,NORMAL
LOW,NORMAL,LOW,False,False,False,False,False,HIGH,NORMAL,LOW,LOW,NORMAL,NORMAL,ZERO,LOW,LOW,HIGH,False,ZERO,NORMAL,LOW
HIGH,NORMAL,LOW,False,False,False,False,False,NORMAL,NORMAL,LOW,LOW,NORMAL,HIGH,ZERO,HIGH,HIGH,NORMAL,False,ZERO,NORMAL,NORMAL
LOW,NORMAL,LOW,False,False,False,False,False,NORMAL,NORMAL,LOW,LOW,NORMAL,NORMAL,ZERO,LOW,LOW,NORMAL,False,ZERO,NORMAL,NORMAL
HIGH,ZERO,ZERO,False,False,False,True,False,NORMAL,NORMAL,LOW,HIGH,NORMAL,HIGH,HIGH,NORMAL,HIGH,NORMAL,False,HIGH,NORMAL,LOW
HIGH,NORMAL,LOW,False,False,False,False,False,NORMAL,NORMAL,LOW,LOW,NORMAL,HIGH,ZERO,HIGH,HIGH,NORMAL,False,ZERO,NORMAL,NORMAL
HIGH,HIGH,HIGH,False,False,True,False,False,HIGH,NORMAL,LOW,HIGH,NORMAL,LOW,HIGH,NORMAL,NORMAL,HIGH,False,HIGH,NORMAL,LOW
LOW,ZERO,ZERO,False,False,False,False,False,NORMAL,NORMAL,ZERO,HIGH,NORMAL,NORMAL,HIGH,LOW,LOW,NORMAL,False,HIGH,NORMAL,HIGH
HIGH,NORMAL,LOW,False,False,False,False,False,NORMAL,NORMAL,LOW,LOW,NORMAL,HIGH,ZERO,HIGH,HIGH,NORMAL,False,ZERO,NORMAL,NORMAL
HIGH,LOW,ZERO,False,False,False,False,False,LOW,NORMAL,LOW,HIGH,NORMAL,HIGH,HIGH,HIGH,HIGH,LOW,False,HIGH,NORMAL,NORMAL
LOW,HIGH,HIGH,False,False,False,False,False,NORMAL,NORMAL,LOW,HIGH,NORMAL,NORMAL,HIGH,LOW,LOW,NORMAL,False,HIGH,NORMAL,HIGH
HIGH,NORMAL,LOW,False,False,False,False,False,NORMAL,NORMAL,LOW,LOW,LOW,HIGH,ZERO,HIGH,HIGH,NORMAL,False,ZERO,NORMAL,LOW
NORMAL,NORMAL,LOW,False,False,False,False,True,LOW,NORMAL,LOW,LOW,NORMAL,LOW,ZERO,HIGH,HIGH,LOW,False,ZERO,NORMAL,HIGH
LOW,LOW,ZERO,False,False,False,False,False,HIGH,ONESIDED,LOW,HIGH,NORMAL,LOW,NORMAL,LOW,LOW,HIGH,False,NORMAL,NORMAL,HIGH
HIGH,HIGH,HIGH,False,False,False,False,False,NORMAL,NORMAL,LOW,HIGH,NORMAL,HIGH,HIGH,HIGH,HIGH,NORMAL,False,HIGH,NORMAL,LOW
HIGH,ZERO,ZERO,False,False,False,False,False,HIGH,NORMAL,LOW,LOW,NORMAL,LOW,ZERO,HIGH,HIGH,HIGH,False,ZERO,NORMAL,LOW
HIGH,NORMAL,LOW,False,False,False,False,False,HIGH,NORMAL,LOW,LOW,NORMAL,HIGH,ZERO,HIGH,HIGH,HIGH,False,ZERO,NORMAL,LOW
HIGH,ZERO,ZERO,False,False,False,False,False,NORMAL,NORMAL,LOW,LOW,NORMAL,HIGH,ZERO,HIGH,HIGH,NORMAL,False,ZERO,NORMAL,HIGH
LOW,NORMAL,ZERO,False,False,False,False,False,NORMAL,NORMAL,ZERO,HIGH,NORMAL,NORMAL,HIGH,LOW,LOW,NORMAL,False,HIGH,NORMAL,HIGH
LOW,NORMAL,HIGH,False,False,False,False,False,HIGH,NORMAL,LOW,HIGH,LOW,NORMAL,HIGH,LOW,LOW,HIGH,False,HIGH,NORMAL,HIGH
HIGH,NORMAL,LOW,False,False,False,False,False,HIGH,NORMAL,LOW,LOW,LOW,LOW,ZERO,HIGH,HIGH,HIGH,False,ZERO,NORMAL,LOW
HIGH,ZERO,ZERO,False,False,False,False,False,NORMAL,NORMAL,LOW,HIGH,NORMAL,NORMAL,HIGH,HIGH,HIGH,LOW,False,HIGH,NORMAL,LOW
HIGH,NORMAL,LOW,False,False,True,False,False,NORMAL,NORMAL,LOW,LOW,NORMAL,HIGH,ZERO,NORMAL,NORMAL,NORMAL,False,ZERO,NORMAL,NORMAL
LOW,NORMAL,ZERO,False,False,False,False,False,NORMAL,ONESIDED,ZERO,LOW,NORMAL,NORMAL,NORMAL,LOW,LOW,NORMAL,False,NORMAL,HIGH,NORMAL
HIGH,NORMAL,LOW,False,False,True,False,False,HIGH,NORMAL,ZERO,LOW,NORMAL,HIGH,ZERO,NORMAL,NORMAL,HIGH,False,ZERO,NORMAL,NORMAL
HIGH,NORMAL,LOW,False,False,False,False,False,NORMAL,NORMAL,LOW,LOW,NORMAL,HIGH,ZERO,HIGH,HIGH,NORMAL,False,ZERO,NORMAL,HIGH
HIGH,NORMAL,LOW,False,False,False,False,False,NORMAL,NORMAL,LOW,LOW,NORMAL,LOW,ZERO,HIGH,HIGH,NORMAL,False,ZERO,NORMAL,LOW
NORMAL,NORMAL,LOW,False,False,False,False,False,NORMAL,NORMAL,LOW,LOW,NORMAL,NORMAL,ZERO,LOW,LOW,NORMAL,False,ZERO,NORMAL,HIGH
LOW,NORMAL,LOW,False,False,False,False,True,LOW,NORMAL,LOW,LOW,NORMAL,LOW,ZERO,LOW,LOW,LOW,True,ZERO,NORMAL,NORMAL
HIGH,ZERO,LOW,False,False,False,True,False,NORMAL,NORMAL,LOW,LOW,NORMAL,HIGH,ZERO,HIGH,HIGH,NORMAL,False,ZERO,NORMAL,NORMAL
NORMAL,NORMAL,ZERO,False,False,False,True,False,NORMAL,NORMAL,LOW,NORMAL,NORMAL,HIGH,HIGH,HIGH,HIGH,NORMAL,False,HIGH,NORMAL,NORMAL
HIGH,NORMAL,LOW,False,False,False,False,False,NORMAL,NORMAL,LOW,LOW,LOW,HIGH,ZERO,HIGH,HIGH,NORMAL,False,ZERO,NORMAL,NORMAL
HIGH,NORMAL,LOW,False,False,False,False,False,HIGH,NORMAL,LOW,LOW,NORMAL,LOW,ZERO,HIGH,NORMAL,HIGH,False,NORMAL,NORMAL,NORMAL
HIGH,NORMAL,LOW,False,False,False,False,False,HIGH,NORMAL,LOW,LOW,NORMAL,NORMAL,ZERO,HIGH,HIGH,NORMAL,False,ZERO,NORMAL,HIGH
HIGH,LOW,ZERO,False,False,False,False,False,NORMAL,NORMAL,LOW,HIGH,NORMAL,NORMAL,HIGH,HIGH,HIGH,NORMAL,False,HIGH,NORMAL,LOW
HIGH,NORMAL,LOW,False,False,True,True,False,HIGH,NORMAL,LOW,LOW,NORMAL,LOW,ZERO,NORMAL,NORMAL,HIGH,False,ZERO,HIGH,LOW
LOW,NORMAL,LOW,False,False,False,False,True,LOW,NORMAL,LOW,LOW,NORMAL,LOW,ZERO,LOW,LOW,LOW,False,ZERO,NORMAL,HIGH
HIGH,NORMAL,LOW,False,False,False,False,False,NORMAL,NORMAL,LOW,HIGH,NORMAL,HIGH,HIGH,HIGH,HIGH,NORMAL,False,HIGH,NORMAL,LOW
HIGH,NORMAL,LOW,False,False,False,False,False,NORMAL,NORMAL,LOW,LOW,NORMAL,HIGH,ZERO,HIGH,HIGH,NORMAL,False,ZERO,NORMAL,HIGH
HIGH,NORMAL,LOW,False,False,False,False,False,NORMAL,NORMAL,LOW,LOW,HIGH,HIGH,ZERO,HIGH,HIGH,NORMAL,False,ZERO,NORMAL,LOW
HIGH,HIGH,HIGH,False,False,False,False,False,HIGH,NORMAL,LOW,HIGH,LOW,LOW,HIGH,HIGH,HIGH,HIGH,False,HIGH,NORMAL,NORMAL
HIGH,NORMAL,LOW,False,False,False,False,False,NORMAL,NORMAL,LOW,LOW,NORMAL,HIGH,ZERO,HIGH,HIGH,NORMAL,False,ZERO,NORMAL,NORMAL
NORMAL,NORMAL,LOW,False,False,False,False,False,NORMAL,NORMAL,LOW,LOW,NORMAL,HIGH,ZERO,LOW,HIGH,NORMAL,False,ZERO,NORMAL,HIGH
HIGH,HIGH,HIGH,False,False,False,False,True,LOW,NORMAL,ZERO,HIGH,NORMAL,NORMAL,HIGH,HIGH,HIGH,LOW,False,HIGH,NORMAL,NORMAL
HIGH,NORMAL,LOW,True,False,False,False,False,HIGH,NORMAL,LOW,LOW,NORMAL,LOW,ZERO,HIGH,HIGH,HIGH,False,ZERO,NORMAL,LOW
HIGH,HIGH,HIGH,False,False,False,False,False,HIGH,NORMAL,LOW,HIGH,NORMAL,NORMAL,HIGH,HIGH,HIGH,HIGH,False,HIGH,NORMAL,LOW
HIGH,NORMAL,LOW,False,False,False,True,False,HIGH,NORMAL,LOW,LOW,NORMAL,LOW,ZERO,HIGH,HIGH,HIGH,True,ZERO,NORMAL,HIGH
LOW,NORMAL,LOW,False,False,False,False,False,NORMAL,NORMAL,LOW,LOW,NORMAL,HIGH,ZERO,HIGH,HIGH,NORMAL,False,ZERO,NORMAL,NORMAL
HIGH,NORMAL,LOW,False,False,False,False,False,NORMAL,NORMAL,LOW,LOW,NORMAL,HIGH,ZERO,HIGH,HIGH,NORMAL,False,ZERO,NORMAL,NORMAL
HIGH,NORMAL,LOW,False,False,False,False,False,NORMAL,NORMAL,LOW,LOW,HIGH,HIGH,ZERO,HIGH,HIGH,NORMAL,False,ZERO,HIGH,HIGH
HIGH,NORMAL,LOW,False,False,False,False,False,NORMAL,NORMAL,LOW,LOW,HIGH,HIGH,ZERO,HIGH,HIGH,NORMAL,True,ZERO,NORMAL,NORMAL
HIGH,NORMAL,LOW,False,False,True,False,False,NORMAL,NORMAL,LOW,LOW,NORMAL,HIGH,ZERO,NORMAL,NORMAL,NORMAL,False,ZERO,NORMAL,HIGH
NORMAL,ZERO,ZERO,False,False,False,False,False,NORMAL,NORMAL,LOW,LOW,NORMAL,HIGH,ZERO,HIGH,HIGH,NORMAL,False,ZERO,NORMAL,LOW
LOW,NORMAL,LOW,False,False,False,False,False,NORMAL,NORMAL,NORMAL,LOW,NORMAL,LOW,ZERO,LOW,HIGH,NORMAL,False,ZERO,NORMAL,NORMAL
HIGH,NORMAL,LOW,False,False,False,False,False,NORMAL,NORMAL,LOW,LOW,NORMAL,HIGH,ZERO,HIGH,HIGH,NORMAL,False,ZERO,NORMAL,HIGH
HIGH,NORMAL,LOW,False,False,False,False,True,LOW,NORMAL,LOW,LOW,NORMAL,NORMAL,LOW,HIGH,HIGH,LOW,False,ZERO,NORMAL,HIGH
HIGH,NORMAL,ZERO,True,False,False,True,False,HIGH,NORMAL,LOW,HIGH,NORMAL,LOW,HIGH,HIGH,HIGH,HIGH,False,HIGH,HIGH,LOW
HIGH,NORMAL,LOW,False,False,True,False,False,NORMAL,NORMAL,LOW,LOW,NORMAL,HIGH,ZERO,NORMAL,NORMAL,NORMAL,False,ZERO,NORMAL,NORMAL
LOW,NORMAL,LOW,False,False,False,True,False,NORMAL,ONESIDED,NORMAL,LOW,NORMAL,NORMAL,ZERO,LOW,LOW,NORMAL,False,LOW,HIGH,NORMAL
LOW,NORMAL,ZERO,False,False,False,False,False,HIGH,NORMAL,LOW,HIGH,LOW,LOW,HIGH,LOW,LOW,HIGH,False,HIGH,NORMAL,HIGH
LOW,NORMAL,LOW,False,False,False,True,False,NORMAL,NORMAL,ZERO,HIGH,NORMAL,HIGH,HIGH,LOW,LOW,NORMAL,False,HIGH,NORMAL,HIGH
HIGH,NORMAL,LOW,False,False,False,False,False,NORMAL,NORMAL,LOW,LOW,NORMAL,HIGH,ZERO,HIGH,HIGH,NORMAL,False,ZERO,NORMAL,NORMAL
HIGH,NORMAL,LOW,False,False,False,False,False,NORMAL,NORMAL,LOW,LOW,NORMAL,LOW,ZERO,HIGH,HIGH,NORMAL,False,ZERO,NORMAL,LOW
HIGH,NORMAL,LOW,False,False,False,False,False,NORMAL,NORMAL,LOW,LOW,NORMAL,HIGH,ZERO,HIGH,HIGH,NORMAL,False,ZERO,NORMAL,NORMAL
LOW,NORMAL,ZERO,False,False,False,False,False,HIGH,NORMAL,LOW,HIGH,NORMAL,NORMAL,HIGH,LOW,LOW,HIGH,False,HIGH,NORMAL,HIGH
HIGH,NORMAL,LOW,False,False,False,False,False,NORMAL,NORMAL,LOW,LOW,NORMAL,HIGH,ZERO,HIGH,HIGH,NORMAL,True,ZERO,NORMAL,HIGH
HIGH,NORMAL,LOW,False,False,False,False,False,HIGH,NORMAL,LOW,LOW,NORMAL,HIGH,ZERO,HIGH,HIGH,HIGH,False,ZERO,NORMAL,LOW
HIGH,NORMAL,LOW,False,False,False,False,False,NORMAL,NORMAL,LOW,LOW,NORMAL,HIGH,ZERO,HIGH,HIGH,NORMAL,False,ZERO,NORMAL,HIGH
HIGH,NORMAL,LOW,False,False,False,False,False,NORMAL,NORMAL,LOW,LOW,NORMAL,HIGH,ZERO,HIGH,HIGH,NORMAL,False,ZERO,NORMAL,NORMAL
HIGH,NORMAL,LOW,False,False,True,False,False,NORMAL,NORMAL,LOW,LOW,NORMAL,HIGH,ZERO,NORMAL,NORMAL,NORMAL,False,ZERO,NORMAL,NORMAL
LOW,NORMAL,LOW,False,False,False,True,False,HIGH,ONESIDED,LOW,LOW,NORMAL,NORMAL,NORMAL,LOW,LOW,HIGH,False,NORMAL,HIGH,HIGH
NORMAL,NORMAL,LOW,False,False,False,False,False,HIGH,NORMAL,LOW,LOW,NORMAL,HIGH,HIGH,HIGH,HIGH,HIGH,False,ZERO,NORMAL,LOW
LOW,NORMAL,LOW,False,False,False,False,False,NORMAL,NORMAL,LOW,LOW,NORMAL,NORMAL,ZERO,LOW,LOW,NORMAL,False,ZERO,NORMAL,NORMAL
HIGH,ZERO,ZERO,False,False,False,False,False,NORMAL,ESOPHAGEAL,LOW,NORMAL,NORMAL,HIGH,LOW,HIGH,HIGH,NORMAL,False,LOW,NORMAL,NORMAL
NORMAL,NORMAL,LOW,False,False,False,False,False,HIGH,NORMAL,LOW,LOW,NORMAL,LOW,ZERO,HIGH,HIGH,HIGH,False,ZERO,NORMAL,LOW
LOW,LOW,ZERO,False,False,False,False,False,NORMAL,NORMAL,LOW,HIGH,NORMAL,NORMAL,HIGH,LOW,LOW,NORMAL,False,HIGH,NORMAL,NORMAL
HIGH,NORMAL,LOW,False,False,False,False,False,LOW,NORMAL,LOW,LOW,NORMAL,HIGH,ZERO,HIGH,HIGH,LOW,False,ZERO,NORMAL,LOW
LOW,NORMAL,ZERO,False,False,False,False,False,NORMAL,NORMAL,LOW,NORMAL,NORMAL,NORMAL,HIGH,LOW,LOW,NORMAL,False,HIGH,NORMAL,NORMAL
HIGH,NORMAL,LOW,False,False,True,False,False,NORMAL,NORMAL,LOW,LOW,NORMAL,HIGH,ZERO,NORMAL,NORMAL,NORMAL,False,ZERO,NORMAL,NORMAL
HIGH,NORMAL,LOW,True,False,False,False,False,NORMAL,NORMAL,LOW,LOW,NORMAL,HIGH,ZERO,NORMAL,HIGH,NORMAL,False,ZERO,NORMAL,LOW
HIGH,NORMAL,LOW,False,False,False,False,False,NORMAL,ESOPHAGEAL,LOW,LOW,NORMAL,HIGH,ZERO,LOW,HIGH,NORMAL,False,ZERO,NORMAL,LOW
HIGH,HIGH,HIGH,False,False,False,False,False,NORMAL,NORMAL,LOW,HIGH,NORMAL,HIGH,HIGH,HIGH,HIGH,NORMAL,False,HIGH,NORMAL,NORMAL
HIGH,NORMAL,LOW,False,False,False,False,False,NORMAL,NORMAL,LOW,LOW,HIGH,HIGH,ZERO,HIGH,HIGH,NORMAL,False,ZERO,NORMAL,HIGH
HIGH,NORMAL,LOW,False,False,False,False,False,NORMAL,NORMAL,LOW,LOW,NORMAL,LOW,ZERO,HIGH,HIGH,NORMAL,False,ZERO,NORMAL,LOW
NORMAL,ZERO,ZERO,False,False,False,False,False,HIGH,NORMAL,LOW,HIGH,NORMAL,LOW,HIGH,LOW,LOW,HIGH,False,HIGH,NORMAL,HIGH
HIGH,NORMAL,LOW,False,False,False,False,False,NORMAL,NORMAL,LOW,LOW,NORMAL,HIGH,ZERO,HIGH,HIGH,NORMAL,False,ZERO,NORMAL,NORMAL
LOW,LOW,ZERO,False,False,False,True,False,LOW,NORMAL,LOW,HIGH,NORMAL,NORMAL,HIGH,LOW,LOW,LOW,False,HIGH,NORMAL,NORMAL
HIGH,NORMAL,LOW,False,False,False,False,False,NORMAL,ONESIDED,NORMAL,LOW,NORMAL,HIGH,LOW,HIGH,HIGH,NORMAL,False,LOW,NORMAL,LOW
HIGH,NORMAL,ZERO,False,False,False,True,False,NORMAL,NORMAL,LOW,HIGH,NORMAL,HIGH,HIGH,HIGH,HIGH,NORMAL,False,HIGH,NORMAL,LOW
HIGH,HIGH,HIGH,False,False,False,False,False,NORMAL,NORMAL,LOW,HIGH,NORMAL,HIGH,HIGH,HIGH,HIGH,NORMAL,False,HIGH,NORMAL,LOW
HIGH,HIGH,HIGH,False,False,False,False,False,NORMAL,NORMAL,LOW,HIGH,NORMAL,HIGH,HIGH,HIGH,HIGH,NORMAL,False,HIGH,NORMAL,NORMAL
HIGH,ZERO,ZERO,False,False,False,False,False,NORMAL,NORMAL,LOW,LOW,NORMAL,LOW,HIGH,HIGH,HIGH,NORMAL,False,HIGH,NORMAL,NORMAL
HIGH,NORMAL,ZERO,False,False,False,False,False,HIGH,NORMAL,LOW,HIGH,NORMAL,HIGH,HIGH,HIGH,HIGH,NORMAL,False,HIGH,NORMAL,LOW
HIGH,NORMAL,NORMAL,False,False,False,False,False,NORMAL,NORMAL,HIGH,LOW,NORMAL,NORMAL,LOW,HIGH,HIGH,NORMAL,False,LOW,NORMAL,LOW
HIGH,NORMAL,LOW,False,False,False,False,False,NORMAL,NORMAL,LOW,LOW,NORMAL,HIGH,ZERO,HIGH,HIGH,NORMAL,False,ZERO,NORMAL,NORMAL
LOW,NORMAL,ZERO,False,False,False,False,False,NORMAL,NORMAL,ZERO,HIGH,NORMAL,LOW,HIGH,LOW,LOW,NORMAL,False,HIGH,HIGH,NORMAL
HIGH,NORMAL,ZERO,False,False,False,False,False,NORMAL,NORMAL,LOW,LOW,NORMAL,HIGH,ZERO,HIGH,HIGH,NORMAL,False,ZERO,NORMAL,NORMAL
HIGH,NORMAL,LOW,False,False,False,False,False,LOW,NORMAL,LOW,LOW,NORMAL,HIGH,ZERO,HIGH,HIGH,LOW,False,ZERO,NORMAL,NORMAL
NORMAL,NORMAL,LOW,False,False,False,True,False,NORMAL,NORMAL,LOW,LOW,NORMAL,LOW,ZERO,HIGH,LOW,NORMAL,False,ZERO,NORMAL,NORMAL
HIGH,LOW,ZERO,False,False,False,False,False,NORMAL,NORMAL,LOW,HIGH,NORMAL,HIGH,HIGH,HIGH,HIGH,NORMAL,False,HIGH,NORMAL,NORMAL
HIGH,NORMAL,LOW,False,False,False,False,True,LOW,NORMAL,LOW,LOW,NORMAL,LOW,ZERO,HIGH,HIGH,LOW,False,LOW,NORMAL,LOW
HIGH,ZERO,ZERO,False,False,False,False,False,NORMAL,NORMAL,LOW,HIGH,NORMAL,HIGH,HIGH,HIGH,HIGH,NORMAL,False,HIGH,NORMAL,HIGH
HIGH,NORMAL,LOW,False,False,False,False,False,NORMAL,NORMAL,LOW,LOW,NORMAL,HIGH,ZERO,HIGH,HIGH,NORMAL,False,ZERO,HIGH,NORMAL
HIGH,ZERO,ZERO,False,False,False,False,False,NORMAL,NORMAL,LOW,HIGH,NORMAL,HIGH,HIGH,HIGH,HIGH,NORMAL,False,HIGH,NORMAL,LOW
LOW,NORMAL,LOW,False,False,False,False,False,NORMAL,NORMAL,LOW,LOW,NORMAL,HIGH,ZERO,LOW,LOW,NORMAL,False,ZERO,NORMAL,LOW
HIGH,HIGH,HIGH,False,False,False,False,False,NORMAL,NORMAL,LOW,NORMAL,NORMAL,HIGH,HIGH,HIGH,HIGH,NORMAL,False,HIGH,NORMAL,LOW
LOW,LOW,ZERO,False,False,True,False,False,LOW,NORMAL,LOW,HIGH,NORMAL,NORMAL,HIGH,NORMAL,NORMAL,LOW,False,HIGH,NORMAL,HIGH
LOW,NORMAL,LOW,False,False,True,False,False,NORMAL,ONESIDED,NORMAL,LOW,HIGH,NORMAL,NORMAL,NORMAL,HIGH,NORMAL,False,NORMAL,HIGH,HIGH
HIGH,NORMAL,LOW,False,False,True,False,True,LOW,NORMAL,LOW,LOW,NORMAL,NORMAL,ZERO,NORMAL,NORMAL,LOW,False,ZERO,NORMAL,NORMAL
HIGH,NORMAL,LOW,False,False,False,False,False,NORMAL,NORMAL,LOW,LOW,NORMAL,HIGH,ZERO,HIGH,HIGH,NORMAL,False,ZERO,NORMAL,HIGH
NORMAL,NORMAL,LOW,False,False,False,False,False,NORMAL,NORMAL,LOW,LOW,NORMAL,LOW,ZERO,LOW,LOW,NORMAL,False,ZERO,NORMAL,NORMAL
LOW,NORMAL,LOW,False,False,False,False,False,HIGH,ONESIDED,ZERO,LOW,NORMAL,LOW,NORMAL,LOW,LOW,HIGH,False,NORMAL,HIGH,HIGH
HIGH,NORMAL,LOW,False,False,True,False,False,NORMAL,NORMAL,LOW,LOW,NORMAL,HIGH,ZERO,NORMAL,NORMAL,NORMAL,False,ZERO,NORMAL,NORMAL
LOW,NORMAL,LOW,False,False,False,False,False,NORMAL,NORMAL,LOW,LOW,HIGH,NORMAL,ZERO,LOW,LOW,NORMAL,False,ZERO,NORMAL,HIGH
HIGH,NORMAL,LOW,False,False,True,False,False,NORMAL,NORMAL,LOW,LOW,HIGH,HIGH,ZERO,NORMAL,NORMAL,NORMAL,False,ZERO,NORMAL,NORMAL
HIGH,NORMAL,LOW,False,False,False,False,False,HIGH,NORMAL,LOW,LOW,NORMAL,HIGH,ZERO,HIGH,HIGH,HIGH,True,ZERO,NORMAL,NORMAL
HIGH,NORMAL,LOW,False,False,False,False,False,HIGH,NORMAL,LOW,LOW,NORMAL,LOW,ZERO,HIGH,HIGH,HIGH,False,ZERO,NORMAL,NORMAL
HIGH,NORMAL,LOW,False,False,False,False,False,NORMAL,NORMAL,LOW,LOW,NORMAL,HIGH,ZERO,HIGH,HIGH,NORMAL,False,ZERO,NORMAL,LOW
HIGH,NORMAL,LOW,False,False,False,False,False,NORMAL,NORMAL,LOW,LOW,NORMAL,HIGH,ZERO,HIGH,HIGH,NORMAL,False,ZERO,NORMAL,LOW
HIGH,NORMAL,LOW,False,False,False,False,False,NORMAL,NORMAL,LOW,LOW,NORMAL,HIGH,ZERO,HIGH,HIGH,NORMAL,False,ZERO,NORMAL,NORMAL
LOW,NORMAL,ZERO,False,False,False,False,False,NORMAL,NORMAL,LOW,HIGH,NORMAL,NORMAL,HIGH,LOW,LOW,NORMAL,False,HIGH,NORMAL,HIGH
HIGH,NORMAL,ZERO,False,False,False,False,False,NORMAL,NORMAL,LOW,HIGH,NORMAL,HIGH,HIGH,HIGH,HIGH,NORMAL,False,HIGH,NORMAL,LOW
HIGH,NORMAL,LOW,False,False,False,False,False,NORMAL,NORMAL,LOW,LOW,NORMAL,HIGH,ZERO,HIGH,HIGH,LOW,False,ZERO,NORMAL,HIGH
HIGH,LOW,ZERO,False,False,False,False,False,NORMAL,NORMAL,ZERO,HIGH,NORMAL,HIGH,HIGH,HIGH,HIGH,NORMAL,False,HIGH,NORMAL,NORMAL
HIGH,NORMAL,LOW,False,False,False,False,False,NORMAL,NORMAL,LOW,LOW,NORMAL,HIGH,ZERO,HIGH,HIGH,NORMAL,False,ZERO,NORMAL,LOW
HIGH,NORMAL,LOW,False,False,True,True,False,NORMAL,NORMAL,LOW,LOW,NORMAL,HIGH,ZERO,NORMAL,NORMAL,LOW,False,ZERO,NORMAL,LOW
HIGH,NORMAL,LOW,False,False,False,False,False,HIGH,NORMAL,LOW,LOW,HIGH,LOW,ZERO,HIGH,HIGH,HIGH,False,ZERO,HIGH,LOW
HIGH,NORMAL,LOW,False,False,False,False,False,NORMAL,NORMAL,LOW,LOW,NORMAL,HIGH,ZERO,HIGH,HIGH,NORMAL,False,ZERO,NORMAL,NORMAL
HIGH,NORMAL,LOW,False,False,False,False,False,NORMAL,NORMAL,LOW,LOW,NORMAL,HIGH,ZERO,HIGH,HIGH,NORMAL,False,ZERO,NORMAL,NORMAL
HIGH,LOW,ZERO,False,False,False,False,False,NORMAL,NORMAL,LOW,LOW,NORMAL,LOW,LOW,HIGH,HIGH,NORMAL,False,ZERO,NORMAL,HIGH
HIGH,NORMAL,LOW,False,False,False,False,False,NORMAL,NORMAL,LOW,LOW,NORMAL,HIGH,ZERO,HIGH,HIGH,NORMAL,False,ZERO,NORMAL,LOW
HIGH,ZERO,ZERO,False,False,False,False,False,NORMAL,NORMAL,LOW,HIGH,NORMAL,HIGH,HIGH,HIGH,HIGH,NORMAL,False,HIGH,NORMAL,HIGH
HIGH,NORMAL,LOW,False,False,True,False,False,HIGH,NORMAL,LOW,LOW,NORMAL,LOW,ZERO,NORMAL,NORMAL,HIGH,False,ZERO,NORMAL,LOW
HIGH,NORMAL,LOW,False,False,False,False,False,NORMAL,ONESIDED,LOW,LOW,NORMAL,HIGH,NORMAL,HIGH,HIGH,NORMAL,False,NORMAL,HIGH,NORMAL
LOW,ZERO,ZERO,False,False,False,True,False,NORMAL,NORMAL,LOW,LOW,NORMAL,LOW,ZERO,LOW,LOW,NORMAL,False,LOW,NORMAL,HIGH
LOW,ZERO,ZERO,False,False,True,False,False,LOW,NORMAL,LOW,HIGH,NORMAL,NORMAL,HIGH,LOW,NORMAL,LOW,False,HIGH,NORMAL,HIGH
NORMAL,NORMAL,LOW,False,False,False,False,False,NORMAL,NORMAL,LOW,LOW,NORMAL,HIGH,ZERO,HIGH,HIGH,NORMAL,False,ZERO,NORMAL,LOW
LOW,ZERO,HIGH,False,False,False,False,False,HIGH,NORMAL,LOW,NORMAL,NORMAL,NORMAL,HIGH,LOW,LOW,HIGH,False,HIGH,NORMAL,NORMAL
HIGH,NORMAL,LOW,False,False,False,False,False,NORMAL,NORMAL,LOW,LOW,NORMAL,HIGH,ZERO,HIGH,HIGH,NORMAL,False,ZERO,NORMAL,NORMAL
HIGH,NORMAL,LOW,False,False,False,False,False,NORMAL,NORMAL,LOW,LOW,NORMAL,HIGH,ZERO,HIGH,HIGH,NORMAL,False,ZERO,NORMAL,HIGH
HIGH,NORMAL,LOW,False,False,False,False,False,NORMAL,NORMAL,LOW,LOW,NORMAL,HIGH,ZERO,HIGH,HIGH,NORMAL,False,ZERO,NORMAL,NORMAL
HIGH,NORMAL,LOW,False,False,False,False,False,NORMAL,NORMAL,LOW,LOW,NORMAL,LOW,ZERO,HIGH,HIGH,NORMAL,False,ZERO,NORMAL,HIGH
LOW,NORMAL,LOW,False,False,False,False,False,HIGH,NORMAL,LOW,LOW,NORMAL,NORMAL,ZERO,LOW,LOW,HIGH,False,ZERO,NORMAL,LOW
HIGH,NORMAL,LOW,False,False,False,False,False,NORMAL,NORMAL,LOW,LOW,NORMAL,HIGH,ZERO,HIGH,HIGH,NORMAL,False,ZERO,NORMAL,HIGH
HIGH,NORMAL,LOW,False,False,False,False,False,NORMAL,NORMAL,LOW,LOW,NORMAL,HIGH,ZERO,HIGH,HIGH,NORMAL,False,ZERO,NORMAL,LOW
HIGH,ZERO,ZERO,False,False,False,False,False,NORMAL,NORMAL,LOW,LOW,NORMAL,HIGH,ZERO,HIGH,HIGH,NORMAL,False,ZERO,NORMAL,LOW
LOW,NORMAL,LOW,False,False,False,False,False,NORMAL,NORMAL,LOW,LOW,NORMAL,NORMAL,ZERO,LOW,LOW,NORMAL,False,ZERO,NORMAL,LOW
HIGH,NORMAL,LOW,False,False,False,False,False,HIGH,NORMAL,LOW,LOW,NORMAL,LOW,ZERO,HIGH,HIGH,HIGH,False,ZERO,NORMAL,LOW
HIGH,NORMAL,LOW,False,False,True,False,False,NORMAL,NORMAL,LOW,LOW,NORMAL,LOW,ZERO,NORMAL,NORMAL,NORMAL,False,ZERO,NORMAL,HIGH
HIGH,NORMAL,NORMAL,False,False,False,False,False,HIGH,NORMAL,HIGH,LOW,NORMAL,LOW,LOW,HIGH,HIGH,HIGH,False,LOW,NORMAL,NORMAL
HIGH,NORMAL,LOW,False,False,False,False,False,NORMAL,NORMAL,LOW,LOW,LOW,HIGH,ZERO,HIGH,HIGH,NORMAL,False,ZERO,NORMAL,LOW
LOW,NORMAL,LOW,False,False,False,True,False,HIGH,NORMAL,LOW,LOW,NORMAL,LOW,ZERO,LOW,LOW,HIGH,False,ZERO,NORMAL,HIGH
HIGH,NORMAL,LOW,False,False,False,False,False,HIGH,NORMAL,LOW,LOW,NORMAL,NORMAL,ZERO,HIGH,HIGH,HIGH,False,ZERO,NORMAL,NORMAL
HIGH,NORMAL,LOW,False,False,False,False,False,NORMAL,NORMAL,LOW,LOW,NORMAL,HIGH,ZERO,HIGH,HIGH,NORMAL,False,ZERO,NORMAL,LOW
HIGH,NORMAL,LOW,False,False,True,False,False,NORMAL,NORMAL,LOW,LOW,NORMAL,HIGH,ZERO,NORMAL,NORMAL,NORMAL,False,ZERO,NORMAL,NORMAL
HIGH,LOW,ZERO,False,False,False,False,False,NORMAL,NORMAL,LOW,HIGH,NORMAL,HIGH,HIGH,HIGH,HIGH,NORMAL,False,HIGH,NORMAL,NORMAL
HIGH,NORMAL,LOW,False,False,False,False,False,NORMAL,NORMAL,LOW,LOW,NORMAL,HIGH,ZERO,HIGH,HIGH,NORMAL,False,NORMAL,NORMAL,LOW
HIGH,NORMAL,LOW,False,False,False,False,False,NORMAL,NORMAL,LOW,LOW,NORMAL,HIGH,ZERO,HIGH,HIGH,NORMAL,False,ZERO,NORMAL,HIGH
LOW,NORMAL,LOW,False,False,False,False,False,NORMAL,ONESIDED,LOW,LOW,NORMAL,NORMAL,NORMAL,LOW,LOW,NORMAL,False,NORMAL,HIGH,HIGH
HIGH,NORMAL,LOW,False,False,False,False,False,HIGH,NORMAL,LOW,LOW,NORMAL,LOW,ZERO,HIGH,HIGH,NORMAL,False,ZERO,HIGH,NORMAL
HIGH,NORMAL,LOW,False,False,False,False,False,NORMAL,NORMAL,LOW,LOW,NORMAL,HIGH,ZERO,HIGH,HIGH,NORMAL,False,ZERO,NORMAL,LOW
HIGH,NORMAL,LOW,False,False,False,False,False,HIGH,NORMAL,LOW,LOW,NORMAL,HIGH,ZERO,HIGH,HIGH,HIGH,False,ZERO,NORMAL,NORMAL
HIGH,NORMAL,ZERO,False,False,False,False,False,HIGH,NORMAL,LOW,HIGH,NORMAL,HIGH,HIGH,HIGH,HIGH,HIGH,False,HIGH,NORMAL,LOW
HIGH,NORMAL,LOW,False,False,False,False,False,NORMAL,NORMAL,LOW,LOW,NORMAL,HIGH,HIGH,HIGH,HIGH,NORMAL,False,ZERO,NORMAL,HIGH
HIGH,NORMAL,LOW,False,False,False,False,False,NORMAL,ESOPHAGEAL,ZERO,LOW,NORMAL,HIGH,ZERO,HIGH,HIGH,NORMAL,False,NORMAL,NORMAL,NORMAL
HIGH,NORMAL,LOW,False,False,False,False,False,NORMAL,NORMAL,LOW,LOW,NORMAL,HIGH,ZERO,HIGH,HIGH,NORMAL,True,ZERO,NORMAL,NORMAL
HIGH,LOW,ZERO,False,False,False,False,False,NORMAL,NORMAL,LOW,LOW,NORMAL,HIGH,ZERO,HIGH,HIGH,NORMAL,False,ZERO,NORMAL,NORMAL
HIGH,NORMAL,LOW,False,False,False,True,False,NORMAL,NORMAL,LOW,LOW,HIGH,HIGH,ZERO,HIGH,HIGH,NORMAL,False,ZERO,NORMAL,HIGH
HIGH,NORMAL,LOW,False,False,False,False,False,NORMAL,NORMAL,LOW,LOW,NORMAL,HIGH,ZERO,HIGH,HIGH,NORMAL,False,ZERO,NORMAL,HIGH
LOW,NORMAL,LOW,False,False,False,False,False,NORMAL,NORMAL,LOW,LOW,NORMAL,NORMAL,ZERO,LOW,LOW,NORMAL,False,ZERO,NORMAL,HIGH
HIGH,ZERO,ZERO,False,False,False,False,False,HIGH,NORMAL,ZERO,HIGH,NORMAL,HIGH,HIGH,HIGH,HIGH,HIGH,False,HIGH,NORMAL,LOW
LOW,NORMAL,LOW,False,False,False,False,False,NORMAL,NORMAL,LOW,LOW,NORMAL,NORMAL,ZERO,LOW,LOW,NORMAL,False,ZERO,NORMAL,HIGH
NORMAL,NORMAL,ZERO,False,False,True,False,False,NORMAL,NORMAL,LOW,HIGH,NORMAL,HIGH,HIGH,NORMAL,NORMAL,NORMAL,False,HIGH,HIGH,LOW
LOW,NORMAL,LOW,False,False,True,False,False,HIGH,NORMAL,LOW,LOW,NORMAL,NORMAL,NORMAL,LOW,NORMAL,HIGH,False,ZERO,NORMAL,HIGH
HIGH,NORMAL,LOW,False,False,True,False,False,NORMAL,NORMAL,LOW,LOW,NORMAL,HIGH,ZERO,NORMAL,NORMAL,LOW,False,ZERO,NORMAL,LOW
LOW,NORMAL,LOW,False,False,False,False,False,NORMAL,NORMAL,LOW,LOW,NORMAL,LOW,ZERO,HIGH,HIGH,NORMAL,False,ZERO,NORMAL,NORMAL
HIGH,NORMAL,LOW,False,False,False,False,False,NORMAL,NORMAL,LOW,LOW,NORMAL,HIGH,ZERO,HIGH,HIGH,NORMAL,False,ZERO,NORMAL,NORMAL
HIGH,NORMAL,LOW,False,False,False,False,False,NORMAL,NORMAL,LOW,LOW,NORMAL,HIGH,ZERO,HIGH,HIGH,NORMAL,False,ZERO,NORMAL,HIGH
HIGH,NORMAL,LOW,False,False,False,False,False,HIGH,NORMAL,LOW,LOW,NORMAL,HIGH,ZERO,HIGH,HIGH,HIGH,False,ZERO,NORMAL,HIGH
HIGH,NORMAL,LOW,False,False,False,True,False,NORMAL,NORMAL,HIGH,LOW,NORMAL,NORMAL,ZERO,HIGH,HIGH,NORMAL,False,ZERO,NORMAL,NORMAL
HIGH,NORMAL,LOW,False,False,False,False,False,HIGH,NORMAL,LOW,LOW,NORMAL,LOW,ZERO,HIGH,HIGH,HIGH,False,ZERO,NORMAL,NORMAL
HIGH,NORMAL,LOW,False,False,False,False,False,HIGH,NORMAL,LOW,LOW,NORMAL,HIGH,ZERO,HIGH,HIGH,HIGH,False,ZERO,NORMAL,NORMAL
HIGH,ZERO,ZERO,False,False,False,True,False,HIGH,NORMAL,LOW,LOW,NORMAL,NORMAL,ZERO,HIGH,HIGH,NORMAL,False,ZERO,NORMAL,HIGH
LOW,NORMAL,ZERO,False,False,False,False,False,NORMAL,ESOPHAGEAL,LOW,LOW,NORMAL,NORMAL,LOW,LOW,LOW,NORMAL,False,LOW,HIGH,HIGH
HIGH,NORMAL,LOW,False,False,False,False,False,HIGH,NORMAL,LOW,LOW,NORMAL,HIGH,ZERO,HIGH,HIGH,HIGH,False,ZERO,NORMAL,HIGH
HIGH,NORMAL,LOW,False,False,False,False,False,NORMAL,NORMAL,LOW,LOW,NORMAL,HIGH,ZERO,HIGH,HIGH,NORMAL,False,ZERO,NORMAL,NORMAL
LOW,HIGH,HIGH,False,False,False,False,False,NORMAL,NORMAL,LOW,HIGH,NORMAL,NORMAL,HIGH,LOW,LOW,NORMAL,False,HIGH,NORMAL,HIGH
LOW,NORMAL,LOW,False,False,False,False,False,NORMAL,ONESIDED,LOW,LOW,LOW,LOW,NORMAL,LOW,NORMAL,NORMAL,False,NORMAL,HIGH,HIGH
HIGH,NORMAL,LOW,False,False,False,False,True,LOW,ESOPHAGEAL,LOW,LOW,NORMAL,LOW,LOW,HIGH,HIGH,LOW,False,LOW,NORMAL,NORMAL
HIGH,NORMAL,LOW,False,False,False,False,False,HIGH,NORMAL,LOW,LOW,NORMAL,LOW,ZERO,HIGH,HIGH,NORMAL,False,ZERO,NORMAL,HIGH
HIGH,NORMAL,LOW,False,False,False,False,False,NORMAL,NORMAL,LOW,LOW,NORMAL,HIGH,ZERO,HIGH,HIGH,NORMAL,False,ZERO,NORMAL,LOW
NORMAL,NORMAL,LOW,False,False,False,True,False,NORMAL,NORMAL,LOW,LOW,NORMAL,HIGH,ZERO,HIGH,HIGH,NORMAL,False,ZERO,HIGH,LOW
HIGH,NORMAL,LOW,False,False,False,False,False,NORMAL,NORMAL,LOW,LOW,NORMAL,HIGH,LOW,HIGH,HIGH,NORMAL,False,ZERO,NORMAL,LOW
HIGH,NORMAL,LOW,False,False,True,False,True,LOW,NORMAL,LOW,LOW,NORMAL,HIGH,ZERO,NORMAL,NORMAL,LOW,False,ZERO,NORMAL,NORMAL
HIGH,NORMAL,LOW,False,False,False,False,False,NORMAL,ONESIDED,LOW,LOW,NORMAL,HIGH,NORMAL,HIGH,HIGH,NORMAL,False,NORMAL,HIGH,NORMAL
HIGH,NORMAL,LOW,False,False,False,False,False,NORMAL,NORMAL,HIGH,NORMAL,NORMAL,LOW,LOW,LOW,LOW,NORMAL,False,LOW,NORMAL,LOW
HIGH,NORMAL,LOW,False,False,False,False,False,NORMAL,NORMAL,LOW,LOW,NORMAL,HIGH,ZERO,HIGH,HIGH,NORMAL,False,ZERO,NORMAL,NORMAL
HIGH,NORMAL,LOW,False,False,False,False,False,NORMAL,ONESIDED,NORMAL,LOW,NORMAL,HIGH,LOW,HIGH,HIGH,NORMAL,False,LOW,HIGH,LOW
LOW,NORMAL,LOW,False,False,False,False,True,LOW,NORMAL,LOW,LOW,NORMAL,LOW,ZERO,LOW,LOW,LOW,False,ZERO,NORMAL,NORMAL
HIGH,NORMAL,LOW,False,False,False,False,False,LOW,NORMAL,LOW,LOW,NORMAL,HIGH,ZERO,HIGH,HIGH,LOW,False,ZERO,NORMAL,NORMAL
HIGH,HIGH,HIGH,False,False,False,False,False,NORMAL,NORMAL,ZERO,LOW,NORMAL,HIGH,HIGH,HIGH,HIGH,NORMAL,False,NORMAL,HIGH,HIGH
HIGH,NORMAL,LOW,False,False,False,False,True,LOW,NORMAL,LOW,LOW,NORMAL,LOW,ZERO,HIGH,HIGH,LOW,False,ZERO,NORMAL,NORMAL
HIGH,NORMAL,LOW,False,False,False,False,False,NORMAL,NORMAL,LOW,LOW,NORMAL,HIGH,ZERO,HIGH,HIGH,NORMAL,False,ZERO,NORMAL,NORMAL
HIGH,NORMAL,LOW,False,False,False,False,False,NORMAL,NORMAL,LOW,LOW,NORMAL,NORMAL,ZERO,HIGH,HIGH,NORMAL,False,ZERO,NORMAL,NORMAL
NORMAL,LOW,ZERO,False,False,False,False,False,HIGH,ESOPHAGEAL,LOW,LOW,NORMAL,HIGH,LOW,HIGH,HIGH,HIGH,False,LOW,NORMAL,NORMAL
HIGH,NORMAL,LOW,False,False,False,False,False,NORMAL,NORMAL,LOW,LOW,NORMAL,HIGH,ZERO,HIGH,HIGH,NORMAL,False,ZERO,NORMAL,NORMAL
HIGH,NORMAL,ZERO,False,False,True,False,False,LOW,NORMAL,LOW,HIGH,NORMAL,HIGH,HIGH,NORMAL,LOW,LOW,False,HIGH,NORMAL,NORMAL
HIGH,NORMAL,NORMAL,False,False,False,False,False,NORMAL,NORMAL,HIGH,LOW,NORMAL,NORMAL,LOW,HIGH,HIGH,NORMAL,False,LOW,NORMAL,HIGH
HIGH,NORMAL,LOW,False,False,False,True,False,NORMAL,NORMAL,LOW,LOW,NORMAL,HIGH,ZERO,HIGH,HIGH,LOW,False,ZERO,NORMAL,HIGH
HIGH,NORMAL,LOW,False,False,True,False,False,HIGH,NORMAL,LOW,LOW,NORMAL,LOW,ZERO,NORMAL,NORMAL,HIGH,False,ZERO,NORMAL,NORMAL
HIGH,LOW,ZERO,False,False,False,False,False,NORMAL,NORMAL,LOW,HIGH,NORMAL,LOW,HIGH,HIGH,HIGH,NORMAL,False,HIGH,NORMAL,LOW
HIGH,NORMAL,ZERO,False,False,False,False,False,NORMAL,ONESIDED,LOW,LOW,NORMAL,HIGH,NORMAL,HIGH,HIGH,NORMAL,False,NORMAL,HIGH,NORMAL
LOW,NORMAL,LOW,False,False,False,False,False,NORMAL,NORMAL,LOW,LOW,NORMAL,NORMAL,ZERO,LOW,LOW,NORMAL,False,ZERO,NORMAL,HIGH
HIGH,NORMAL,LOW,False,False,False,False,False,HIGH,NORMAL,LOW,LOW,NORMAL,LOW,ZERO,HIGH,HIGH,HIGH,False,ZERO,NORMAL,LOW
LOW,NORMAL,LOW,False,False,False,False,False,NORMAL,NORMAL,ZERO,LOW,NORMAL,NORMAL,ZERO,LOW,LOW,NORMAL,False,ZERO,NORMAL,NORMAL
HIGH,NORMAL,LOW,False,False,False,False,False,NORMAL,NORMAL,LOW,LOW,NORMAL,HIGH,ZERO,HIGH,HIGH,NORMAL,False,ZERO,NORMAL,LOW
HIGH,NORMAL,LOW,False,False,False,False,False,LOW,NORMAL,LOW,LOW,NORMAL,HIGH,ZERO,HIGH,HIGH,LOW,False,ZERO,NORMAL,HIGH
HIGH,NORMAL,LOW,False,False,False,False,False,NORMAL,NORMAL,LOW,LOW,NORMAL,LOW,ZERO,HIGH,HIGH,NORMAL,False,ZERO,NORMAL,HIGH
HIGH,NORMAL,LOW,False,False,True,True,False,NORMAL,NORMAL,LOW,LOW,NORMAL,HIGH,ZERO,NORMAL,NORMAL,NORMAL,False,ZERO,NORMAL,LOW
HIGH,ZERO,ZERO,False,False,False,False,False,NORMAL,NORMAL,LOW,LOW,NORMAL,HIGH,ZERO,HIGH,HIGH,NORMAL,False,ZERO,NORMAL,LOW
HIGH,NORMAL,LOW,False,False,False,False,False,NORMAL,NORMAL,LOW,LOW,NORMAL,HIGH,ZERO,HIGH,HIGH,NORMAL,False,ZERO,NORMAL,LOW
HIGH,NORMAL,LOW,False,False,False,False,False,NORMAL,NORMAL,LOW,LOW,NORMAL,HIGH,ZERO,HIGH,HIGH,NORMAL,False,ZERO,NORMAL,LOW
HIGH,LOW,ZERO,False,False,False,False,False,NORMAL,ONESIDED,LOW,LOW,NORMAL,HIGH,NORMAL,HIGH,HIGH,NORMAL,False,NORMAL,HIGH,LOW
LOW,NORMAL,LOW,False,False,False,True,False,NORMAL,NORMAL,ZERO,LOW,NORMAL,NORMAL,ZERO,LOW,LOW,NORMAL,False,ZERO,NORMAL,NORMAL
LOW,NORMAL,LOW,False,False,True,False,False,NORMAL,NORMAL,LOW,LOW,NORMAL,HIGH,ZERO,NORMAL,NORMAL,NORMAL,False,ZERO,NORMAL,HIGH
HIGH,NORMAL,HIGH,False,False,True,False,False,NORMAL,NORMAL,LOW,HIGH,NORMAL,HIGH,HIGH,NORMAL,NORMAL,HIGH,False,HIGH,NORMAL,LOW
HIGH,NORMAL,LOW,False,False,False,False,False,NORMAL,NORMAL,LOW,LOW,NORMAL,HIGH,ZERO,LOW,HIGH,NORMAL,False,ZERO,NORMAL,HIGH
HIGH,NORMAL,LOW,False,False,False,False,False,NORMAL,NORMAL,LOW,HIGH,NORMAL,HIGH,HIGH,HIGH,HIGH,NORMAL,False,HIGH,NORMAL,NORMAL
HIGH,NORMAL,LOW,False,False,False,False,False,NORMAL,NORMAL,LOW,LOW,NORMAL,HIGH,ZERO,HIGH,HIGH,NORMAL,False,ZERO,NORMAL,HIGH
HIGH,NORMAL,LOW,False,False,False,False,False,HIGH,ONESIDED,NORMAL,LOW,NORMAL,HIGH,ZERO,HIGH,HIGH,HIGH,False,LOW,HIGH,HIGH
LOW,ZERO,ZERO,False,False,True,False,False,NORMAL,NORMAL,LOW,HIGH,NORMAL,NORMAL,HIGH,LOW,NORMAL,NORMAL,False,HIGH,NORMAL,HIGH
HIGH,NORMAL,LOW,False,False,False,False,False,NORMAL,NORMAL,LOW,LOW,HIGH,HIGH,ZERO,HIGH,HIGH,NORMAL,False,ZERO,NORMAL,HIGH
NORMAL,NORMAL,ZERO,False,False,False,False,False,NORMAL,NORMAL,LOW,HIGH,NORMAL,LOW,ZERO,LOW,LOW,NORMAL,False,HIGH,NORMAL,HIGH
LOW,NORMAL,LOW,False,False,False,False,False,NORMAL,ESOPHAGEAL,LOW,LOW,NORMAL,NORMAL,LOW,LOW,LOW,NORMAL,False,LOW,NORMAL,LOW
HIGH,NORMAL,LOW,False,False,False,False,False,NORMAL,NORMAL,LOW,LOW,NORMAL,HIGH,ZERO,HIGH,HIGH,NORMAL,False,ZERO,NORMAL,HIGH
HIGH,ZERO,ZERO,False,False,False,False,False,NORMAL,NORMAL,LOW,LOW,NORMAL,HIGH,ZERO,HIGH,HIGH,NORMAL,False,ZERO,HIGH,HIGH
LOW,NORMAL,LOW,False,False,False,False,False,HIGH,NORMAL,LOW,LOW,NORMAL,NORMAL,ZERO,LOW,LOW,HIGH,False,ZERO,NORMAL,LOW
HIGH,NORMAL,ZERO,False,False,False,False,False,NORMAL,NORMAL,LOW,LOW,NORMAL,HIGH,ZERO,HIGH,HIGH,NORMAL,False,ZERO,NORMAL,LOW
HIGH,NORMAL,LOW,False,False,False,False,False,HIGH,NORMAL,LOW,LOW,NORMAL,NORMAL,ZERO,HIGH,HIGH,HIGH,False,LOW,NORMAL,HIGH
HIGH,LOW,ZERO,False,False,False,False,True,LOW,NORMAL,LOW,LOW,NORMAL,LOW,ZERO,HIGH,HIGH,LOW,False,ZERO,NORMAL,NORMAL
LOW,NORMAL,LOW,False,False,True,False,False,NORMAL,NORMAL,LOW,NORMAL,NORMAL,NORMAL,HIGH,LOW,NORMAL,NORMAL,False,HIGH,NORMAL,HIGH
HIGH,NORMAL,LOW,False,False,False,False,False,NORMAL,NORMAL,LOW,LOW,NORMAL,HIGH,ZERO,HIGH,HIGH,NORMAL,False,ZERO,NORMAL,HIGH
LOW,NORMAL,LOW,False,False,False,False,False,LOW,NORMAL,LOW,LOW,NORMAL,NORMAL,ZERO,LOW,LOW,LOW,False,ZERO,NORMAL,LOW
NORMAL,NORMAL,LOW,False,False,False,False,False,NORMAL,NORMAL,LOW,LOW,NORMAL,HIGH,ZERO,HIGH,NORMAL,NORMAL,False,ZERO,NORMAL,HIGH
HIGH,NORMAL,LOW,False,False,False,False,False,HIGH,NORMAL,LOW,LOW,NORMAL,LOW,ZERO,HIGH,HIGH,NORMAL,False,NORMAL,NORMAL,NORMAL
HIGH,NORMAL,LOW,False,False,False,False,False,NORMAL,NORMAL,LOW,LOW,NORMAL,LOW,ZERO,HIGH,HIGH,NORMAL,True,ZERO,NORMAL,LOW
HIGH,NORMAL,LOW,False,True,False,True,False,NORMAL,NORMAL,LOW,LOW,NORMAL,HIGH,ZERO,HIGH,HIGH,NORMAL,False,ZERO,HIGH,LOW
HIGH,NORMAL,LOW,False,False,False,False,False,NORMAL,NORMAL,HIGH,LOW,NORMAL,HIGH,LOW,HIGH,HIGH,NORMAL,False,LOW,NORMAL,LOW
HIGH,NORMAL,LOW,False,False,False,False,False,NORMAL,NORMAL,HIGH,LOW,NORMAL,HIGH,LOW,HIGH,HIGH,NORMAL,False,LOW,NORMAL,HIGH
HIGH,NORMAL,ZERO,False,False,False,False,False,NORMAL,NORMAL,LOW,HIGH,NORMAL,HIGH,HIGH,HIGH,HIGH,NORMAL,False,HIGH,NORMAL,LOW
HIGH,NORMAL,LOW,False,False,False,False,False,NORMAL,NORMAL,LOW,LOW,NORMAL,HIGH,ZERO,HIGH,HIGH,NORMAL,True,ZERO,NORMAL,LOW
HIGH,LOW,ZERO,False,False,False,False,False,NORMAL,NORMAL,LOW,HIGH,NORMAL,HIGH,HIGH,HIGH,HIGH,NORMAL,False,HIGH,NORMAL,NORMAL
HIGH,NORMAL,LOW,False,False,False,False,False,NORMAL,NORMAL,LOW,LOW,NORMAL,LOW,ZERO,HIGH,HIGH,NORMAL,False,ZERO,NORMAL,NORMAL
HIGH,NORMAL,LOW,False,False,False,False,False,NORMAL,NORMAL,LOW,LOW,LOW,HIGH,ZERO,HIGH,HIGH,NORMAL,False,ZERO,NORMAL,LOW
HIGH,NORMAL,LOW,False,False,False,False,False,NORMAL,NORMAL,LOW,NORMAL,NORMAL,HIGH,ZERO,HIGH,HIGH,NORMAL,False,ZERO,NORMAL,LOW
HIGH,NORMAL,LOW,False,False,False,False,False,HIGH,NORMAL,LOW,LOW,NORMAL,LOW,ZERO,HIGH,HIGH,HIGH,False,ZERO,HIGH,LOW
HIGH,NORMAL,LOW,False,False,True,False,False,HIGH,NORMAL,LOW,LOW,NORMAL,HIGH,HIGH,NORMAL,NORMAL,HIGH,False,ZERO,NORMAL,LOW
HIGH,NORMAL,LOW,False,False,False,False,False,NORMAL,NORMAL,LOW,LOW,HIGH,HIGH,ZERO,HIGH,HIGH,NORMAL,False,ZERO,NORMAL,LOW
HIGH,LOW,ZERO,False,False,False,False,False,NORMAL,ONESIDED,ZERO,LOW,NORMAL,NORMAL,NORMAL,NORMAL,LOW,NORMAL,False,NORMAL,HIGH,LOW
NORMAL,NORMAL,LOW,False,False,False,False,False,NORMAL,ONESIDED,NORMAL,LOW,NORMAL,HIGH,LOW,HIGH,HIGH,NORMAL,False,LOW,HIGH,HIGH
HIGH,NORMAL,LOW,False,False,False,False,False,NORMAL,NORMAL,LOW,LOW,NORMAL,HIGH,ZERO,HIGH,HIGH,NORMAL,False,ZERO,NORMAL,LOW
HIGH,NORMAL,ZERO,False,False,False,False,False,NORMAL,NORMAL,NORMAL,LOW,LOW,HIGH,ZERO,HIGH,HIGH,NORMAL,False,NORMAL,NORMAL,NORMAL
HIGH,NORMAL,LOW,False,False,False,False,False,HIGH,NORMAL,LOW,LOW,NORMAL,LOW,ZERO,HIGH,HIGH,HIGH,False,ZERO,NORMAL,NORMAL
LOW,NORMAL,LOW,False,False,False,False,False,HIGH,NORMAL,LOW,NORMAL,NORMAL,NORMAL,ZERO,LOW,LOW,HIGH,False,ZERO,NORMAL,LOW
NORMAL,NORMAL,LOW,False,False,False,False,False,NORMAL,NORMAL,LOW,LOW,NORMAL,HIGH,ZERO,HIGH,HIGH,NORMAL,False,ZERO,NORMAL,LOW
HIGH,NORMAL,LOW,False,False,False,False,False,LOW,NORMAL,HIGH,LOW,NORMAL,HIGH,LOW,HIGH,HIGH,LOW,False,LOW,NORMAL,NORMAL
HIGH,NORMAL,LOW,False,False,False,False,False,NORMAL,NORMAL,LOW,LOW,NORMAL,LOW,ZERO,HIGH,HIGH,NORMAL,False,ZERO,NORMAL,HIGH
HIGH,HIGH,NORMAL,False,False,False,False,False,NORMAL,NORMAL,HIGH,LOW,NORMAL,HIGH,LOW,LOW,HIGH,NORMAL,False,LOW,NORMAL,NORMAL
HIGH,NORMAL,LOW,False,False,False,False,False,NORMAL,NORMAL,LOW,NORMAL,NORMAL,NORMAL,HIGH,LOW,LOW,NORMAL,False,HIGH,NORMAL,HIGH
HIGH,NORMAL,LOW,False,False,False,False,False,HIGH,NORMAL,LOW,LOW,NORMAL,LOW,ZERO,HIGH,HIGH,HIGH,False,ZERO,NORMAL,LOW
HIGH,HIGH,HIGH,False,False,False,False,False,HIGH,NORMAL,HIGH,HIGH,NORMAL,HIGH,HIGH,HIGH,HIGH,HIGH,False,HIGH,NORMAL,NORMAL
HIGH,NORMAL,LOW,False,False,True,False,False,NORMAL,NORMAL,LOW,LOW,NORMAL,HIGH,ZERO,NORMAL,NORMAL,NORMAL,False,ZERO,NORMAL,LOW
NORMAL,NORMAL,ZERO,True,False,False,False,False,HIGH,NORMAL,LOW,LOW,NORMAL,LOW,ZERO,HIGH,HIGH,HIGH,False,ZERO,NORMAL,LOW
LOW,NORMAL,LOW,False,False,False,False,False,NORMAL,NORMAL,ZERO,LOW,NORMAL,HIGH,ZERO,LOW,LOW,NORMAL,False,ZERO,NORMAL,LOW
HIGH,LOW,HIGH,False,False,False,False,False,NORMAL,NORMAL,LOW,HIGH,NORMAL,HIGH,HIGH,HIGH,HIGH,NORMAL,False,HIGH,NORMAL,NORMAL
HIGH,NORMAL,ZERO,False,False,False,False,True,NORMAL,NORMAL,LOW,HIGH,NORMAL,LOW,HIGH,HIGH,HIGH,NORMAL,False,HIGH,NORMAL,NORMAL
HIGH,NORMAL,LOW,False,False,True,False,False,NORMAL,NORMAL,LOW,NORMAL,NORMAL,HIGH,ZERO,NORMAL,NORMAL,NORMAL,False,ZERO,NORMAL,NORMAL
HIGH,NORMAL,LOW,False,False,False,False,False,NORMAL,NORMAL,LOW,LOW,LOW,HIGH,ZERO,HIGH,HIGH,NORMAL,False,ZERO,NORMAL,HIGH
HIGH,NORMAL,LOW,False,False,False,False,False,NORMAL,NORMAL,LOW,LOW,NORMAL,LOW,ZERO,HIGH,HIGH,LOW,False,ZERO,NORMAL,LOW
HIGH,LOW,ZERO,False,False,False,False,False,NORMAL,NORMAL,LOW,HIGH,NORMAL,HIGH,HIGH,HIGH,HIGH,NORMAL,False,HIGH,NORMAL,NORMAL
NORMAL,NORMAL,LOW,False,False,False,False,False,HIGH,NORMAL,LOW,LOW,NORMAL,LOW,ZERO,HIGH,HIGH,HIGH,False,ZERO,NORMAL,NORMAL
LOW,ZERO,ZERO,False,False,False,False,False,HIGH,NORMAL,LOW,HIGH,NORMAL,NORMAL,HIGH,LOW,LOW,HIGH,False,HIGH,NORMAL,HIGH
HIGH,NORMAL,LOW,False,False,False,False,False,HIGH,NORMAL,LOW,LOW,NORMAL,HIGH,ZERO,HIGH,LOW,NORMAL,False,ZERO,NORMAL,NORMAL
HIGH,LOW,ZERO,False,False,False,False,False,NORMAL,NORMAL,ZERO,HIGH,NORMAL,HIGH,HIGH,HIGH,HIGH,NORMAL,False,HIGH,NORMAL,LOW
HIGH,NORMAL,LOW,True,False,False,True,False,NORMAL,NORMAL,LOW,LOW,NORMAL,HIGH,ZERO,HIGH,HIGH,NORMAL,False,ZERO,NORMAL,LOW
HIGH,NORMAL,LOW,False,False,False,False,False,HIGH,NORMAL,LOW,NORMAL,NORMAL,LOW,HIGH,HIGH,LOW,HIGH,False,HIGH,NORMAL,NORMAL
LOW,NORMAL,LOW,False,False,True,False,False,NORMAL,NORMAL,LOW,LOW,NORMAL,NORMAL,ZERO,NORMAL,HIGH,NORMAL,False,ZERO,HIGH,HIGH
HIGH,NORMAL,LOW,False,False,False,False,False,HIGH,NORMAL,LOW,LOW,NORMAL,LOW,ZERO,HIGH,HIGH,HIGH,False,ZERO,NORMAL,NORMAL
HIGH,NORMAL,LOW,False,False,False,False,True,LOW,NORMAL,LOW,LOW,NORMAL,LOW,ZERO,HIGH,HIGH,LOW,False,ZERO,NORMAL,NORMAL
HIGH,NORMAL,LOW,False,False,False,True,False,NORMAL,NORMAL,LOW,LOW,NORMAL,HIGH,ZERO,HIGH,HIGH,NORMAL,False,ZERO,NORMAL,NORMAL
HIGH,NORMAL,LOW,False,False,False,False,False,HIGH,NORMAL,LOW,LOW,NORMAL,LOW,ZERO,HIGH,HIGH,HIGH,False,ZERO,HIGH,LOW
LOW,NORMAL,LOW,False,False,False,False,False,NORMAL,NORMAL,LOW,LOW,NORMAL,NORMAL,ZERO,LOW,LOW,NORMAL,False,ZERO,NORMAL,NORMAL
HIGH,NORMAL,ZERO,False,False,False,False,False,NORMAL,NORMAL,LOW,LOW,NORMAL,HIGH,ZERO,HIGH,HIGH,NORMAL,False,ZERO,NORMAL,HIGH
LOW,NORMAL,LOW,False,False,False,True,False,NORMAL,ONESIDED,NORMAL,LOW,NORMAL,NORMAL,ZERO,LOW,LOW,NORMAL,False,LOW,HIGH,HIGH
NORMAL,NORMAL,LOW,False,False,False,False,False,NORMAL,NORMAL,LOW,LOW,NORMAL,HIGH,ZERO,HIGH,HIGH,LOW,False,ZERO,NORMAL,LOW
LOW,ZERO,ZERO,False,False,False,False,True,LOW,NORMAL,LOW,HIGH,NORMAL,LOW,HIGH,LOW,LOW,LOW,False,HIGH,NORMAL,HIGH
HIGH,NORMAL,LOW,False,False,True,False,False,NORMAL,NORMAL,LOW,LOW,NORMAL,HIGH,ZERO,NORMAL,NORMAL,NORMAL,False,ZERO,NORMAL,LOW
HIGH,NORMAL,LOW,False,False,False,False,False,NORMAL,ESOPHAGEAL,LOW,LOW,NORMAL,HIGH,LOW,HIGH,HIGH,NORMAL,True,LOW,NORMAL,HIGH
HIGH,NORMAL,LOW,False,False,False,False,False,NORMAL,NORMAL,LOW,LOW,HIGH,HIGH,ZERO,HIGH,HIGH,NORMAL,False,ZERO,NORMAL,NORMAL
HIGH,NORMAL,ZERO,False,False,False,False,False,NORMAL,NORMAL,LOW,LOW,NORMAL,LOW,ZERO,HIGH,HIGH,NORMAL,False,ZERO,NORMAL,LOW
HIGH,NORMAL,LOW,False,False,True,False,False,HIGH,NORMAL,LOW,LOW,NORMAL,HIGH,ZERO,NORMAL,NORMAL,HIGH,False,NORMAL,NORMAL,NORMAL
HIGH,LOW,ZERO,False,False,False,False,True,LOW,NORMAL,LOW,NORMAL,NORMAL,LOW,HIGH,HIGH,HIGH,LOW,False,HIGH,NORMAL,NORMAL
HIGH,NORMAL,LOW,False,False,False,False,False,NORMAL,NORMAL,LOW,LOW,NORMAL,HIGH,ZERO,HIGH,HIGH,NORMAL,False,ZERO,NORMAL,HIGH
HIGH,NORMAL,LOW,False,False,False,False,False,NORMAL,NORMAL,LOW,LOW,HIGH,HIGH,ZERO,HIGH,HIGH,NORMAL,False,ZERO,NORMAL,LOW
HIGH,NORMAL,LOW,False,False,False,False,False,NORMAL,NORMAL,LOW,LOW,NORMAL,HIGH,ZERO,HIGH,HIGH,NORMAL,False,ZERO,NORMAL,NORMAL
LOW,NORMAL,LOW,False,False,False,False,False,HIGH,NORMAL,LOW,LOW,NORMAL,HIGH,ZERO,HIGH,HIGH,HIGH,False,ZERO,NORMAL,NORMAL
LOW,NORMAL,LOW,False,False,False,False,False,NORMAL,NORMAL,LOW,LOW,NORMAL,NORMAL,ZERO,LOW,LOW,NORMAL,False,ZERO,NORMAL,HIGH
LOW,NORMAL,LOW,False,False,False,False,False,NORMAL,NORMAL,LOW,LOW,NORMAL,LOW,ZERO,NORMAL,HIGH,NORMAL,False,ZERO,NORMAL,HIGH
HIGH,NORMAL,LOW,False,False,False,False,False,NORMAL,NORMAL,LOW,LOW,NORMAL,HIGH,ZERO,HIGH,NORMAL,NORMAL,True,ZERO,NORMAL,HIGH
HIGH,NORMAL,LOW,False,False,False,False,False,NORMAL,NORMAL,LOW,LOW,NORMAL,HIGH,ZERO,HIGH,HIGH,NORMAL,False,ZERO,NORMAL,LOW
HIGH,NORMAL,LOW,False,False,False,False,False,NORMAL,NORMAL,LOW,LOW,NORMAL,HIGH,ZERO,HIGH,HIGH,NORMAL,False,ZERO,NORMAL,HIGH
HIGH,NORMAL,LOW,False,False,False,False,False,NORMAL,ESOPHAGEAL,LOW,LOW,NORMAL,HIGH,LOW,HIGH,HIGH,NORMAL,False,LOW,NORMAL,LOW
HIGH,NORMAL,LOW,False,False,False,False,False,HIGH,NORMAL,LOW,LOW,NORMAL,LOW,ZERO,HIGH,HIGH,HIGH,False,ZERO,NORMAL,NORMAL
LOW,NORMAL,LOW,False,False,False,False,False,NORMAL,NORMAL,LOW,LOW,NORMAL,NORMAL,ZERO,LOW,LOW,NORMAL,False,ZERO,NORMAL,NORMAL
HIGH,NORMAL,LOW,False,False,True,False,False,NORMAL,NORMAL,LOW,LOW,NORMAL,NORMAL,ZERO,HIGH,LOW,NORMAL,False,ZERO,NORMAL,LOW
HIGH,NORMAL,LOW,False,False,False,False,False,NORMAL,NORMAL,LOW,LOW,NORMAL,HIGH,ZERO,HIGH,HIGH,NORMAL,False,ZERO,NORMAL,NORMAL
LOW,NORMAL,LOW,False,False,False,True,False,HIGH,NORMAL,LOW,LOW,NORMAL,NORMAL,ZERO,LOW,LOW,HIGH,False,ZERO,NORMAL,NORMAL
HIGH,NORMAL,LOW,False,False,False,False,False,NORMAL,NORMAL,LOW,LOW,NORMAL,HIGH,ZERO,HIGH,HIGH,NORMAL,False,ZERO,NORMAL,LOW
HIGH,NORMAL,LOW,False,False,False,False,False,NORMAL,NORMAL,LOW,LOW,NORMAL,HIGH,ZERO,HIGH,HIGH,NORMAL,False,ZERO,NORMAL,LOW
HIGH,NORMAL,LOW,False,False,False,False,False,NORMAL,NORMAL,LOW,LOW,LOW,HIGH,ZERO,HIGH,HIGH,NORMAL,False,ZERO,NORMAL,LOW
LOW,NORMAL,ZERO,False,False,False,False,False,NORMAL,ONESIDED,HIGH,LOW,NORMAL,LOW,NORMAL,LOW,LOW,NORMAL,False,NORMAL,HIGH,NORMAL
LOW,NORMAL,ZERO,False,False,False,False,False,NORMAL,NORMAL,LOW,HIGH,NORMAL,NORMAL,HIGH,LOW,LOW,NORMAL,False,HIGH,NORMAL,HIGH
HIGH,NORMAL,LOW,False,False,True,False,False,NORMAL,NORMAL,LOW,HIGH,NORMAL,HIGH,HIGH,NORMAL,NORMAL,LOW,False,HIGH,NORMAL,NORMAL
HIGH,NORMAL,LOW,False,False,False,False,False,NORMAL,NORMAL,LOW,LOW,NORMAL,HIGH,ZERO,HIGH,HIGH,NORMAL,False,ZERO,NORMAL,NORMAL
HIGH,NORMAL,LOW,False,False,False,False,False,NORMAL,NORMAL,LOW,LOW,NORMAL,HIGH,ZERO,HIGH,HIGH,NORMAL,False,ZERO,NORMAL,NORMAL
LOW,NORMAL,LOW,False,False,False,False,True,LOW,NORMAL,LOW,HIGH,NORMAL,LOW,HIGH,LOW,LOW,LOW,False,HIGH,NORMAL,HIGH
HIGH,NORMAL,LOW,False,False,False,False,False,NORMAL,ONESIDED,NORMAL,LOW,LOW,HIGH,LOW,HIGH,HIGH,NORMAL,False,LOW,NORMAL,NORMAL
HIGH,NORMAL,LOW,False,False,False,False,False,NORMAL,NORMAL,LOW,LOW,HIGH,HIGH,ZERO,HIGH,HIGH,NORMAL,False,ZERO,NORMAL,LOW
HIGH,LOW,LOW,False,False,False,False,False,NORMAL,NORMAL,LOW,LOW,NORMAL,HIGH,ZERO,HIGH,HIGH,NORMAL,False,ZERO,NORMAL,LOW
HIGH,NORMAL,LOW,False,False,False,False,False,NORMAL,NORMAL,LOW,LOW,NORMAL,LOW,ZERO,HIGH,HIGH,NORMAL,False,ZERO,NORMAL,NORMAL
HIGH,NORMAL,LOW,False,False,True,False,True,LOW,NORMAL,LOW,LOW,NORMAL,NORMAL,ZERO,NORMAL,NORMAL,LOW,False,ZERO,NORMAL,NORMAL
LOW,NORMAL,LOW,False,False,False,False,False,NORMAL,NORMAL,LOW,LOW,NORMAL,NORMAL,ZERO,LOW,LOW,NORMAL,False,ZERO,NORMAL,NORMAL
LOW,NORMAL,LOW,False,False,False,True,False,NORMAL,NORMAL,LOW,LOW,NORMAL,NORMAL,ZERO,LOW,LOW,NORMAL,False,ZERO,NORMAL,LOW
HIGH,NORMAL,LOW,False,False,False,False,False,NORMAL,NORMAL,LOW,LOW,NORMAL,HIGH,ZERO,HIGH,HIGH,NORMAL,False,ZERO,NORMAL,NORMAL
LOW,NORMAL,LOW,False,False,False,False,False,HIGH,NORMAL,LOW,LOW,NORMAL,NORMAL,ZERO,LOW,LOW,HIGH,False,ZERO,NORMAL,NORMAL
LOW,NORMAL,LOW,False,False,False,False,False,LOW,ONESIDED,LOW,LOW,HIGH,NORMAL,NORMAL,LOW,LOW,LOW,False,NORMAL,HIGH,HIGH
HIGH,NORMAL,LOW,False,False,False,True,False,NORMAL,ESOPHAGEAL,NORMAL,LOW,NORMAL,HIGH,ZERO,HIGH,HIGH,NORMAL,False,ZERO,NORMAL,HIGH
HIGH,NORMAL,LOW,False,False,False,True,False,NORMAL,NORMAL,LOW,LOW,NORMAL,HIGH,ZERO,HIGH,HIGH,NORMAL,False,ZERO,NORMAL,HIGH
HIGH,NORMAL,LOW,False,False,False,True,False,NORMAL,NORMAL,LOW,LOW,NORMAL,HIGH,ZERO,HIGH,HIGH,LOW,False,ZERO,NORMAL,NORMAL
HIGH,NORMAL,LOW,False,False,False,False,False,NORMAL,NORMAL,LOW,LOW,NORMAL,HIGH,ZERO,HIGH,HIGH,NORMAL,False,ZERO,NORMAL,LOW
HIGH,NORMAL,LOW,False,False,False,False,False,NORMAL,NORMAL,LOW,LOW,NORMAL,HIGH,ZERO,HIGH,HIGH,NORMAL,False,ZERO,NORMAL,NORMAL
HIGH,LOW,ZERO,False,False,False,False,False,NORMAL,NORMAL,LOW,HIGH,NORMAL,LOW,HIGH,HIGH,HIGH,NORMAL,False,HIGH,NORMAL,LOW
HIGH,NORMAL,LOW,False,False,False,False,False,NORMAL,NORMAL,LOW,LOW,NORMAL,NORMAL,ZERO,HIGH,HIGH,NORMAL,False,ZERO,HIGH,NORMAL
HIGH,NORMAL,LOW,False,False,False,False,False,HIGH,NORMAL,LOW,LOW,NORMAL,HIGH,ZERO,HIGH,HIGH,HIGH,False,ZERO,NORMAL,LOW
HIGH,NORMAL,LOW,False,False,False,False,False,NORMAL,NORMAL,LOW,LOW,NORMAL,HIGH,ZERO,HIGH,HIGH,NORMAL,False,ZERO,NORMAL,HIGH
HIGH,LOW,HIGH,False,False,False,False,False,NORMAL,NORMAL,ZERO,HIGH,NORMAL,NORMAL,HIGH,HIGH,HIGH,NORMAL,False,HIGH,NORMAL,LOW
HIGH,HIGH,HIGH,False,False,False,False,False,HIGH,NORMAL,LOW,LOW,NORMAL,HIGH,ZERO,HIGH,HIGH,HIGH,True,ZERO,NORMAL,LOW
HIGH,HIGH,HIGH,False,False,False,False,False,HIGH,NORMAL,LOW,HIGH,NORMAL,HIGH,HIGH,HIGH,HIGH,HIGH,False,HIGH,NORMAL,NORMAL
HIGH,NORMAL,ZERO,False,False,False,False,True,LOW,NORMAL,ZERO,HIGH,NORMAL,LOW,HIGH,HIGH,HIGH,LOW,False,HIGH,NORMAL,NORMAL
HIGH,NORMAL,LOW,False,False,False,True,False,NORMAL,NORMAL,LOW,LOW,NORMAL,HIGH,ZERO,HIGH,HIGH,NORMAL,False,ZERO,NORMAL,NORMAL
HIGH,NORMAL,LOW,False,False,False,False,False,HIGH,NORMAL,LOW,LOW,NORMAL,HIGH,ZERO,HIGH,HIGH,HIGH,False,ZERO,NORMAL,HIGH
LOW,NORMAL,LOW,False,False,True,False,True,LOW,NORMAL,ZERO,LOW,NORMAL,NORMAL,ZERO,LOW,HIGH,LOW,False,ZERO,NORMAL,NORMAL
HIGH,NORMAL,ZERO,False,False,False,False,False,NORMAL,NORMAL,LOW,LOW,NORMAL,HIGH,ZERO,HIGH,HIGH,NORMAL,False,ZERO,NORMAL,LOW
HIGH,NORMAL,LOW,False,False,False,False,False,NORMAL,NORMAL,LOW,LOW,NORMAL,HIGH,ZERO,HIGH,HIGH,NORMAL,False,ZERO,NORMAL,HIGH
HIGH,NORMAL,LOW,False,False,False,True,False,NORMAL,ONESIDED,LOW,LOW,NORMAL,HIGH,NORMAL,HIGH,HIGH,NORMAL,False,NORMAL,HIGH,NORMAL
LOW,NORMAL,LOW,False,False,False,False,False,NORMAL,NORMAL,LOW,LOW,NORMAL,NORMAL,ZERO,LOW,LOW,NORMAL,False,ZERO,NORMAL,NORMAL
HIGH,NORMAL,ZERO,False,False,False,True,False,NORMAL,ONESIDED,ZERO,LOW,NORMAL,HIGH,ZERO,HIGH,HIGH,NORMAL,False,ZERO,HIGH,HIGH
HIGH,LOW,ZERO,False,False,False,False,False,NORMAL,NORMAL,LOW,HIGH,NORMAL,HIGH,HIGH,HIGH,HIGH,NORMAL,False,HIGH,NORMAL,LOW
HIGH,NORMAL,LOW,False,False,True,False,False,NORMAL,ONESIDED,LOW,LOW,NORMAL,HIGH,NORMAL,NORMAL,NORMAL,NORMAL,False,NORMAL,HIGH,NORMAL
HIGH,HIGH,HIGH,False,False,False,False,False,HIGH,NORMAL,LOW,HIGH,NORMAL,HIGH,HIGH,HIGH,HIGH,HIGH,False,HIGH,NORMAL,LOW
HIGH,NORMAL,LOW,False,False,False,False,False,NORMAL,NORMAL,HIGH,LOW,NORMAL,HIGH,LOW,HIGH,HIGH,NORMAL,False,LOW,NORMAL,HIGH
LOW,NORMAL,ZERO,False,False,False,False,False,HIGH,NORMAL,LOW,HIGH,NORMAL,HIGH,HIGH,HIGH,HIGH,HIGH,False,HIGH,NORMAL,NORMAL
HIGH,NORMAL,ZERO,False,False,False,False,False,NORMAL,NORMAL,LOW,LOW,NORMAL,HIGH,ZERO,HIGH,HIGH,NORMAL,False,NORMAL,NORMAL,NORMAL
HIGH,NORMAL,LOW,False,False,False,False,False,HIGH,NORMAL,LOW,LOW,NORMAL,HIGH,ZERO,HIGH,HIGH,HIGH,False,ZERO,NORMAL,NORMAL
NORMAL,NORMAL,LOW,False,False,False,True,False,NORMAL,NORMAL,LOW,LOW,NORMAL,HIGH,ZERO,HIGH,HIGH,NORMAL,False,ZERO,NORMAL,NORMAL
HIGH,NORMAL,LOW,False,False,False,True,False,NORMAL,NORMAL,LOW,LOW,NORMAL,LOW,ZERO,HIGH,HIGH,NORMAL,False,ZERO,NORMAL,NORMAL
HIGH,NORMAL,LOW,True,False,False,False,False,NORMAL,NORMAL,LOW,LOW,LOW,HIGH,ZERO,HIGH,HIGH,NORMAL,True,ZERO,NORMAL,LOW
HIGH,NORMAL,LOW,False,False,False,False,False,NORMAL,NORMAL,LOW,LOW,NORMAL,HIGH,ZERO,HIGH,HIGH,NORMAL,True,ZERO,NORMAL,HIGH
HIGH,NORMAL,LOW,False,False,True,False,False,NORMAL,NORMAL,LOW,LOW,NORMAL,HIGH,ZERO,NORMAL,NORMAL,NORMAL,False,ZERO,NORMAL,NORMAL
LOW,NORMAL,LOW,False,False,False,False,False,HIGH,NORMAL,LOW,LOW,NORMAL,NORMAL,ZERO,LOW,LOW,HIGH,False,ZERO,NORMAL,HIGH
HIGH,NORMAL,LOW,False,False,False,False,False,NORMAL,NORMAL,ZERO,HIGH,NORMAL,HIGH,ZERO,HIGH,HIGH,NORMAL,False,HIGH,NORMAL,LOW
HIGH,NORMAL,LOW,False,False,False,False,False,NORMAL,NORMAL,LOW,LOW,NORMAL,NORMAL,ZERO,LOW,LOW,NORMAL,False,ZERO,NORMAL,LOW
HIGH,LOW,ZERO,False,False,True,False,False,NORMAL,NORMAL,LOW,HIGH,NORMAL,HIGH,NORMAL,NORMAL,NORMAL,NORMAL,False,HIGH,HIGH,NORMAL
NORMAL,LOW,ZERO,False,False,False,False,False,NORMAL,NORMAL,LOW,HIGH,LOW,NORMAL,HIGH,LOW,LOW,NORMAL,False,HIGH,NORMAL,HIGH
HIGH,NORMAL,LOW,False,False,False,True,False,NORMAL,NORMAL,LOW,LOW,NORMAL,HIGH,ZERO,HIGH,HIGH,NORMAL,False,ZERO,NORMAL,NORMAL
HIGH,NORMAL,ZERO,False,False,False,False,False,LOW,NORMAL,LOW,HIGH,NORMAL,HIGH,HIGH,HIGH,HIGH,LOW,False,HIGH,NORMAL,NORMAL
LOW,NORMAL,LOW,False,False,False,False,False,NORMAL,NORMAL,LOW,LOW,NORMAL,NORMAL,ZERO,LOW,LOW,NORMAL,False,ZERO,HIGH,LOW
HIGH,NORMAL,LOW,False,False,False,False,False,LOW,NORMAL,LOW,LOW,NORMAL,HIGH,ZERO,HIGH,HIGH,LOW,False,ZERO,NORMAL,LOW
HIGH,NORMAL,LOW,False,False,True,False,False,NORMAL,NORMAL,LOW,LOW,NORMAL,HIGH,ZERO,NORMAL,NORMAL,NORMAL,False,ZERO,HIGH,NORMAL
NORMAL,NORMAL,LOW,False,False,True,False,False,NORMAL,NORMAL,LOW,LOW,NORMAL,LOW,ZERO,HIGH,LOW,NORMAL,False,ZERO,NORMAL,NORMAL
HIGH,NORMAL,ZERO,False,False,False,False,False,NORMAL,NORMAL,LOW,HIGH,NORMAL,HIGH,HIGH,HIGH,HIGH,NORMAL,False,HIGH,NORMAL,NORMAL
HIGH,NORMAL,LOW,False,False,False,False,False,NORMAL,NORMAL,LOW,LOW,NORMAL,HIGH,ZERO,HIGH,HIGH,NORMAL,False,ZERO,NORMAL,NORMAL
HIGH,NORMAL,LOW,False,False,False,False,False,NORMAL,NORMAL,LOW,LOW,NORMAL,HIGH,ZERO,HIGH,HIGH,NORMAL,False,ZERO,NORMAL,NORMAL
HIGH,HIGH,HIGH,False,False,False,False,False,NORMAL,NORMAL,LOW,HIGH,NORMAL,HIGH,HIGH,HIGH,HIGH,NORMAL,False,HIGH,NORMAL,NORMAL
HIGH,LOW,ZERO,False,False,False,False,False,NORMAL,NORMAL,LOW,HIGH,HIGH,HIGH,HIGH,HIGH,HIGH,NORMAL,False,HIGH,NORMAL,NORMAL
HIGH,NORMAL,LOW,False,False,False,False,False,LOW,NORMAL,LOW,LOW,NORMAL,HIGH,ZERO,HIGH,HIGH,LOW,False,LOW,NORMAL,NORMAL
LOW,NORMAL,LOW,False,False,False,False,False,HIGH,NORMAL,LOW,LOW,NORMAL,NORMAL,ZERO,LOW,NORMAL,HIGH,False,ZERO,NORMAL,LOW
HIGH,NORMAL,LOW,False,False,False,False,False,NORMAL,NORMAL,LOW,LOW,NORMAL,LOW,ZERO,HIGH,HIGH,NORMAL,False,ZERO,NORMAL,NORMAL
NORMAL,ZERO,ZERO,False,False,False,False,False,HIGH,NORMAL,ZERO,HIGH,HIGH,LOW,HIGH,LOW,LOW,HIGH,False,HIGH,NORMAL,HIGH
LOW,LOW,ZERO,False,False,False,False,False,NORMAL,NORMAL,HIGH,HIGH,NORMAL,LOW,HIGH,LOW,LOW,NORMAL,False,HIGH,NORMAL,HIGH
HIGH,LOW,ZERO,False,False,False,False,False,NORMAL,ESOPHAGEAL,LOW,LOW,NORMAL,HIGH,LOW,HIGH,HIGH,NORMAL,False,LOW,NORMAL,NORMAL
HIGH,NORMAL,LOW,False,False,False,False,False,NORMAL,ONESIDED,LOW,LOW,NORMAL,HIGH,NORMAL,HIGH,HIGH,NORMAL,False,NORMAL,HIGH,LOW
HIGH,NORMAL,LOW,False,False,True,False,False,NORMAL,NORMAL,LOW,LOW,NORMAL,LOW,ZERO,NORMAL,NORMAL,NORMAL,False,ZERO,NORMAL,NORMAL
HIGH,NORMAL,LOW,False,False,False,False,False,NORMAL,NORMAL,LOW,LOW,NORMAL,HIGH,ZERO,HIGH,HIGH,NORMAL,False,ZERO,NORMAL,LOW
HIGH,ZERO,ZERO,False,False,False,False,False,HIGH,NORMAL,ZERO,NORMAL,NORMAL,HIGH,HIGH,HIGH,HIGH,HIGH,False,NORMAL,NORMAL,LOW
LOW,NORMAL,LOW,False,False,False,False,False,NORMAL,NORMAL,LOW,LOW,NORMAL,NORMAL,ZERO,LOW,LOW,NORMAL,False,ZERO,NORMAL,HIGH
HIGH,NORMAL,LOW,False,False,False,False,False,NORMAL,NORMAL,LOW,LOW,NORMAL,HIGH,ZERO,HIGH,HIGH,NORMAL,False,ZERO,NORMAL,HIGH
HIGH,NORMAL,ZERO,False,False,False,False,False,NORMAL,NORMAL,LOW,HIGH,NORMAL,NORMAL,HIGH,HIGH,HIGH,NORMAL,False,HIGH,NORMAL,NORMAL
HIGH,NORMAL,LOW,False,False,False,False,False,NORMAL,NORMAL,LOW,LOW,NORMAL,HIGH,ZERO,HIGH,HIGH,NORMAL,False,ZERO,NORMAL,NORMAL
LOW,NORMAL,LOW,False,False,False,False,False,LOW,NORMAL,LOW,LOW,NORMAL,NORMAL,ZERO,LOW,LOW,LOW,False,ZERO,NORMAL,NORMAL
HIGH,NORMAL,LOW,False,False,False,False,False,NORMAL,NORMAL,LOW,LOW,NORMAL,HIGH,ZERO,HIGH,NORMAL,NORMAL,False,ZERO,NORMAL,LOW
HIGH,NORMAL,LOW,True,False,False,False,False,NORMAL,NORMAL,LOW,LOW,NORMAL,HIGH,ZERO,HIGH,HIGH,NORMAL,False,ZERO,NORMAL,LOW
HIGH,NORMAL,LOW,False,False,False,False,False,NORMAL,NORMAL,LOW,LOW,NORMAL,HIGH,ZERO,HIGH,HIGH,NORMAL,False,ZERO,NORMAL,NORMAL
LOW,NORMAL,LOW,False,False,False,True,False,NORMAL,NORMAL,LOW,LOW,NORMAL,HIGH,ZERO,HIGH,HIGH,NORMAL,False,ZERO,NORMAL,LOW
HIGH,NORMAL,LOW,False,False,False,False,False,NORMAL,NORMAL,LOW,LOW,NORMAL,HIGH,ZERO,HIGH,HIGH,NORMAL,False,ZERO,NORMAL,LOW
NORMAL,ZERO,ZERO,False,False,False,False,False,NORMAL,NORMAL,LOW,HIGH,NORMAL,LOW,HIGH,HIGH,HIGH,NORMAL,False,HIGH,NORMAL,NORMAL
HIGH,NORMAL,LOW,False,False,False,False,False,HIGH,NORMAL,LOW,LOW,NORMAL,HIGH,ZERO,HIGH,HIGH,HIGH,False,ZERO,NORMAL,LOW
HIGH,NORMAL,LOW,False,False,True,False,False,HIGH,NORMAL,LOW,LOW,NORMAL,HIGH,ZERO,NORMAL,NORMAL,HIGH,False,ZERO,NORMAL,NORMAL
HIGH,NORMAL,LOW,False,False,False,False,False,NORMAL,NORMAL,LOW,LOW,LOW,HIGH,ZERO,HIGH,HIGH,NORMAL,False,ZERO,NORMAL,HIGH
NORMAL,NORMAL,LOW,False,True,False,False,False,NORMAL,NORMAL,LOW,LOW,HIGH,HIGH,ZERO,HIGH,HIGH,NORMAL,False,ZERO,HIGH,NORMAL
HIGH,NORMAL,LOW,False,False,False,True,False,NORMAL,ESOPHAGEAL,NORMAL,LOW,NORMAL,HIGH,ZERO,HIGH,HIGH,NORMAL,False,ZERO,NORMAL,LOW
HIGH,NORMAL,LOW,False,False,False,True,False,NORMAL,NORMAL,LOW,LOW,LOW,HIGH,ZERO,HIGH,HIGH,NORMAL,False,ZERO,NORMAL,LOW
HIGH,NORMAL,LOW,False,False,False,False,False,NORMAL,NORMAL,ZERO,LOW,HIGH,LOW,ZERO,LOW,LOW,NORMAL,False,ZERO,NORMAL,HIGH
HIGH,HIGH,ZERO,False,False,False,False,False,NORMAL,NORMAL,LOW,LOW,NORMAL,HIGH,ZERO,HIGH,HIGH,NORMAL,False,ZERO,NORMAL,NORMAL
LOW,HIGH,HIGH,False,False,False,False,False,NORMAL,NORMAL,LOW,HIGH,NORMAL,HIGH,HIGH,LOW,LOW,NORMAL,False,HIGH,NORMAL,HIGH
HIGH,NORMAL,ZERO,True,False,False,False,False,NORMAL,NORMAL,LOW,HIGH,NORMAL,HIGH,HIGH,NORMAL,HIGH,NORMAL,False,HIGH,HIGH,LOW
HIGH,NORMAL,LOW,False,False,False,False,False,NORMAL,NORMAL,LOW,LOW,NORMAL,HIGH,ZERO,HIGH,HIGH,NORMAL,False,ZERO,NORMAL,LOW
HIGH,NORMAL,LOW,False,False,True,False,False,NORMAL,NORMAL,LOW,LOW,NORMAL,NORMAL,ZERO,NORMAL,NORMAL,NORMAL,False,ZERO,NORMAL,HIGH
HIGH,NORMAL,LOW,False,False,False,False,False,HIGH,NORMAL,LOW,LOW,NORMAL,NORMAL,ZERO,HIGH,HIGH,HIGH,False,ZERO,NORMAL,NORMAL
HIGH,NORMAL,LOW,False,False,False,False,False,NORMAL,NORMAL,LOW,LOW,NORMAL,LOW,LOW,HIGH,HIGH,NORMAL,False,ZERO,NORMAL,HIGH
NORMAL,NORMAL,ZERO,False,False,False,True,False,NORMAL,NORMAL,LOW,HIGH,NORMAL,HIGH,HIGH,HIGH,HIGH,NORMAL,False,HIGH,NORMAL,NORMAL
HIGH,NORMAL,LOW,False,False,False,False,False,NORMAL,ONESIDED,NORMAL,LOW,NORMAL,HIGH,ZERO,HIGH,HIGH,NORMAL,False,LOW,HIGH,HIGH
HIGH,NORMAL,LOW,False,False,False,False,False,NORMAL,NORMAL,LOW,LOW,NORMAL,HIGH,ZERO,HIGH,HIGH,NORMAL,False,ZERO,HIGH,HIGH
HIGH,NORMAL,LOW,False,False,False,False,False,NORMAL,NORMAL,LOW,LOW,NORMAL,HIGH,ZERO,HIGH,HIGH,NORMAL,False,ZERO,NORMAL,NORMAL
HIGH,NORMAL,LOW,False,False,True,False,False,NORMAL,NORMAL,LOW,LOW,NORMAL,HIGH,ZERO,NORMAL,NORMAL,NORMAL,False,ZERO,NORMAL,NORMAL
HIGH,NORMAL,LOW,False,False,False,False,False,NORMAL,NORMAL,LOW,LOW,NORMAL,HIGH,ZERO,HIGH,HIGH,NORMAL,False,ZERO,NORMAL,HIGH
LOW,NORMAL,LOW,False,False,False,False,False,NORMAL,NORMAL,LOW,LOW,NORMAL,NORMAL,ZERO,LOW,LOW,NORMAL,False,ZERO,NORMAL,LOW
HIGH,NORMAL,LOW,False,False,False,False,False,NORMAL,ONESIDED,HIGH,LOW,NORMAL,HIGH,NORMAL,HIGH,HIGH,NORMAL,False,NORMAL,HIGH,NORMAL
HIGH,NORMAL,LOW,False,False,False,False,False,NORMAL,NORMAL,LOW,LOW,NORMAL,HIGH,ZERO,HIGH,HIGH,NORMAL,False,ZERO,NORMAL,NORMAL
HIGH,NORMAL,LOW,False,False,False,False,False,NORMAL,NORMAL,HIGH,LOW,NORMAL,HIGH,LOW,HIGH,HIGH,NORMAL,False,LOW,NORMAL,NORMAL
HIGH,ZERO,ZERO,False,False,False,False,False,NORMAL,NORMAL,LOW,HIGH,NORMAL,LOW,HIGH,HIGH,HIGH,NORMAL,False,HIGH,NORMAL,NORMAL
HIGH,NORMAL,LOW,False,False,False,False,False,LOW,NORMAL,LOW,LOW,NORMAL,HIGH,ZERO,HIGH,HIGH,LOW,False,ZERO,NORMAL,LOW
LOW,NORMAL,LOW,False,False,False,False,False,LOW,ONESIDED,NORMAL,LOW,HIGH,NORMAL,ZERO,LOW,LOW,LOW,False,LOW,HIGH,HIGH
HIGH,HIGH,HIGH,False,False,False,True,False,NORMAL,NORMAL,LOW,HIGH,NORMAL,HIGH,HIGH,HIGH,HIGH,LOW,False,HIGH,NORMAL,NORMAL
HIGH,NORMAL,LOW,False,False,False,True,False,HIGH,NORMAL,LOW,LOW,LOW,HIGH,ZERO,HIGH,HIGH,HIGH,False,ZERO,NORMAL,NORMAL
HIGH,NORMAL,LOW,False,False,False,False,False,NORMAL,ONESIDED,NORMAL,LOW,NORMAL,HIGH,ZERO,HIGH,HIGH,NORMAL,False,LOW,NORMAL,HIGH
HIGH,NORMAL,LOW,False,False,False,False,False,NORMAL,NORMAL,LOW,LOW,NORMAL,HIGH,ZERO,HIGH,HIGH,NORMAL,False,ZERO,HIGH,LOW
NORMAL,ZERO,ZERO,False,False,False,False,False,HIGH,NORMAL,ZERO,HIGH,NORMAL,LOW,HIGH,NORMAL,LOW,HIGH,False,HIGH,NORMAL,NORMAL
NORMAL,NORMAL,LOW,False,False,False,False,False,NORMAL,NORMAL,LOW,LOW,NORMAL,LOW,ZERO,NORMAL,NORMAL,NORMAL,False,ZERO,NORMAL,LOW
HIGH,NORMAL,LOW,False,False,False,False,False,NORMAL,NORMAL,ZERO,HIGH,NORMAL,HIGH,ZERO,HIGH,HIGH,NORMAL,False,HIGH,NORMAL,NORMAL
HIGH,NORMAL,LOW,False,False,False,False,False,NORMAL,NORMAL,LOW,LOW,NORMAL,HIGH,NORMAL,LOW,HIGH,NORMAL,False,ZERO,NORMAL,HIGH
LOW,HIGH,HIGH,False,False,False,False,False,NORMAL,NORMAL,LOW,HIGH,NORMAL,HIGH,HIGH,LOW,LOW,NORMAL,False,HIGH,NORMAL,HIGH
LOW,NORMAL,LOW,False,False,False,False,False,HIGH,NORMAL,LOW,LOW,NORMAL,NORMAL,ZERO,LOW,LOW,HIGH,False,ZERO,NORMAL,NORMAL
HIGH,NORMAL,LOW,False,False,True,False,False,NORMAL,NORMAL,LOW,LOW,NORMAL,HIGH,ZERO,NORMAL,NORMAL,NORMAL,False,ZERO,NORMAL,LOW
LOW,NORMAL,LOW,False,False,False,False,False,NORMAL,NORMAL,LOW,LOW,NORMAL,NORMAL,ZERO,LOW,LOW,NORMAL,False,ZERO,HIGH,NORMAL
HIGH,NORMAL,LOW,False,False,False,False,False,NORMAL,NORMAL,LOW,LOW,NORMAL,HIGH,ZERO,HIGH,HIGH,NORMAL,False,ZERO,NORMAL,LOW
HIGH,NORMAL,LOW,False,False,False,False,False,NORMAL,NORMAL,LOW,LOW,NORMAL,HIGH,ZERO,HIGH,HIGH,NORMAL,False,ZERO,NORMAL,NORMAL
HIGH,NORMAL,LOW,False,False,False,False,False,NORMAL,NORMAL,LOW,LOW,NORMAL,HIGH,ZERO,HIGH,HIGH,NORMAL,False,ZERO,NORMAL,LOW
HIGH,NORMAL,LOW,False,False,False,False,False,NORMAL,NORMAL,LOW,LOW,HIGH,HIGH,ZERO,HIGH,HIGH,NORMAL,False,ZERO,HIGH,NORMAL
HIGH,NORMAL,NORMAL,False,False,False,False,False,NORMAL,ONESIDED,LOW,LOW,NORMAL,HIGH,NORMAL,HIGH,HIGH,LOW,False,NORMAL,HIGH,LOW
HIGH,NORMAL,LOW,False,False,False,False,False,HIGH,NORMAL,LOW,LOW,NORMAL,LOW,ZERO,HIGH,HIGH,LOW,False,ZERO,HIGH,NORMAL
HIGH,NORMAL,LOW,False,False,False,False,False,LOW,NORMAL,LOW,HIGH,NORMAL,HIGH,HIGH,HIGH,HIGH,LOW,False,HIGH,NORMAL,NORMAL
LOW,NORMAL,LOW,False,False,False,False,False,NORMAL,NORMAL,LOW,LOW,NORMAL,HIGH,ZERO,HIGH,HIGH,NORMAL,False,ZERO,NORMAL,NORMAL
HIGH,ZERO,ZERO,False,False,False,False,False,NORMAL,NORMAL,LOW,HIGH,NORMAL,HIGH,HIGH,HIGH,HIGH,NORMAL,False,HIGH,NORMAL,NORMAL
HIGH,HIGH,HIGH,False,False,False,False,False,NORMAL,NORMAL,LOW,HIGH,NORMAL,LOW,HIGH,HIGH,HIGH,NORMAL,False,HIGH,NORMAL,LOW
LOW,ZERO,ZERO,False,False,False,False,False,NORMAL,NORMAL,LOW,LOW,NORMAL,NORMAL,ZERO,LOW,LOW,NORMAL,False,ZERO,NORMAL,HIGH
HIGH,NORMAL,LOW,False,False,False,False,False,NORMAL,NORMAL,LOW,LOW,NORMAL,HIGH,ZERO,HIGH,HIGH,NORMAL,False,ZERO,NORMAL,HIGH
HIGH,NORMAL,LOW,False,False,False,False,False,HIGH,NORMAL,LOW,LOW,NORMAL,HIGH,ZERO,HIGH,HIGH,HIGH,False,ZERO,NORMAL,LOW
HIGH,NORMAL,LOW,False,False,False,True,False,NORMAL,NORMAL,LOW,LOW,NORMAL,HIGH,ZERO,HIGH,HIGH,NORMAL,False,ZERO,NORMAL,LOW
HIGH,NORMAL,LOW,False,False,False,False,False,HIGH,ESOPHAGEAL,LOW,LOW,NORMAL,HIGH,LOW,NORMAL,HIGH,HIGH,False,LOW,NORMAL,NORMAL
LOW,NORMAL,LOW,False,False,False,False,False,NORMAL,NORMAL,LOW,LOW,NORMAL,NORMAL,ZERO,LOW,LOW,NORMAL,False,ZERO,NORMAL,NORMAL
NORMAL,NORMAL,LOW,False,False,False,False,False,NORMAL,NORMAL,LOW,LOW,NORMAL,HIGH,ZERO,HIGH,HIGH,NORMAL,False,ZERO,NORMAL,NORMAL
HIGH,NORMAL,LOW,False,False,False,False,False,NORMAL,NORMAL,LOW,LOW,NORMAL,HIGH,ZERO,HIGH,HIGH,NORMAL,False,ZERO,NORMAL,LOW
LOW,NORMAL,LOW,False,True,False,False,False,NORMAL,NORMAL,LOW,LOW,HIGH,NORMAL,ZERO,LOW,LOW,NORMAL,False,ZERO,HIGH,NORMAL
HIGH,NORMAL,LOW,False,False,False,False,False,NORMAL,NORMAL,LOW,LOW,NORMAL,HIGH,ZERO,HIGH,HIGH,NORMAL,False,ZERO,NORMAL,HIGH
LOW,NORMAL,LOW,False,False,False,False,False,NORMAL,NORMAL,LOW,LOW,NORMAL,NORMAL,ZERO,LOW,LOW,NORMAL,False,ZERO,NORMAL,NORMAL
LOW,NORMAL,LOW,False,False,False,True,False,NORMAL,NORMAL,LOW,LOW,NORMAL,NORMAL,ZERO,LOW,LOW,NORMAL,False,ZERO,NORMAL,LOW
HIGH,NORMAL,LOW,False,False,False,True,False,NORMAL,NORMAL,LOW,LOW,NORMAL,HIGH,ZERO,HIGH,HIGH,NORMAL,False,ZERO,NORMAL,LOW
HIGH,NORMAL,LOW,False,False,False,False,False,NORMAL,NORMAL,LOW,LOW,NORMAL,LOW,ZERO,HIGH,HIGH,NORMAL,False,ZERO,NORMAL,NORMAL
HIGH,NORMAL,LOW,False,False,False,False,False,NORMAL,NORMAL,LOW,LOW,NORMAL,HIGH,ZERO,HIGH,HIGH,NORMAL,False,ZERO,NORMAL,NORMAL
HIGH,HIGH,HIGH,False,False,False,False,False,HIGH,NORMAL,LOW,HIGH,NORMAL,HIGH,HIGH,HIGH,HIGH,HIGH,False,HIGH,NORMAL,NORMAL
HIGH,NORMAL,LOW,False,False,True,False,False,HIGH,NORMAL,LOW,LOW,NORMAL,HIGH,ZERO,NORMAL,NORMAL,NORMAL,False,ZERO,NORMAL,NORMAL
HIGH,HIGH,HIGH,False,False,False,True,False,NORMAL,NORMAL,ZERO,HIGH,NORMAL,HIGH,HIGH,HIGH,HIGH,NORMAL,False,HIGH,NORMAL,LOW
HIGH,NORMAL,LOW,False,False,False,False,False,HIGH,NORMAL,LOW,LOW,NORMAL,HIGH,ZERO,HIGH,HIGH,HIGH,False,ZERO,NORMAL,NORMAL
HIGH,NORMAL,LOW,False,False,False,False,False,NORMAL,NORMAL,LOW,LOW,NORMAL,HIGH,ZERO,HIGH,HIGH,NORMAL,False,ZERO,NORMAL,HIGH
HIGH,ZERO,ZERO,False,False,False,False,False,HIGH,NORMAL,LOW,HIGH,NORMAL,LOW,HIGH,HIGH,HIGH,HIGH,False,HIGH,NORMAL,NORMAL
HIGH,NORMAL,LOW,False,False,False,False,True,LOW,NORMAL,LOW,LOW,NORMAL,LOW,ZERO,HIGH,HIGH,LOW,False,ZERO,NORMAL,LOW
LOW,NORMAL,LOW,False,False,False,False,False,NORMAL,NORMAL,LOW,LOW,NORMAL,HIGH,ZERO,HIGH,HIGH,NORMAL,True,ZERO,NORMAL,NORMAL
LOW,NORMAL,ZERO,False,False,True,False,False,NORMAL,ONESIDED,LOW,LOW,NORMAL,NORMAL,NORMAL,LOW,HIGH,NORMAL,False,NORMAL,HIGH,HIGH
HIGH,NORMAL,ZERO,False,False,False,False,False,NORMAL,NORMAL,LOW,LOW,NORMAL,HIGH,ZERO,HIGH,HIGH,NORMAL,False,ZERO,NORMAL,HIGH
HIGH,ZERO,ZERO,False,False,False,False,False,NORMAL,NORMAL,LOW,HIGH,NORMAL,HIGH,HIGH,HIGH,HIGH,NORMAL,False,HIGH,NORMAL,NORMAL
NORMAL,NORMAL,LOW,False,False,False,False,False,HIGH,NORMAL,LOW,LOW,NORMAL,LOW,ZERO,HIGH,HIGH,HIGH,False,ZERO,NORMAL,HIGH
HIGH,LOW,ZERO,False,False,False,False,False,NORMAL,NORMAL,LOW,LOW,NORMAL,HIGH,ZERO,HIGH,HIGH,NORMAL,False,ZERO,NORMAL,LOW
HIGH,NORMAL,LOW,False,False,False,True,False,HIGH,NORMAL,LOW,LOW,NORMAL,HIGH,ZERO,HIGH,HIGH,HIGH,False,ZERO,NORMAL,LOW
HIGH,NORMAL,LOW,False,False,False,False,False,NORMAL,NORMAL,LOW,LOW,NORMAL,HIGH,ZERO,HIGH,HIGH,NORMAL,False,ZERO,NORMAL,NORMAL
HIGH,LOW,ZERO,False,False,False,False,False,HIGH,NORMAL,LOW,HIGH,NORMAL,NORMAL,HIGH,HIGH,HIGH,HIGH,False,HIGH,NORMAL,LOW
HIGH,NORMAL,LOW,False,False,False,False,False,NORMAL,NORMAL,LOW,LOW,NORMAL,HIGH,ZERO,HIGH,HIGH,NORMAL,False,ZERO,NORMAL,LOW
LOW,NORMAL,LOW,False,False,False,False,False,NORMAL,NORMAL,LOW,LOW,NORMAL,NORMAL,ZERO,LOW,LOW,NORMAL,False,ZERO,NORMAL,NORMAL
HIGH,NORMAL,LOW,False,False,False,True,False,NORMAL,NORMAL,LOW,LOW,NORMAL,HIGH,ZERO,HIGH,HIGH,NORMAL,False,ZERO,NORMAL,NORMAL
HIGH,NORMAL,LOW,False,False,False,False,False,NORMAL,NORMAL,LOW,LOW,NORMAL,HIGH,ZERO,HIGH,HIGH,NORMAL,False,ZERO,NORMAL,NORMAL
HIGH,HIGH,HIGH,False,False,False,False,False,HIGH,NORMAL,ZERO,NORMAL,NORMAL,HIGH,HIGH,HIGH,HIGH,HIGH,False,HIGH,NORMAL,NORMAL
HIGH,NORMAL,ZERO,False,False,False,False,False,LOW,NORMAL,LOW,NORMAL,NORMAL,HIGH,HIGH,HIGH,HIGH,LOW,False,HIGH,NORMAL,NORMAL
HIGH,NORMAL,LOW,False,False,False,False,False,HIGH,NORMAL,HIGH,LOW,NORMAL,HIGH,ZERO,HIGH,HIGH,HIGH,False,ZERO,NORMAL,NORMAL
HIGH,NORMAL,LOW,False,False,False,False,False,NORMAL,NORMAL,LOW,LOW,NORMAL,HIGH,ZERO,HIGH,HIGH,NORMAL,False,ZERO,NORMAL,LOW
HIGH,ZERO,ZERO,False,False,False,False,False,NORMAL,NORMAL,LOW,NORMAL,NORMAL,HIGH,HIGH,HIGH,HIGH,NORMAL,False,HIGH,NORMAL,LOW
HIGH,LOW,ZERO,False,False,False,False,False,HIGH,NORMAL,LOW,HIGH,NORMAL,HIGH,HIGH,HIGH,HIGH,HIGH,False,HIGH,NORMAL,LOW
HIGH,ZERO,ZERO,False,False,False,False,False,HIGH,NORMAL,LOW,HIGH,NORMAL,HIGH,ZERO,HIGH,HIGH,HIGH,False,HIGH,NORMAL,LOW
HIGH,NORMAL,LOW,False,False,False,False,False,NORMAL,NORMAL,NORMAL,LOW,NORMAL,HIGH,ZERO,HIGH,HIGH,NORMAL,False,NORMAL,NORMAL,NORMAL
HIGH,NORMAL,LOW,False,False,False,False,False,NORMAL,NORMAL,LOW,LOW,NORMAL,HIGH,ZERO,HIGH,HIGH,NORMAL,False,ZERO,NORMAL,NORMAL
HIGH,NORMAL,LOW,False,False,True,True,False,NORMAL,NORMAL,LOW,LOW,NORMAL,HIGH,ZERO,NORMAL,NORMAL,NORMAL,False,ZERO,NORMAL,HIGH
HIGH,NORMAL,LOW,False,False,False,False,False,NORMAL,NORMAL,LOW,LOW,NORMAL,HIGH,ZERO,HIGH,HIGH,NORMAL,False,ZERO,NORMAL,NORMAL
HIGH,NORMAL,LOW,False,False,False,False,False,HIGH,NORMAL,LOW,LOW,NORMAL,LOW,ZERO,HIGH,HIGH,HIGH,True,ZERO,NORMAL,HIGH
HIGH,NORMAL,LOW,False,False,False,False,False,HIGH,NORMAL,HIGH,LOW,HIGH,NORMAL,ZERO,HIGH,HIGH,NORMAL,False,ZERO,NORMAL,HIGH
LOW,NORMAL,LOW,False,False,False,False,False,NORMAL,NORMAL,LOW,LOW,NORMAL,NORMAL,ZERO,LOW,LOW,NORMAL,False,ZERO,NORMAL,HIGH
LOW,HIGH,HIGH,False,False,False,False,False,HIGH,NORMAL,LOW,HIGH,NORMAL,NORMAL,HIGH,LOW,LOW,HIGH,False,HIGH,NORMAL,HIGH
HIGH,NORMAL,ZERO,False,False,False,True,False,HIGH,NORMAL,NORMAL,HIGH,HIGH,HIGH,HIGH,HIGH,HIGH,HIGH,False,HIGH,NORMAL,LOW
HIGH,NORMAL,LOW,False,True,False,False,False,NORMAL,NORMAL,LOW,LOW,HIGH,HIGH,ZERO,HIGH,HIGH,NORMAL,False,ZERO,HIGH,LOW
HIGH,NORMAL,LOW,False,False,False,False,False,NORMAL,NORMAL,LOW,LOW,LOW,HIGH,HIGH,HIGH,HIGH,NORMAL,False,ZERO,NORMAL,HIGH
LOW,NORMAL,HIGH,False,False,False,False,False,HIGH,NORMAL,ZERO,HIGH,NORMAL,NORMAL,HIGH,LOW,LOW,HIGH,False,HIGH,NORMAL,HIGH
HIGH,NORMAL,LOW,False,False,False,False,False,HIGH,NORMAL,LOW,LOW,NORMAL,LOW,ZERO,HIGH,HIGH,HIGH,False,ZERO,NORMAL,LOW
HIGH,NORMAL,LOW,False,False,True,False,False,LOW,NORMAL,LOW,LOW,NORMAL,LOW,ZERO,NORMAL,NORMAL,LOW,False,ZERO,HIGH,LOW
LOW,NORMAL,LOW,False,False,False,False,False,NORMAL,NORMAL,LOW,LOW,HIGH,LOW,ZERO,LOW,LOW,NORMAL,False,ZERO,HIGH,NORMAL
HIGH,NORMAL,LOW,False,False,False,False,False,NORMAL,NORMAL,LOW,LOW,NORMAL,HIGH,ZERO,HIGH,HIGH,NORMAL,False,ZERO,NORMAL,NORMAL
HIGH,ZERO,ZERO,False,False,False,False,False,NORMAL,NORMAL,LOW,HIGH,NORMAL,HIGH,HIGH,HIGH,HIGH,NORMAL,False,HIGH,NORMAL,NORMAL
HIGH,NORMAL,LOW,False,False,False,False,False,NORMAL,NORMAL,LOW,LOW,HIGH,HIGH,ZERO,HIGH,HIGH,NORMAL,False,ZERO,NORMAL,LOW
HIGH,NORMAL,ZERO,False,False,False,False,False,NORMAL,ONESIDED,LOW,LOW,NORMAL,HIGH,NORMAL,HIGH,HIGH,HIGH,False,NORMAL,HIGH,LOW
HIGH,NORMAL,LOW,False,False,False,False,False,HIGH,NORMAL,LOW,LOW,NORMAL,NORMAL,ZERO,HIGH,HIGH,HIGH,False,ZERO,NORMAL,LOW
HIGH,NORMAL,LOW,False,False,False,False,False,HIGH,NORMAL,LOW,LOW,NORMAL,HIGH,ZERO,HIGH,HIGH,HIGH,False,ZERO,NORMAL,LOW
HIGH,NORMAL,LOW,False,False,False,False,False,NORMAL,NORMAL,LOW,LOW,NORMAL,HIGH,ZERO,HIGH,HIGH,NORMAL,False,ZERO,NORMAL,HIGH
HIGH,NORMAL,ZERO,False,False,False,False,True,LOW,NORMAL,LOW,HIGH,NORMAL,LOW,HIGH,HIGH,HIGH,LOW,False,HIGH,NORMAL,NORMAL
LOW,ZERO,ZERO,False,False,False,True,False,NORMAL,NORMAL,LOW,HIGH,NORMAL,NORMAL,HIGH,LOW,LOW,NORMAL,False,HIGH,NORMAL,LOW
LOW,NORMAL,LOW,False,False,False,False,False,NORMAL,NORMAL,LOW,LOW,HIGH,LOW,ZERO,LOW,LOW,NORMAL,False,ZERO,NORMAL,LOW
HIGH,NORMAL,LOW,False,False,False,False,False,NORMAL,NORMAL,LOW,LOW,NORMAL,HIGH,ZERO,HIGH,HIGH,NORMAL,False,ZERO,NORMAL,NORMAL
HIGH,NORMAL,LOW,False,False,False,False,False,NORMAL,NORMAL,LOW,LOW,NORMAL,NORMAL,ZERO,HIGH,HIGH,NORMAL,False,ZERO,NORMAL,HIGH
HIGH,NORMAL,LOW,False,False,False,False,False,NORMAL,NORMAL,LOW,LOW,NORMAL,HIGH,ZERO,HIGH,HIGH,NORMAL,False,ZERO,NORMAL,LOW
HIGH,NORMAL,LOW,False,False,False,False,False,NORMAL,NORMAL,LOW,LOW,NORMAL,HIGH,ZERO,HIGH,HIGH,NORMAL,True,ZERO,NORMAL,HIGH
HIGH,NORMAL,LOW,False,False,False,False,False,HIGH,NORMAL,LOW,LOW,HIGH,HIGH,ZERO,HIGH,HIGH,HIGH,False,ZERO,NORMAL,HIGH
HIGH,NORMAL,LOW,False,False,False,False,False,NORMAL,NORMAL,LOW,LOW,NORMAL,HIGH,ZERO,HIGH,HIGH,NORMAL,False,ZERO,HIGH,LOW
HIGH,NORMAL,LOW,False,False,False,False,False,LOW,ESOPHAGEAL,NORMAL,LOW,NORMAL,HIGH,ZERO,HIGH,HIGH,LOW,False,ZERO,NORMAL,HIGH
HIGH,NORMAL,LOW,False,False,False,False,False,NORMAL,NORMAL,LOW,LOW,NORMAL,HIGH,ZERO,HIGH,HIGH,NORMAL,False,ZERO,NORMAL,NORMAL
HIGH,NORMAL,LOW,False,False,False,False,False,HIGH,NORMAL,LOW,LOW,LOW,NORMAL,ZERO,HIGH,HIGH,HIGH,False,ZERO,NORMAL,LOW
HIGH,NORMAL,LOW,False,False,False,False,False,NORMAL,NORMAL,LOW,LOW,NORMAL,NORMAL,ZERO,HIGH,HIGH,NORMAL,False,ZERO,NORMAL,LOW
HIGH,NORMAL,LOW,False,False,False,False,False,NORMAL,NORMAL,LOW,LOW,NORMAL,HIGH,ZERO,HIGH,HIGH,NORMAL,False,ZERO,NORMAL,LOW
LOW,ZERO,ZERO,False,False,False,True,False,NORMAL,NORMAL,ZERO,HIGH,NORMAL,NORMAL,HIGH,LOW,LOW,NORMAL,False,HIGH,NORMAL,HIGH
NORMAL,LOW,ZERO,False,False,False,False,False,NORMAL,NORMAL,LOW,HIGH,HIGH,LOW,HIGH,NORMAL,HIGH,NORMAL,False,HIGH,NORMAL,HIGH
HIGH,NORMAL,LOW,False,False,False,False,False,NORMAL,NORMAL,LOW,LOW,NORMAL,NORMAL,ZERO,HIGH,HIGH,NORMAL,False,ZERO,NORMAL,LOW
HIGH,NORMAL,LOW,False,False,False,False,False,HIGH,ESOPHAGEAL,NORMAL,LOW,HIGH,LOW,ZERO,NORMAL,HIGH,HIGH,False,ZERO,NORMAL,NORMAL
HIGH,NORMAL,LOW,False,False,False,False,False,NORMAL,NORMAL,LOW,LOW,NORMAL,HIGH,ZERO,HIGH,HIGH,LOW,False,ZERO,NORMAL,LOW
HIGH,LOW,ZERO,False,False,False,False,False,NORMAL,NORMAL,LOW,LOW,NORMAL,HIGH,ZERO,HIGH,HIGH,NORMAL,False,ZERO,NORMAL,NORMAL
HIGH,NORMAL,LOW,False,False,False,False,False,NORMAL,NORMAL,LOW,LOW,NORMAL,HIGH,ZERO,HIGH,HIGH,NORMAL,False,ZERO,NORMAL,NORMAL
NORMAL,NORMAL,LOW,False,False,False,False,False,HIGH,NORMAL,NORMAL,LOW,NORMAL,HIGH,ZERO,HIGH,HIGH,HIGH,False,ZERO,HIGH,NORMAL
LOW,NORMAL,LOW,False,False,False,False,False,NORMAL,NORMAL,LOW,HIGH,NORMAL,LOW,HIGH,LOW,LOW,NORMAL,False,HIGH,NORMAL,HIGH
HIGH,NORMAL,LOW,False,False,False,False,False,NORMAL,ESOPHAGEAL,LOW,LOW,NORMAL,HIGH,LOW,HIGH,NORMAL,NORMAL,False,LOW,NORMAL,LOW
HIGH,NORMAL,LOW,False,False,False,False,False,NORMAL,NORMAL,LOW,LOW,NORMAL,HIGH,ZERO,HIGH,HIGH,NORMAL,False,ZERO,NORMAL,LOW
HIGH,NORMAL,LOW,False,False,False,False,False,NORMAL,ONESIDED,LOW,LOW,NORMAL,HIGH,NORMAL,HIGH,HIGH,NORMAL,False,NORMAL,HIGH,NORMAL
HIGH,NORMAL,LOW,False,False,False,False,False,HIGH,NORMAL,NORMAL,LOW,HIGH,LOW,ZERO,HIGH,HIGH,HIGH,False,ZERO,HIGH,LOW
LOW,NORMAL,LOW,False,False,False,False,False,NORMAL,ONESIDED,LOW,LOW,NORMAL,NORMAL,NORMAL,LOW,LOW,NORMAL,False,NORMAL,HIGH,HIGH
HIGH,NORMAL,LOW,False,False,False,False,False,HIGH,NORMAL,LOW,LOW,NORMAL,LOW,ZERO,HIGH,HIGH,HIGH,False,ZERO,HIGH,NORMAL
HIGH,NORMAL,LOW,False,False,False,False,False,NORMAL,NORMAL,LOW,LOW,NORMAL,LOW,ZERO,HIGH,HIGH,NORMAL,False,ZERO,NORMAL,LOW
HIGH,NORMAL,LOW,False,False,False,True,False,HIGH,NORMAL,NORMAL,LOW,NORMAL,LOW,LOW,HIGH,HIGH,HIGH,True,NORMAL,NORMAL,NORMAL
HIGH,NORMAL,LOW,False,False,False,False,False,NORMAL,NORMAL,LOW,LOW,NORMAL,HIGH,ZERO,HIGH,HIGH,NORMAL,True,ZERO,NORMAL,NORMAL
HIGH,NORMAL,LOW,False,False,False,False,False,HIGH,NORMAL,LOW,LOW,NORMAL,LOW,ZERO,HIGH,HIGH,HIGH,False,ZERO,NORMAL,HIGH
LOW,NORMAL,LOW,False,False,False,False,False,NORMAL,NORMAL,LOW,LOW,NORMAL,NORMAL,ZERO,LOW,LOW,NORMAL,False,ZERO,NORMAL,LOW
HIGH,NORMAL,ZERO,False,False,False,False,False,NORMAL,NORMAL,LOW,HIGH,LOW,HIGH,HIGH,HIGH,HIGH,NORMAL,False,HIGH,NORMAL,LOW
HIGH,ZERO,ZERO,False,False,False,False,False,HIGH,NORMAL,LOW,HIGH,NORMAL,LOW,HIGH,HIGH,HIGH,HIGH,False,HIGH,NORMAL,LOW
HIGH,NORMAL,LOW,False,False,False,False,False,NORMAL,NORMAL,NORMAL,HIGH,NORMAL,HIGH,HIGH,HIGH,NORMAL,NORMAL,False,HIGH,NORMAL,NORMAL
HIGH,NORMAL,LOW,False,False,False,False,True,LOW,NORMAL,LOW,LOW,NORMAL,NORMAL,ZERO,HIGH,HIGH,LOW,False,ZERO,NORMAL,HIGH
HIGH,NORMAL,LOW,False,False,False,True,False,HIGH,NORMAL,LOW,LOW,NORMAL,LOW,ZERO,HIGH,HIGH,HIGH,False,ZERO,NORMAL,HIGH
HIGH,ZERO,ZERO,False,False,False,False,False,NORMAL,NORMAL,LOW,LOW,NORMAL,HIGH,ZERO,HIGH,HIGH,NORMAL,False,ZERO,NORMAL,NORMAL
HIGH,NORMAL,LOW,False,False,False,False,False,HIGH,ONESIDED,LOW,LOW,NORMAL,NORMAL,NORMAL,HIGH,HIGH,HIGH,True,NORMAL,HIGH,HIGH
HIGH,NORMAL,LOW,False,False,True,False,False,NORMAL,NORMAL,LOW,LOW,LOW,HIGH,ZERO,NORMAL,NORMAL,NORMAL,False,ZERO,HIGH,LOW
LOW,NORMAL,LOW,False,False,False,False,False,LOW,NORMAL,LOW,HIGH,NORMAL,NORMAL,HIGH,LOW,LOW,LOW,False,HIGH,NORMAL,HIGH
LOW,NORMAL,LOW,False,False,True,True,False,NORMAL,NORMAL,LOW,LOW,NORMAL,NORMAL,ZERO,LOW,LOW,NORMAL,False,ZERO,NORMAL,NORMAL
HIGH,NORMAL,LOW,False,False,False,False,False,NORMAL,NORMAL,LOW,LOW,NORMAL,HIGH,ZERO,HIGH,HIGH,NORMAL,False,ZERO,NORMAL,LOW
HIGH,NORMAL,LOW,False,False,False,True,False,NORMAL,NORMAL,LOW,LOW,NORMAL,LOW,ZERO,HIGH,NORMAL,NORMAL,False,ZERO,NORMAL,LOW
HIGH,NORMAL,LOW,False,False,False,False,False,NORMAL,NORMAL,LOW,LOW,NORMAL,HIGH,ZERO,HIGH,HIGH,NORMAL,False,ZERO,NORMAL,HIGH
HIGH,NORMAL,LOW,False,False,False,False,False,HIGH,NORMAL,LOW,LOW,NORMAL,HIGH,ZERO,HIGH,HIGH,HIGH,False,ZERO,NORMAL,LOW
HIGH,NORMAL,LOW,False,False,False,False,False,NORMAL,NORMAL,LOW,LOW,NORMAL,HIGH,ZERO,HIGH,HIGH,NORMAL,False,ZERO,NORMAL,HIGH
HIGH,NORMAL,LOW,False,False,False,False,False,HIGH,NORMAL,LOW,LOW,NORMAL,HIGH,ZERO,HIGH,HIGH,HIGH,False,ZERO,NORMAL,NORMAL
LOW,NORMAL,LOW,False,False,False,True,False,NORMAL,NORMAL,LOW,LOW,NORMAL,NORMAL,ZERO,LOW,LOW,NORMAL,False,ZERO,NORMAL,HIGH
HIGH,NORMAL,LOW,False,False,False,False,False,NORMAL,NORMAL,LOW,LOW,NORMAL,HIGH,ZERO,HIGH,HIGH,NORMAL,False,ZERO,NORMAL,HIGH
HIGH,HIGH,HIGH,False,False,False,False,True,LOW,NORMAL,NORMAL,LOW,HIGH,LOW,HIGH,HIGH,HIGH,LOW,False,LOW,NORMAL,NORMAL
HIGH,LOW,ZERO,False,False,False,False,False,NORMAL,NORMAL,LOW,LOW,NORMAL,HIGH,ZERO,HIGH,HIGH,NORMAL,True,ZERO,NORMAL,NORMAL
HIGH,NORMAL,LOW,False,False,True,False,False,NORMAL,NORMAL,LOW,LOW,NORMAL,LOW,ZERO,NORMAL,LOW,NORMAL,False,ZERO,NORMAL,NORMAL
HIGH,NORMAL,LOW,False,False,False,True,False,NORMAL,NORMAL,LOW,LOW,NORMAL,HIGH,ZERO,HIGH,HIGH,NORMAL,False,ZERO,NORMAL,NORMAL
LOW,ZERO,ZERO,False,False,False,False,False,NORMAL,NORMAL,LOW,LOW,NORMAL,NORMAL,ZERO,LOW,LOW,NORMAL,True,ZERO,NORMAL,HIGH
HIGH,NORMAL,LOW,False,False,False,False,True,LOW,NORMAL,LOW,LOW,NORMAL,LOW,ZERO,HIGH,HIGH,LOW,False,ZERO,NORMAL,NORMAL
LOW,HIGH,HIGH,False,False,False,False,False,NORMAL,NORMAL,LOW,HIGH,NORMAL,NORMAL,HIGH,LOW,LOW,NORMAL,False,HIGH,NORMAL,HIGH
HIGH,NORMAL,LOW,False,False,False,True,False,NORMAL,NORMAL,LOW,LOW,NORMAL,HIGH,ZERO,HIGH,HIGH,NORMAL,False,ZERO,NORMAL,HIGH
HIGH,LOW,ZERO,False,False,False,True,False,HIGH,NORMAL,LOW,LOW,NORMAL,HIGH,ZERO,HIGH,LOW,HIGH,False,ZERO,HIGH,NORMAL
HIGH,NORMAL,LOW,False,False,False,False,False,NORMAL,NORMAL,LOW,LOW,LOW,HIGH,ZERO,HIGH,HIGH,NORMAL,False,ZERO,NORMAL,NORMAL
HIGH,NORMAL,LOW,False,False,False,False,False,LOW,NORMAL,LOW,LOW,NORMAL,HIGH,ZERO,HIGH,HIGH,LOW,False,ZERO,HIGH,NORMAL
HIGH,NORMAL,LOW,False,False,False,False,False,HIGH,NORMAL,LOW,LOW,NORMAL,HIGH,ZERO,HIGH,HIGH,HIGH,False,ZERO,NORMAL,LOW
HIGH,NORMAL,LOW,False,False,False,False,False,NORMAL,NORMAL,ZERO,NORMAL,NORMAL,HIGH,NORMAL,HIGH,HIGH,NORMAL,False,HIGH,HIGH,LOW
HIGH,NORMAL,LOW,False,False,False,False,True,LOW,NORMAL,LOW,LOW,NORMAL,LOW,ZERO,HIGH,HIGH,HIGH,False,ZERO,NORMAL,HIGH
LOW,NORMAL,LOW,False,False,False,False,False,NORMAL,NORMAL,LOW,LOW,NORMAL,NORMAL,ZERO,LOW,LOW,NORMAL,False,ZERO,NORMAL,HIGH
HIGH,NORMAL,ZERO,False,False,False,False,False,HIGH,NORMAL,LOW,HIGH,NORMAL,LOW,HIGH,HIGH,HIGH,HIGH,False,HIGH,NORMAL,NORMAL
HIGH,NORMAL,LOW,False,False,False,False,False,NORMAL,NORMAL,LOW,LOW,NORMAL,HIGH,ZERO,HIGH,HIGH,NORMAL,False,NORMAL,NORMAL,HIGH
LOW,NORMAL,LOW,False,False,False,False,False,LOW,NORMAL,LOW,LOW,NORMAL,NORMAL,ZERO,LOW,LOW,LOW,False,ZERO,NORMAL,NORMAL
HIGH,NORMAL,LOW,False,False,False,False,False,NORMAL,NORMAL,LOW,LOW,NORMAL,HIGH,ZERO,HIGH,HIGH,NORMAL,False,ZERO,NORMAL,NORMAL
HIGH,NORMAL,LOW,False,False,False,False,True,LOW,NORMAL,LOW,LOW,HIGH,LOW,ZERO,HIGH,HIGH,LOW,False,ZERO,NORMAL,HIGH
HIGH,NORMAL,LOW,False,False,False,False,False,HIGH,NORMAL,LOW,LOW,NORMAL,LOW,ZERO,HIGH,HIGH,HIGH,False,ZERO,NORMAL,LOW
LOW,NORMAL,LOW,False,False,False,False,False,NORMAL,NORMAL,LOW,HIGH,NORMAL,NORMAL,HIGH,LOW,LOW,NORMAL,False,HIGH,NORMAL,HIGH
HIGH,NORMAL,LOW,False,False,False,True,False,NORMAL,NORMAL,LOW,LOW,NORMAL,HIGH,ZERO,HIGH,HIGH,NORMAL,False,ZERO,NORMAL,NORMAL
HIGH,NORMAL,LOW,False,False,False,False,False,HIGH,NORMAL,LOW,LOW,NORMAL,HIGH,ZERO,HIGH,HIGH,HIGH,False,ZERO,NORMAL,NORMAL
HIGH,NORMAL,HIGH,False,False,False,False,False,NORMAL,NORMAL,LOW,HIGH,NORMAL,HIGH,HIGH,HIGH,HIGH,LOW,False,HIGH,NORMAL,NORMAL
HIGH,NORMAL,LOW,False,False,False,False,False,LOW,NORMAL,LOW,LOW,HIGH,HIGH,ZERO,HIGH,HIGH,LOW,False,ZERO,NORMAL,NORMAL
HIGH,NORMAL,LOW,False,False,False,False,False,HIGH,NORMAL,LOW,LOW,NORMAL,HIGH,ZERO,HIGH,HIGH,NORMAL,False,ZERO,NORMAL,LOW
HIGH,NORMAL,LOW,False,False,False,False,False,NORMAL,ESOPHAGEAL,LOW,LOW,LOW,HIGH,LOW,HIGH,HIGH,NORMAL,False,LOW,NORMAL,LOW
HIGH,NORMAL,ZERO,False,False,False,False,False,NORMAL,NORMAL,LOW,HIGH,NORMAL,HIGH,HIGH,HIGH,HIGH,NORMAL,False,HIGH,NORMAL,LOW
NORMAL,NORMAL,LOW,False,False,False,False,False,HIGH,NORMAL,LOW,LOW,NORMAL,LOW,ZERO,LOW,HIGH,HIGH,False,ZERO,NORMAL,LOW
HIGH,NORMAL,LOW,False,False,False,False,False,NORMAL,NORMAL,LOW,LOW,NORMAL,LOW,ZERO,HIGH,HIGH,NORMAL,False,ZERO,NORMAL,NORMAL
HIGH,NORMAL,LOW,False,False,False,False,False,HIGH,NORMAL,LOW,LOW,NORMAL,LOW,ZERO,HIGH,HIGH,HIGH,True,ZERO,NORMAL,LOW
HIGH,NORMAL,LOW,False,False,False,False,False,LOW,NORMAL,LOW,LOW,NORMAL,HIGH,ZERO,HIGH,HIGH,LOW,False,LOW,NORMAL,LOW
HIGH,NORMAL,LOW,False,False,False,False,False,HIGH,ONESIDED,LOW,LOW,NORMAL,HIGH,NORMAL,HIGH,HIGH,HIGH,False,NORMAL,HIGH,LOW
HIGH,HIGH,HIGH,False,False,False,False,True,LOW,NORMAL,LOW,HIGH,NORMAL,LOW,HIGH,HIGH,HIGH,LOW,False,HIGH,NORMAL,NORMAL
HIGH,LOW,ZERO,False,False,False,True,False,NORMAL,NORMAL,LOW,LOW,NORMAL,HIGH,ZERO,HIGH,HIGH,NORMAL,True,ZERO,NORMAL,NORMAL
HIGH,NORMAL,LOW,False,False,False,False,False,NORMAL,NORMAL,LOW,LOW,NORMAL,HIGH,ZERO,HIGH,HIGH,NORMAL,False,ZERO,NORMAL,NORMAL
HIGH,NORMAL,LOW,False,False,False,True,False,HIGH,NORMAL,LOW,LOW,NORMAL,LOW,ZERO,HIGH,NORMAL,HIGH,False,ZERO,NORMAL,NORMAL
LOW,NORMAL,LOW,False,False,False,False,False,NORMAL,NORMAL,NORMAL,LOW,NORMAL,NORMAL,ZERO,LOW,LOW,NORMAL,True,ZERO,NORMAL,HIGH
HIGH,NORMAL,LOW,False,False,False,False,False,NORMAL,NORMAL,LOW,LOW,NORMAL,HIGH,ZERO,HIGH,HIGH,NORMAL,False,ZERO,NORMAL,NORMAL
HIGH,ZERO,ZERO,False,False,False,False,False,NORMAL,NORMAL,LOW,LOW,HIGH,HIGH,ZERO,HIGH,HIGH,NORMAL,False,ZERO,NORMAL,NORMAL
HIGH,NORMAL,LOW,False,False,False,False,False,NORMAL,NORMAL,LOW,LOW,NORMAL,LOW,ZERO,HIGH,HIGH,NORMAL,False,ZERO,NORMAL,LOW
HIGH,NORMAL,LOW,False,False,False,False,False,NORMAL,NORMAL,LOW,LOW,NORMAL,HIGH,ZERO,HIGH,HIGH,NORMAL,False,ZERO,NORMAL,NORMAL
HIGH,NORMAL,LOW,False,False,False,False,False,NORMAL,NORMAL,LOW,LOW,NORMAL,HIGH,ZERO,HIGH,HIGH,NORMAL,False,LOW,NORMAL,LOW
HIGH,NORMAL,NORMAL,False,False,False,False,False,NORMAL,NORMAL,HIGH,LOW,NORMAL,HIGH,LOW,HIGH,HIGH,NORMAL,False,LOW,NORMAL,NORMAL
HIGH,NORMAL,ZERO,False,False,False,False,False,NORMAL,NORMAL,LOW,HIGH,NORMAL,HIGH,LOW,HIGH,HIGH,NORMAL,False,HIGH,NORMAL,NORMAL
HIGH,NORMAL,LOW,False,False,False,False,False,NORMAL,NORMAL,LOW,LOW,NORMAL,HIGH,ZERO,HIGH,HIGH,NORMAL,False,ZERO,NORMAL,NORMAL
HIGH,NORMAL,LOW,False,False,False,False,False,NORMAL,NORMAL,LOW,LOW,NORMAL,HIGH,ZERO,HIGH,HIGH,NORMAL,False,ZERO,NORMAL,HIGH
LOW,LOW,ZERO,False,False,False,False,False,NORMAL,NORMAL,LOW,HIGH,NORMAL,LOW,HIGH,LOW,LOW,NORMAL,False,HIGH,NORMAL,HIGH
NORMAL,NORMAL,LOW,False,False,False,False,False,NORMAL,NORMAL,LOW,LOW,NORMAL,HIGH,NORMAL,HIGH,HIGH,NORMAL,False,ZERO,NORMAL,LOW
HIGH,NORMAL,LOW,False,False,False,False,False,NORMAL,NORMAL,LOW,LOW,NORMAL,NORMAL,ZERO,HIGH,HIGH,NORMAL,False,ZERO,NORMAL,LOW
HIGH,NORMAL,LOW,False,False,False,True,False,NORMAL,NORMAL,LOW,LOW,NORMAL,HIGH,ZERO,HIGH,HIGH,NORMAL,False,ZERO,NORMAL,LOW
HIGH,NORMAL,LOW,False,False,False,False,False,NORMAL,NORMAL,LOW,LOW,NORMAL,HIGH,ZERO,HIGH,HIGH,NORMAL,False,ZERO,NORMAL,NORMAL
HIGH,NORMAL,LOW,True,False,False,False,False,LOW,NORMAL,LOW,LOW,NORMAL,HIGH,ZERO,HIGH,HIGH,LOW,False,ZERO,NORMAL,LOW
HIGH,NORMAL,HIGH,False,False,False,True,False,NORMAL,NORMAL,NORMAL,HIGH,NORMAL,HIGH,HIGH,HIGH,HIGH,NORMAL,False,HIGH,NORMAL,NORMAL
LOW,NORMAL,LOW,False,False,False,False,False,NORMAL,NORMAL,LOW,LOW,NORMAL,NORMAL,ZERO,LOW,LOW,NORMAL,False,ZERO,NORMAL,HIGH
HIGH,NORMAL,ZERO,False,False,False,False,False,HIGH,NORMAL,LOW,LOW,NORMAL,LOW,ZERO,HIGH,HIGH,HIGH,False,ZERO,NORMAL,NORMAL
HIGH,NORMAL,LOW,False,False,False,False,False,NORMAL,NORMAL,LOW,LOW,NORMAL,HIGH,ZERO,HIGH,HIGH,NORMAL,False,ZERO,NORMAL,HIGH
HIGH,NORMAL,LOW,False,False,False,False,False,NORMAL,ESOPHAGEAL,NORMAL,LOW,NORMAL,LOW,ZERO,HIGH,HIGH,NORMAL,False,ZERO,NORMAL,NORMAL
LOW,HIGH,HIGH,False,True,True,True,False,NORMAL,NORMAL,LOW,LOW,HIGH,NORMAL,ZERO,LOW,HIGH,NORMAL,True,ZERO,HIGH,NORMAL
HIGH,NORMAL,LOW,False,False,False,True,False,NORMAL,NORMAL,LOW,LOW,NORMAL,HIGH,ZERO,HIGH,HIGH,NORMAL,False,ZERO,NORMAL,NORMAL
HIGH,NORMAL,LOW,False,False,True,False,False,NORMAL,NORMAL,LOW,LOW,NORMAL,HIGH,ZERO,NORMAL,NORMAL,NORMAL,False,ZERO,NORMAL,HIGH
HIGH,ZERO,ZERO,False,False,False,False,False,NORMAL,NORMAL,LOW,HIGH,NORMAL,HIGH,HIGH,HIGH,HIGH,NORMAL,False,HIGH,NORMAL,NORMAL
LOW,NORMAL,LOW,False,False,False,False,False,NORMAL,ONESIDED,NORMAL,LOW,NORMAL,NORMAL,ZERO,LOW,LOW,NORMAL,False,LOW,HIGH,HIGH
HIGH,NORMAL,LOW,False,False,False,False,False,NORMAL,NORMAL,LOW,LOW,NORMAL,HIGH,ZERO,HIGH,HIGH,NORMAL,False,ZERO,NORMAL,HIGH
HIGH,NORMAL,LOW,False,False,False,False,True,LOW,NORMAL,LOW,LOW,NORMAL,LOW,ZERO,HIGH,HIGH,LOW,False,ZERO,NORMAL,HIGH
HIGH,NORMAL,LOW,False,False,False,False,False,NORMAL,NORMAL,LOW,LOW,NORMAL,HIGH,ZERO,HIGH,HIGH,NORMAL,False,ZERO,NORMAL,LOW
HIGH,NORMAL,LOW,False,False,False,False,False,HIGH,NORMAL,LOW,LOW,NORMAL,NORMAL,ZERO,HIGH,HIGH,HIGH,False,ZERO,NORMAL,HIGH
HIGH,NORMAL,LOW,False,False,False,False,False,LOW,NORMAL,LOW,LOW,NORMAL,HIGH,ZERO,HIGH,HIGH,LOW,False,ZERO,HIGH,NORMAL
HIGH,NORMAL,LOW,False,False,False,False,False,HIGH,ONESIDED,NORMAL,LOW,NORMAL,LOW,LOW,HIGH,HIGH,HIGH,False,LOW,HIGH,NORMAL
HIGH,NORMAL,LOW,False,False,False,False,False,NORMAL,NORMAL,LOW,LOW,NORMAL,HIGH,ZERO,HIGH,HIGH,NORMAL,False,ZERO,NORMAL,HIGH
HIGH,NORMAL,HIGH,False,False,False,False,False,NORMAL,NORMAL,LOW,HIGH,NORMAL,HIGH,HIGH,HIGH,HIGH,NORMAL,False,HIGH,NORMAL,NORMAL
HIGH,NORMAL,LOW,False,False,False,False,False,NORMAL,ONESIDED,LOW,LOW,NORMAL,NORMAL,ZERO,HIGH,HIGH,LOW,False,LOW,NORMAL,NORMAL
HIGH,NORMAL,LOW,False,False,False,False,False,NORMAL,ESOPHAGEAL,NORMAL,LOW,NORMAL,HIGH,ZERO,HIGH,HIGH,NORMAL,False,ZERO,NORMAL,HIGH
HIGH,NORMAL,LOW,False,False,False,False,False,NORMAL,NORMAL,LOW,LOW,NORMAL,HIGH,ZERO,HIGH,HIGH,NORMAL,False,LOW,NORMAL,LOW
HIGH,NORMAL,LOW,False,False,False,False,False,NORMAL,NORMAL,LOW,LOW,NORMAL,HIGH,ZERO,HIGH,HIGH,NORMAL,False,NORMAL,NORMAL,LOW
LOW,ZERO,ZERO,False,False,False,False,False,NORMAL,NORMAL,LOW,HIGH,NORMAL,HIGH,HIGH,LOW,LOW,NORMAL,False,HIGH,NORMAL,NORMAL
HIGH,NORMAL,ZERO,False,False,False,False,False,NORMAL,NORMAL,LOW,LOW,NORMAL,HIGH,ZERO,HIGH,HIGH,NORMAL,False,ZERO,NORMAL,LOW
HIGH,NORMAL,LOW,False,False,False,False,False,NORMAL,NORMAL,LOW,LOW,HIGH,HIGH,ZERO,HIGH,HIGH,NORMAL,False,ZERO,NORMAL,NORMAL
HIGH,NORMAL,LOW,False,False,False,False,False,LOW,NORMAL,LOW,LOW,NORMAL,HIGH,ZERO,HIGH,HIGH,LOW,False,ZERO,NORMAL,NORMAL
HIGH,NORMAL,LOW,False,False,False,False,False,NORMAL,NORMAL,LOW,NORMAL,NORMAL,HIGH,ZERO,HIGH,HIGH,NORMAL,False,ZERO,NORMAL,LOW
HIGH,NORMAL,LOW,False,False,False,False,False,HIGH,NORMAL,LOW,LOW,NORMAL,HIGH,ZERO,HIGH,HIGH,HIGH,True,ZERO,NORMAL,NORMAL
NORMAL,NORMAL,LOW,False,False,False,False,False,NORMAL,ONESIDED,NORMAL,LOW,NORMAL,HIGH,LOW,HIGH,HIGH,NORMAL,False,LOW,HIGH,HIGH
HIGH,NORMAL,LOW,False,False,False,False,False,HIGH,NORMAL,LOW,LOW,NORMAL,NORMAL,ZERO,NORMAL,HIGH,HIGH,False,ZERO,HIGH,NORMAL
LOW,NORMAL,LOW,False,False,False,False,False,NORMAL,NORMAL,ZERO,LOW,NORMAL,LOW,ZERO,LOW,LOW,NORMAL,False,ZERO,HIGH,LOW
HIGH,NORMAL,LOW,False,True,False,False,False,HIGH,NORMAL,LOW,LOW,HIGH,HIGH,ZERO,HIGH,HIGH,HIGH,False,ZERO,HIGH,NORMAL
HIGH,NORMAL,LOW,False,False,True,False,False,HIGH,NORMAL,LOW,LOW,NORMAL,LOW,ZERO,NORMAL,NORMAL,HIGH,False,ZERO,NORMAL,HIGH
HIGH,NORMAL,LOW,False,False,False,False,False,NORMAL,NORMAL,NORMAL,LOW,NORMAL,HIGH,ZERO,HIGH,HIGH,NORMAL,False,NORMAL,NORMAL,NORMAL
LOW,NORMAL,LOW,False,False,False,False,False,NORMAL,NORMAL,LOW,LOW,NORMAL,NORMAL,ZERO,LOW,LOW,NORMAL,False,ZERO,NORMAL,HIGH
HIGH,HIGH,HIGH,False,False,False,False,False,NORMAL,NORMAL,LOW,LOW,NORMAL,HIGH,ZERO,HIGH,HIGH,NORMAL,True,ZERO,NORMAL,LOW
NORMAL,NORMAL,LOW,False,False,True,False,False,HIGH,NORMAL,ZERO,HIGH,NORMAL,HIGH,ZERO,NORMAL,NORMAL,HIGH,False,HIGH,NORMAL,LOW
HIGH,NORMAL,LOW,False,False,False,False,False,NORMAL,NORMAL,LOW,LOW,NORMAL,HIGH,ZERO,HIGH,HIGH,NORMAL,False,ZERO,NORMAL,NORMAL
HIGH,NORMAL,LOW,False,False,False,False,False,NORMAL,NORMAL,LOW,LOW,NORMAL,HIGH,ZERO,HIGH,HIGH,NORMAL,False,ZERO,NORMAL,LOW
HIGH,NORMAL,LOW,False,False,False,False,False,NORMAL,ONESIDED,NORMAL,NORMAL,NORMAL,HIGH,LOW,HIGH,HIGH,NORMAL,False,LOW,HIGH,LOW
HIGH,NORMAL,ZERO,False,False,False,False,False,NORMAL,NORMAL,LOW,NORMAL,NORMAL,HIGH,LOW,HIGH,HIGH,NORMAL,False,HIGH,NORMAL,LOW
HIGH,NORMAL,LOW,False,False,False,False,False,NORMAL,NORMAL,LOW,LOW,NORMAL,HIGH,ZERO,HIGH,HIGH,NORMAL,True,ZERO,NORMAL,NORMAL
LOW,NORMAL,ZERO,False,False,False,False,False,NORMAL,NORMAL,LOW,HIGH,NORMAL,NORMAL,HIGH,LOW,LOW,NORMAL,False,HIGH,NORMAL,NORMAL
HIGH,NORMAL,LOW,False,False,False,False,False,NORMAL,NORMAL,LOW,HIGH,NORMAL,HIGH,HIGH,HIGH,HIGH,NORMAL,False,HIGH,NORMAL,NORMAL
HIGH,NORMAL,LOW,False,False,False,False,False,NORMAL,NORMAL,LOW,LOW,NORMAL,LOW,ZERO,HIGH,HIGH,NORMAL,False,ZERO,NORMAL,LOW
LOW,HIGH,HIGH,False,False,False,False,False,NORMAL,NORMAL,LOW,LOW,NORMAL,NORMAL,HIGH,LOW,LOW,NORMAL,False,HIGH,NORMAL,HIGH
HIGH,NORMAL,LOW,False,False,True,False,False,NORMAL,NORMAL,LOW,LOW,NORMAL,HIGH,ZERO,NORMAL,NORMAL,NORMAL,False,ZERO,NORMAL,NORMAL
HIGH,NORMAL,LOW,False,False,False,False,False,HIGH,NORMAL,LOW,LOW,NORMAL,HIGH,ZERO,HIGH,HIGH,HIGH,False,ZERO,NORMAL,HIGH
HIGH,NORMAL,LOW,False,False,False,False,False,NORMAL,NORMAL,LOW,LOW,NORMAL,HIGH,ZERO,HIGH,HIGH,NORMAL,False,ZERO,NORMAL,NORMAL
LOW,LOW,ZERO,False,False,False,True,False,HIGH,NORMAL,HIGH,LOW,HIGH,NORMAL,LOW,LOW,LOW,HIGH,False,LOW,NORMAL,HIGH
HIGH,NORMAL,LOW,False,False,False,True,False,NORMAL,NORMAL,LOW,LOW,NORMAL,HIGH,ZERO,HIGH,HIGH,NORMAL,False,ZERO,NORMAL,LOW
HIGH,NORMAL,LOW,False,False,False,False,False,HIGH,ESOPHAGEAL,NORMAL,HIGH,NORMAL,HIGH,LOW,HIGH,HIGH,HIGH,False,HIGH,HIGH,NORMAL
HIGH,NORMAL,ZERO,False,False,False,False,False,NORMAL,ONESIDED,LOW,LOW,NORMAL,HIGH,NORMAL,HIGH,HIGH,NORMAL,False,NORMAL,HIGH,HIGH
HIGH,NORMAL,LOW,False,False,True,False,False,NORMAL,NORMAL,LOW,LOW,NORMAL,HIGH,ZERO,NORMAL,NORMAL,NORMAL,False,ZERO,NORMAL,LOW
LOW,NORMAL,HIGH,False,False,False,False,False,NORMAL,NORMAL,LOW,HIGH,NORMAL,HIGH,HIGH,LOW,LOW,NORMAL,False,HIGH,NORMAL,HIGH
HIGH,NORMAL,ZERO,False,False,False,False,False,NORMAL,NORMAL,LOW,HIGH,NORMAL,HIGH,HIGH,HIGH,HIGH,NORMAL,False,HIGH,NORMAL,LOW
HIGH,NORMAL,LOW,False,False,False,False,False,LOW,NORMAL,LOW,LOW,NORMAL,HIGH,ZERO,HIGH,HIGH,LOW,False,ZERO,NORMAL,LOW
HIGH,NORMAL,LOW,False,False,False,False,False,NORMAL,NORMAL,LOW,LOW,NORMAL,NORMAL,ZERO,HIGH,HIGH,NORMAL,False,ZERO,NORMAL,LOW
HIGH,NORMAL,LOW,False,False,False,False,False,NORMAL,NORMAL,LOW,NORMAL,NORMAL,HIGH,ZERO,HIGH,HIGH,NORMAL,False,ZERO,NORMAL,NORMAL
HIGH,NORMAL,LOW,False,False,False,False,False,NORMAL,NORMAL,LOW,LOW,LOW,HIGH,NORMAL,HIGH,HIGH,NORMAL,False,ZERO,NORMAL,LOW
HIGH,NORMAL,LOW,False,False,False,True,False,NORMAL,NORMAL,LOW,LOW,NORMAL,HIGH,LOW,HIGH,HIGH,NORMAL,False,ZERO,NORMAL,NORMAL
NORMAL,NORMAL,LOW,False,False,False,False,False,NORMAL,NORMAL,LOW,LOW,NORMAL,HIGH,ZERO,HIGH,HIGH,NORMAL,False,ZERO,NORMAL,NORMAL
HIGH,NORMAL,LOW,False,False,False,True,False,NORMAL,NORMAL,LOW,LOW,LOW,HIGH,ZERO,HIGH,HIGH,NORMAL,False,ZERO,NORMAL,LOW
HIGH,NORMAL,LOW,False,False,False,False,False,NORMAL,NORMAL,LOW,LOW,NORMAL,NORMAL,ZERO,HIGH,HIGH,NORMAL,False,ZERO,NORMAL,HIGH
HIGH,NORMAL,LOW,False,False,False,False,False,NORMAL,NORMAL,ZERO,HIGH,NORMAL,HIGH,ZERO,HIGH,HIGH,NORMAL,False,HIGH,NORMAL,NORMAL
LOW,NORMAL,LOW,False,False,False,False,False,NORMAL,NORMAL,LOW,LOW,NORMAL,NORMAL,ZERO,LOW,LOW,NORMAL,False,ZERO,NORMAL,LOW
HIGH,NORMAL,LOW,False,False,False,False,False,NORMAL,NORMAL,LOW,LOW,NORMAL,HIGH,ZERO,HIGH,HIGH,NORMAL,False,ZERO,NORMAL,NORMAL
HIGH,NORMAL,LOW,False,False,False,False,False,HIGH,NORMAL,LOW,LOW,HIGH,LOW,ZERO,HIGH,HIGH,HIGH,False,ZERO,NORMAL,LOW
HIGH,ZERO,ZERO,False,False,False,False,True,LOW,NORMAL,LOW,LOW,NORMAL,LOW,ZERO,HIGH,HIGH,LOW,False,ZERO,NORMAL,LOW
HIGH,LOW,ZERO,False,False,False,False,False,NORMAL,NORMAL,LOW,LOW,NORMAL,HIGH,ZERO,HIGH,HIGH,NORMAL,False,ZERO,NORMAL,NORMAL
HIGH,NORMAL,LOW,False,False,False,False,False,NORMAL,NORMAL,LOW,LOW,HIGH,HIGH,ZERO,HIGH,HIGH,NORMAL,False,ZERO,NORMAL,LOW
HIGH,LOW,ZERO,False,False,False,True,False,NORMAL,NORMAL,LOW,HIGH,NORMAL,HIGH,HIGH,HIGH,HIGH,NORMAL,False,HIGH,NORMAL,LOW
HIGH,NORMAL,LOW,False,False,False,False,True,LOW,NORMAL,LOW,LOW,NORMAL,LOW,ZERO,HIGH,HIGH,LOW,False,ZERO,NORMAL,LOW
HIGH,NORMAL,LOW,False,False,False,False,False,NORMAL,NORMAL,LOW,LOW,NORMAL,HIGH,ZERO,HIGH,HIGH,NORMAL,False,ZERO,NORMAL,HIGH
HIGH,NORMAL,LOW,False,False,False,False,False,NORMAL,NORMAL,LOW,LOW,NORMAL,LOW,ZERO,HIGH,HIGH,NORMAL,False,ZERO,NORMAL,HIGH
LOW,HIGH,NORMAL,False,False,False,False,False,NORMAL,NORMAL,HIGH,LOW,NORMAL,NORMAL,HIGH,LOW,LOW,NORMAL,False,LOW,NORMAL,NORMAL
HIGH,NORMAL,LOW,False,False,False,False,False,HIGH,NORMAL,LOW,LOW,NORMAL,HIGH,ZERO,HIGH,HIGH,HIGH,False,ZERO,NORMAL,LOW
HIGH,NORMAL,LOW,False,False,False,True,False,NORMAL,NORMAL,LOW,LOW,NORMAL,HIGH,ZERO,HIGH,HIGH,NORMAL,False,ZERO,HIGH,LOW
HIGH,NORMAL,LOW,False,False,False,False,False,HIGH,NORMAL,LOW,LOW,NORMAL,HIGH,ZERO,HIGH,HIGH,HIGH,False,ZERO,NORMAL,LOW
HIGH,NORMAL,LOW,False,False,False,False,False,NORMAL,NORMAL,LOW,LOW,NORMAL,HIGH,ZERO,HIGH,HIGH,NORMAL,False,ZERO,NORMAL,LOW
NORMAL,NORMAL,LOW,False,False,False,False,True,LOW,NORMAL,NORMAL,LOW,NORMAL,LOW,ZERO,NORMAL,NORMAL,LOW,False,NORMAL,NORMAL,NORMAL
HIGH,NORMAL,LOW,False,False,False,False,True,LOW,NORMAL,LOW,LOW,NORMAL,LOW,ZERO,HIGH,HIGH,LOW,False,ZERO,NORMAL,LOW
HIGH,NORMAL,LOW,False,False,False,False,False,NORMAL,NORMAL,LOW,LOW,NORMAL,LOW,ZERO,HIGH,HIGH,NORMAL,False,ZERO,NORMAL,HIGH
HIGH,NORMAL,LOW,False,False,False,False,False,HIGH,NORMAL,LOW,LOW,NORMAL,LOW,ZERO,HIGH,HIGH,HIGH,False,ZERO,HIGH,HIGH
LOW,ZERO,ZERO,False,False,False,False,False,NORMAL,NORMAL,LOW,HIGH,NORMAL,NORMAL,HIGH,LOW,HIGH,NORMAL,False,HIGH,NORMAL,HIGH
LOW,NORMAL,ZERO,False,False,False,False,False,NORMAL,NORMAL,LOW,LOW,NORMAL,NORMAL,ZERO,LOW,LOW,NORMAL,False,ZERO,NORMAL,HIGH
HIGH,NORMAL,LOW,False,False,False,False,False,NORMAL,NORMAL,LOW,LOW,NORMAL,HIGH,ZERO,HIGH,HIGH,NORMAL,False,ZERO,NORMAL,LOW
HIGH,NORMAL,LOW,False,False,True,False,False,NORMAL,NORMAL,NORMAL,LOW,LOW,HIGH,ZERO,NORMAL,NORMAL,NORMAL,False,ZERO,NORMAL,HIGH
HIGH,LOW,ZERO,False,False,False,False,False,NORMAL,NORMAL,LOW,HIGH,NORMAL,HIGH,ZERO,HIGH,HIGH,NORMAL,False,HIGH,NORMAL,NORMAL
LOW,NORMAL,LOW,False,False,False,False,False,HIGH,NORMAL,LOW,LOW,NORMAL,NORMAL,ZERO,LOW,LOW,NORMAL,False,ZERO,NORMAL,LOW
HIGH,LOW,ZERO,False,False,False,False,False,HIGH,NORMAL,LOW,HIGH,NORMAL,HIGH,HIGH,HIGH,HIGH,HIGH,False,HIGH,NORMAL,NORMAL
LOW,NORMAL,LOW,False,False,False,False,False,NORMAL,NORMAL,LOW,LOW,NORMAL,NORMAL,ZERO,LOW,LOW,NORMAL,False,ZERO,NORMAL,LOW
NORMAL,NORMAL,LOW,False,False,True,True,False,NORMAL,NORMAL,LOW,LOW,HIGH,HIGH,ZERO,NORMAL,NORMAL,NORMAL,True,ZERO,NORMAL,HIGH
HIGH,LOW,ZERO,False,False,False,False,False,HIGH,NORMAL,LOW,LOW,NORMAL,HIGH,ZERO,HIGH,HIGH,HIGH,False,ZERO,NORMAL,LOW
LOW,NORMAL,LOW,False,False,False,False,False,NORMAL,NORMAL,LOW,LOW,NORMAL,NORMAL,ZERO,LOW,LOW,NORMAL,False,ZERO,NORMAL,LOW
HIGH,NORMAL,LOW,False,False,False,False,False,NORMAL,NORMAL,LOW,LOW,LOW,HIGH,ZERO,HIGH,HIGH,NORMAL,False,ZERO,NORMAL,LOW
HIGH,NORMAL,ZERO,False,True,True,False,False,NORMAL,NORMAL,LOW,LOW,HIGH,HIGH,HIGH,NORMAL,NORMAL,NORMAL,False,ZERO,HIGH,NORMAL
HIGH,NORMAL,LOW,False,False,False,False,False,NORMAL,NORMAL,LOW,LOW,NORMAL,HIGH,ZERO,HIGH,HIGH,NORMAL,False,ZERO,NORMAL,LOW
HIGH,NORMAL,LOW,False,False,False,False,False,NORMAL,NORMAL,LOW,LOW,HIGH,HIGH,ZERO,HIGH,HIGH,NORMAL,False,ZERO,NORMAL,NORMAL
HIGH,HIGH,HIGH,False,False,False,False,False,NORMAL,NORMAL,LOW,HIGH,NORMAL,NORMAL,HIGH,HIGH,HIGH,NORMAL,False,HIGH,NORMAL,NORMAL
HIGH,NORMAL,LOW,False,False,False,False,False,NORMAL,NORMAL,LOW,LOW,NORMAL,HIGH,ZERO,HIGH,HIGH,NORMAL,False,ZERO,NORMAL,LOW
LOW,NORMAL,LOW,False,False,True,False,False,HIGH,NORMAL,LOW,LOW,NORMAL,LOW,ZERO,HIGH,LOW,HIGH,False,ZERO,NORMAL,NORMAL
LOW,NORMAL,HIGH,False,False,False,False,False,NORMAL,NORMAL,HIGH,LOW,NORMAL,NORMAL,LOW,LOW,LOW,NORMAL,False,LOW,NORMAL,HIGH
LOW,NORMAL,LOW,False,False,False,False,False,NORMAL,NORMAL,LOW,LOW,NORMAL,NORMAL,ZERO,LOW,LOW,NORMAL,False,ZERO,NORMAL,NORMAL
LOW,NORMAL,LOW,False,False,False,False,False,NORMAL,NORMAL,LOW,HIGH,NORMAL,NORMAL,HIGH,LOW,LOW,NORMAL,False,HIGH,NORMAL,HIGH
HIGH,NORMAL,LOW,False,False,False,False,False,HIGH,NORMAL,LOW,LOW,NORMAL,NORMAL,HIGH,HIGH,HIGH,HIGH,False,ZERO,NORMAL,NORMAL
LOW,NORMAL,LOW,False,False,True,False,False,NORMAL,NORMAL,LOW,LOW,NORMAL,NORMAL,ZERO,LOW,LOW,NORMAL,False,ZERO,NORMAL,LOW
NORMAL,NORMAL,LOW,False,False,False,False,False,NORMAL,NORMAL,LOW,LOW,NORMAL,HIGH,ZERO,HIGH,HIGH,NORMAL,False,ZERO,NORMAL,NORMAL
HIGH,NORMAL,LOW,False,False,False,False,False,NORMAL,NORMAL,LOW,LOW,NORMAL,NORMAL,ZERO,HIGH,HIGH,LOW,False,ZERO,NORMAL,LOW
HIGH,NORMAL,LOW,False,False,False,False,False,NORMAL,NORMAL,LOW,LOW,NORMAL,HIGH,ZERO,HIGH,HIGH,NORMAL,False,ZERO,NORMAL,LOW
LOW,NORMAL,LOW,True,False,False,False,False,NORMAL,ESOPHAGEAL,LOW,LOW,NORMAL,NORMAL,LOW,LOW,LOW,NORMAL,True,LOW,NORMAL,LOW
HIGH,HIGH,HIGH,False,False,False,False,False,HIGH,NORMAL,LOW,HIGH,NORMAL,NORMAL,HIGH,HIGH,HIGH,HIGH,False,HIGH,NORMAL,LOW
NORMAL,LOW,ZERO,False,False,False,False,False,NORMAL,NORMAL,LOW,HIGH,NORMAL,HIGH,HIGH,HIGH,HIGH,NORMAL,False,HIGH,NORMAL,NORMAL
HIGH,NORMAL,LOW,False,False,False,False,False,HIGH,NORMAL,LOW,LOW,NORMAL,HIGH,ZERO,HIGH,HIGH,HIGH,False,ZERO,NORMAL,NORMAL
LOW,HIGH,HIGH,False,False,False,False,False,NORMAL,NORMAL,LOW,HIGH,NORMAL,LOW,HIGH,LOW,LOW,NORMAL,False,HIGH,NORMAL,HIGH
HIGH,NORMAL,LOW,False,False,False,False,False,NORMAL,NORMAL,LOW,LOW,NORMAL,HIGH,ZERO,HIGH,HIGH,NORMAL,False,ZERO,NORMAL,LOW
HIGH,NORMAL,LOW,False,False,False,False,False,NORMAL,NORMAL,NORMAL,LOW,NORMAL,HIGH,ZERO,HIGH,HIGH,NORMAL,False,ZERO,NORMAL,HIGH
HIGH,NORMAL,LOW,False,False,False,False,False,HIGH,ONESIDED,NORMAL,LOW,NORMAL,HIGH,LOW,HIGH,HIGH,HIGH,False,LOW,HIGH,NORMAL
HIGH,NORMAL,LOW,False,False,False,True,False,NORMAL,NORMAL,LOW,LOW,HIGH,HIGH,ZERO,HIGH,HIGH,NORMAL,False,ZERO,NORMAL,NORMAL
HIGH,NORMAL,HIGH,False,False,False,False,False,NORMAL,ESOPHAGEAL,NORMAL,HIGH,NORMAL,HIGH,LOW,HIGH,HIGH,NORMAL,False,HIGH,NORMAL,LOW
HIGH,NORMAL,LOW,False,False,False,False,False,NORMAL,NORMAL,LOW,LOW,NORMAL,HIGH,ZERO,HIGH,HIGH,NORMAL,False,ZERO,NORMAL,LOW
HIGH,NORMAL,LOW,False,False,False,False,False,NORMAL,NORMAL,LOW,LOW,NORMAL,HIGH,ZERO,HIGH,HIGH,NORMAL,False,ZERO,NORMAL,HIGH
HIGH,NORMAL,LOW,False,False,False,False,False,NORMAL,NORMAL,LOW,LOW,NORMAL,HIGH,ZERO,HIGH,HIGH,NORMAL,False,ZERO,NORMAL,HIGH
LOW,NORMAL,LOW,False,False,False,False,False,LOW,NORMAL,LOW,LOW,NORMAL,NORMAL,ZERO,LOW,LOW,LOW,False,ZERO,NORMAL,NORMAL
HIGH,NORMAL,LOW,False,False,False,False,False,NORMAL,NORMAL,LOW,LOW,NORMAL,HIGH,ZERO,HIGH,HIGH,NORMAL,False,ZERO,NORMAL,LOW
HIGH,NORMAL,LOW,False,False,False,False,False,NORMAL,NORMAL,LOW,LOW,NORMAL,HIGH,ZERO,HIGH,HIGH,NORMAL,False,ZERO,NORMAL,NORMAL
LOW,NORMAL,LOW,False,False,False,False,False,HIGH,NORMAL,LOW,LOW,NORMAL,LOW,NORMAL,LOW,LOW,HIGH,False,ZERO,NORMAL,LOW
HIGH,NORMAL,LOW,False,False,False,True,False,NORMAL,NORMAL,LOW,LOW,NORMAL,HIGH,ZERO,LOW,HIGH,NORMAL,False,ZERO,NORMAL,NORMAL
LOW,NORMAL,LOW,False,False,False,False,False,NORMAL,NORMAL,LOW,LOW,NORMAL,NORMAL,ZERO,LOW,LOW,NORMAL,False,ZERO,NORMAL,LOW
HIGH,NORMAL,LOW,False,False,False,False,False,NORMAL,NORMAL,LOW,LOW,NORMAL,HIGH,ZERO,HIGH,HIGH,NORMAL,False,ZERO,NORMAL,HIGH
HIGH,NORMAL,LOW,False,False,False,False,False,HIGH,ESOPHAGEAL,NORMAL,LOW,NORMAL,LOW,ZERO,HIGH,HIGH,HIGH,False,ZERO,NORMAL,LOW
HIGH,NORMAL,LOW,False,False,False,True,False,LOW,ONESIDED,LOW,LOW,NORMAL,HIGH,NORMAL,HIGH,HIGH,LOW,False,NORMAL,HIGH,LOW
LOW,NORMAL,LOW,False,False,False,False,False,NORMAL,NORMAL,NORMAL,LOW,NORMAL,NORMAL,LOW,LOW,LOW,NORMAL,False,NORMAL,NORMAL,NORMAL
LOW,ZERO,ZERO,False,False,True,False,True,LOW,NORMAL,HIGH,LOW,NORMAL,LOW,ZERO,LOW,LOW,LOW,False,ZERO,NORMAL,HIGH
HIGH,NORMAL,LOW,False,False,False,False,False,NORMAL,NORMAL,LOW,LOW,NORMAL,HIGH,LOW,HIGH,HIGH,NORMAL,False,ZERO,NORMAL,LOW
HIGH,NORMAL,LOW,False,False,False,True,False,HIGH,NORMAL,LOW,LOW,NORMAL,HIGH,ZERO,HIGH,HIGH,HIGH,False,ZERO,NORMAL,NORMAL
HIGH,NORMAL,LOW,False,True,False,False,True,LOW,NORMAL,LOW,LOW,NORMAL,LOW,ZERO,HIGH,LOW,LOW,False,ZERO,HIGH,LOW
HIGH,NORMAL,LOW,False,False,False,False,False,HIGH,NORMAL,LOW,LOW,NORMAL,HIGH,ZERO,HIGH,HIGH,NORMAL,False,ZERO,NORMAL,NORMAL
HIGH,NORMAL,LOW,False,False,False,False,False,HIGH,NORMAL,LOW,LOW,NORMAL,HIGH,ZERO,HIGH,HIGH,HIGH,True,ZERO,NORMAL,NORMAL
HIGH,NORMAL,LOW,False,False,False,False,False,HIGH,ESOPHAGEAL,LOW,LOW,NORMAL,NORMAL,LOW,HIGH,HIGH,HIGH,False,LOW,NORMAL,HIGH
HIGH,NORMAL,LOW,False,False,False,False,False,HIGH,NORMAL,LOW,LOW,NORMAL,HIGH,ZERO,HIGH,HIGH,HIGH,False,ZERO,NORMAL,NORMAL
HIGH,NORMAL,LOW,False,False,False,False,False,NORMAL,NORMAL,LOW,LOW,NORMAL,HIGH,ZERO,HIGH,HIGH,NORMAL,False,ZERO,NORMAL,HIGH
HIGH,LOW,ZERO,False,False,False,False,False,NORMAL,NORMAL,LOW,HIGH,NORMAL,NORMAL,HIGH,HIGH,HIGH,NORMAL,False,HIGH,NORMAL,NORMAL
HIGH,NORMAL,LOW,False,False,False,True,False,NORMAL,NORMAL,LOW,LOW,NORMAL,HIGH,ZERO,HIGH,HIGH,NORMAL,False,ZERO,NORMAL,NORMAL
LOW,NORMAL,LOW,False,False,False,False,False,NORMAL,NORMAL,LOW,LOW,NORMAL,NORMAL,ZERO,LOW,LOW,NORMAL,False,ZERO,NORMAL,LOW
LOW,HIGH,HIGH,False,False,False,False,False,NORMAL,ESOPHAGEAL,NORMAL,HIGH,NORMAL,NORMAL,LOW,LOW,LOW,NORMAL,False,HIGH,NORMAL,HIGH
HIGH,NORMAL,LOW,False,False,False,False,False,HIGH,NORMAL,LOW,LOW,NORMAL,HIGH,ZERO,HIGH,HIGH,HIGH,False,ZERO,NORMAL,LOW
HIGH,NORMAL,LOW,False,False,False,True,False,HIGH,NORMAL,LOW,LOW,NORMAL,HIGH,ZERO,HIGH,HIGH,HIGH,False,ZERO,HIGH,HIGH
LOW,NORMAL,LOW,False,False,False,False,False,NORMAL,NORMAL,LOW,LOW,NORMAL,NORMAL,ZERO,LOW,LOW,NORMAL,False,ZERO,NORMAL,HIGH
HIGH,NORMAL,LOW,False,False,False,False,False,NORMAL,NORMAL,LOW,LOW,NORMAL,HIGH,ZERO,HIGH,HIGH,NORMAL,False,ZERO,NORMAL,LOW
HIGH,NORMAL,LOW,False,False,False,False,False,NORMAL,NORMAL,LOW,LOW,NORMAL,HIGH,ZERO,HIGH,HIGH,NORMAL,False,ZERO,NORMAL,LOW
HIGH,ZERO,ZERO,False,False,True,False,False,NORMAL,NORMAL,LOW,HIGH,NORMAL,LOW,HIGH,NORMAL,NORMAL,NORMAL,False,HIGH,NORMAL,LOW
HIGH,NORMAL,LOW,False,False,False,False,False,HIGH,ONESIDED,NORMAL,LOW,NORMAL,HIGH,ZERO,HIGH,HIGH,HIGH,False,LOW,HIGH,NORMAL
HIGH,NORMAL,LOW,False,False,False,False,False,NORMAL,NORMAL,ZERO,HIGH,NORMAL,NORMAL,ZERO,HIGH,HIGH,NORMAL,False,HIGH,NORMAL,HIGH
HIGH,NORMAL,LOW,False,False,False,False,False,HIGH,NORMAL,LOW,LOW,NORMAL,HIGH,ZERO,HIGH,HIGH,HIGH,False,ZERO,NORMAL,LOW
HIGH,NORMAL,LOW,False,False,False,False,True,LOW,ESOPHAGEAL,NORMAL,LOW,NORMAL,LOW,ZERO,HIGH,HIGH,LOW,False,ZERO,NORMAL,NORMAL
HIGH,HIGH,HIGH,False,False,False,False,False,NORMAL,NORMAL,LOW,LOW,NORMAL,HIGH,ZERO,HIGH,HIGH,NORMAL,False,ZERO,NORMAL,NORMAL
HIGH,NORMAL,ZERO,False,False,False,False,False,NORMAL,NORMAL,LOW,HIGH,HIGH,HIGH,HIGH,HIGH,HIGH,NORMAL,False,HIGH,NORMAL,LOW
HIGH,NORMAL,LOW,False,False,False,False,False,NORMAL,NORMAL,LOW,LOW,NORMAL,HIGH,ZERO,HIGH,NORMAL,NORMAL,False,ZERO,NORMAL,LOW
HIGH,NORMAL,LOW,False,False,False,False,False,NORMAL,NORMAL,LOW,LOW,NORMAL,HIGH,ZERO,HIGH,HIGH,NORMAL,False,ZERO,NORMAL,NORMAL
HIGH,LOW,ZERO,False,False,False,False,False,NORMAL,NORMAL,LOW,HIGH,NORMAL,HIGH,NORMAL,HIGH,LOW,NORMAL,False,HIGH,NORMAL,NORMAL
NORMAL,NORMAL,LOW,False,False,False,False,False,HIGH,NORMAL,LOW,LOW,NORMAL,HIGH,ZERO,HIGH,HIGH,HIGH,False,ZERO,NORMAL,HIGH
NORMAL,NORMAL,LOW,False,False,False,False,False,NORMAL,NORMAL,LOW,LOW,NORMAL,HIGH,ZERO,HIGH,HIGH,NORMAL,False,ZERO,NORMAL,HIGH
HIGH,NORMAL,LOW,False,False,False,False,False,NORMAL,NORMAL,LOW,LOW,NORMAL,HIGH,ZERO,HIGH,HIGH,NORMAL,False,ZERO,NORMAL,NORMAL
LOW,NORMAL,LOW,False,False,False,False,False,NORMAL,NORMAL,LOW,LOW,NORMAL,NORMAL,ZERO,LOW,LOW,NORMAL,False,ZERO,NORMAL,NORMAL
HIGH,NORMAL,LOW,False,False,True,False,False,NORMAL,NORMAL,LOW,LOW,NORMAL,HIGH,ZERO,NORMAL,NORMAL,NORMAL,True,ZERO,NORMAL,NORMAL
HIGH,NORMAL,LOW,False,False,True,False,False,NORMAL,NORMAL,LOW,LOW,NORMAL,HIGH,ZERO,NORMAL,NORMAL,NORMAL,False,ZERO,NORMAL,LOW
HIGH,NORMAL,LOW,False,False,False,False,True,LOW,NORMAL,LOW,LOW,HIGH,LOW,ZERO,HIGH,HIGH,LOW,False,ZERO,NORMAL,HIGH
HIGH,NORMAL,LOW,False,False,False,False,False,NORMAL,NORMAL,LOW,LOW,NORMAL,NORMAL,ZERO,HIGH,HIGH,NORMAL,False,ZERO,NORMAL,NORMAL
HIGH,HIGH,HIGH,False,False,False,False,False,NORMAL,NORMAL,NORMAL,HIGH,HIGH,HIGH,HIGH,HIGH,HIGH,NORMAL,False,HIGH,NORMAL,HIGH
HIGH,NORMAL,LOW,False,False,True,True,False,HIGH,NORMAL,NORMAL,LOW,NORMAL,LOW,ZERO,NORMAL,NORMAL,HIGH,False,ZERO,NORMAL,NORMAL
HIGH,NORMAL,LOW,False,False,False,False,False,HIGH,NORMAL,LOW,LOW,NORMAL,HIGH,ZERO,HIGH,HIGH,HIGH,False,ZERO,NORMAL,NORMAL
LOW,NORMAL,LOW,False,False,False,True,False,NORMAL,NORMAL,LOW,LOW,HIGH,NORMAL,ZERO,LOW,LOW,NORMAL,False,ZERO,NORMAL,HIGH
HIGH,NORMAL,LOW,False,False,False,False,False,NORMAL,NORMAL,LOW,LOW,NORMAL,HIGH,ZERO,HIGH,HIGH,NORMAL,False,ZERO,NORMAL,LOW
HIGH,LOW,ZERO,False,False,False,False,False,HIGH,NORMAL,LOW,LOW,NORMAL,HIGH,ZERO,HIGH,HIGH,HIGH,False,ZERO,NORMAL,NORMAL
HIGH,NORMAL,LOW,False,False,False,False,False,NORMAL,NORMAL,LOW,LOW,NORMAL,HIGH,ZERO,HIGH,HIGH,NORMAL,False,ZERO,NORMAL,HIGH
HIGH,NORMAL,LOW,False,False,False,False,False,NORMAL,NORMAL,LOW,LOW,LOW,HIGH,ZERO,HIGH,HIGH,NORMAL,False,ZERO,NORMAL,NORMAL
NORMAL,NORMAL,LOW,False,False,False,True,False,NORMAL,NORMAL,LOW,LOW,NORMAL,HIGH,ZERO,HIGH,HIGH,NORMAL,True,ZERO,NORMAL,LOW
HIGH,LOW,ZERO,False,False,False,False,False,NORMAL,NORMAL,LOW,HIGH,NORMAL,HIGH,HIGH,HIGH,HIGH,NORMAL,False,HIGH,NORMAL,LOW
HIGH,NORMAL,ZERO,False,True,False,False,False,HIGH,NORMAL,LOW,HIGH,HIGH,HIGH,HIGH,LOW,HIGH,HIGH,False,HIGH,HIGH,HIGH
HIGH,NORMAL,ZERO,False,False,False,False,False,NORMAL,NORMAL,LOW,HIGH,NORMAL,HIGH,HIGH,HIGH,HIGH,HIGH,False,HIGH,NORMAL,LOW
LOW,NORMAL,LOW,False,False,False,False,False,NORMAL,NORMAL,LOW,HIGH,NORMAL,NORMAL,HIGH,LOW,LOW,NORMAL,False,HIGH,NORMAL,HIGH
HIGH,NORMAL,LOW,False,False,True,True,False,NORMAL,NORMAL,HIGH,LOW,NORMAL,HIGH,LOW,NORMAL,NORMAL,NORMAL,False,LOW,NORMAL,NORMAL
HIGH,NORMAL,LOW,False,False,False,False,False,NORMAL,NORMAL,LOW,LOW,NORMAL,HIGH,ZERO,HIGH,HIGH,NORMAL,False,ZERO,NORMAL,NORMAL
LOW,NORMAL,ZERO,False,False,False,False,False,NORMAL,ESOPHAGEAL,LOW,LOW,NORMAL,NORMAL,LOW,LOW,LOW,NORMAL,False,LOW,NORMAL,NORMAL
HIGH,NORMAL,LOW,False,False,False,False,False,NORMAL,ONESIDED,NORMAL,LOW,NORMAL,HIGH,ZERO,HIGH,HIGH,NORMAL,False,LOW,HIGH,NORMAL
HIGH,NORMAL,LOW,False,True,False,False,False,NORMAL,NORMAL,LOW,LOW,HIGH,LOW,ZERO,HIGH,HIGH,NORMAL,False,ZERO,HIGH,LOW
HIGH,HIGH,HIGH,False,False,False,False,False,NORMAL,NORMAL,LOW,HIGH,NORMAL,HIGH,HIGH,HIGH,HIGH,NORMAL,False,HIGH,NORMAL,NORMAL
LOW,NORMAL,LOW,False,False,False,False,False,NORMAL,NORMAL,LOW,LOW,NORMAL,NORMAL,ZERO,LOW,LOW,NORMAL,False,ZERO,NORMAL,NORMAL
HIGH,NORMAL,LOW,False,False,False,False,False,LOW,NORMAL,ZERO,HIGH,NORMAL,HIGH,ZERO,HIGH,HIGH,LOW,False,HIGH,NORMAL,LOW
HIGH,NORMAL,LOW,False,False,False,False,False,NORMAL,NORMAL,LOW,LOW,NORMAL,HIGH,ZERO,HIGH,HIGH,NORMAL,False,ZERO,NORMAL,NORMAL
HIGH,NORMAL,LOW,False,False,False,False,False,NORMAL,NORMAL,LOW,LOW,NORMAL,HIGH,ZERO,HIGH,HIGH,NORMAL,False,ZERO,NORMAL,LOW
HIGH,NORMAL,LOW,False,False,False,False,False,NORMAL,NORMAL,LOW,LOW,NORMAL,HIGH,ZERO,HIGH,HIGH,NORMAL,False,ZERO,NORMAL,NORMAL
HIGH,NORMAL,LOW,False,False,True,False,False,NORMAL,NORMAL,LOW,LOW,LOW,HIGH,ZERO,NORMAL,LOW,HIGH,False,ZERO,NORMAL,HIGH
NORMAL,NORMAL,LOW,False,False,False,False,False,NORMAL,NORMAL,ZERO,HIGH,NORMAL,NORMAL,ZERO,LOW,LOW,NORMAL,False,HIGH,NORMAL,LOW
HIGH,NORMAL,LOW,False,False,False,False,False,NORMAL,NORMAL,LOW,LOW,NORMAL,HIGH,ZERO,HIGH,HIGH,NORMAL,False,ZERO,NORMAL,HIGH
HIGH,NORMAL,LOW,False,False,True,False,False,NORMAL,NORMAL,LOW,LOW,NORMAL,HIGH,ZERO,NORMAL,NORMAL,NORMAL,False,ZERO,NORMAL,LOW
HIGH,NORMAL,ZERO,False,False,False,False,True,LOW,NORMAL,LOW,LOW,NORMAL,LOW,ZERO,HIGH,HIGH,LOW,False,ZERO,NORMAL,NORMAL
HIGH,NORMAL,ZERO,False,False,False,False,False,NORMAL,ONESIDED,LOW,LOW,NORMAL,HIGH,NORMAL,HIGH,HIGH,NORMAL,False,NORMAL,HIGH,LOW
HIGH,NORMAL,LOW,False,False,False,False,False,NORMAL,NORMAL,LOW,LOW,NORMAL,HIGH,ZERO,HIGH,HIGH,NORMAL,False,ZERO,NORMAL,LOW
HIGH,NORMAL,LOW,False,False,False,False,False,HIGH,NORMAL,LOW,LOW,HIGH,HIGH,ZERO,HIGH,HIGH,HIGH,False,ZERO,NORMAL,NORMAL
LOW,NORMAL,LOW,False,False,False,False,False,HIGH,NORMAL,LOW,LOW,NORMAL,LOW,ZERO,LOW,LOW,NORMAL,False,ZERO,NORMAL,NORMAL
HIGH,NORMAL,LOW,False,False,False,False,False,HIGH,NORMAL,LOW,LOW,NORMAL,HIGH,ZERO,HIGH,HIGH,NORMAL,False,ZERO,NORMAL,LOW
LOW,LOW,ZERO,False,False,False,False,False,NORMAL,NORMAL,ZERO,LOW,NORMAL,NORMAL,ZERO,LOW,LOW,NORMAL,False,ZERO,NORMAL,HIGH
HIGH,NORMAL,LOW,False,False,False,False,False,NORMAL,NORMAL,LOW,LOW,NORMAL,HIGH,ZERO,HIGH,HIGH,NORMAL,False,ZERO,NORMAL,NORMAL
HIGH,NORMAL,LOW,False,False,True,True,False,NORMAL,NORMAL,LOW,LOW,NORMAL,HIGH,ZERO,NORMAL,NORMAL,NORMAL,False,ZERO,NORMAL,HIGH
HIGH,NORMAL,LOW,False,False,False,False,False,HIGH,NORMAL,LOW,LOW,NORMAL,LOW,ZERO,HIGH,HIGH,HIGH,False,ZERO,NORMAL,LOW
HIGH,HIGH,HIGH,False,False,False,False,False,HIGH,NORMAL,LOW,HIGH,NORMAL,LOW,HIGH,HIGH,HIGH,HIGH,False,HIGH,NORMAL,LOW
LOW,NORMAL,LOW,False,False,False,True,False,NORMAL,NORMAL,LOW,LOW,LOW,NORMAL,ZERO,LOW,LOW,NORMAL,False,ZERO,NORMAL,LOW
LOW,NORMAL,ZERO,False,False,False,False,False,NORMAL,ESOPHAGEAL,LOW,LOW,NORMAL,NORMAL,LOW,LOW,LOW,NORMAL,False,LOW,NORMAL,LOW
HIGH,NORMAL,LOW,False,False,False,False,True,LOW,ONESIDED,NORMAL,LOW,NORMAL,LOW,LOW,HIGH,HIGH,LOW,False,LOW,HIGH,HIGH
HIGH,NORMAL,LOW,False,False,False,False,False,NORMAL,NORMAL,LOW,LOW,NORMAL,HIGH,ZERO,HIGH,HIGH,NORMAL,False,ZERO,NORMAL,HIGH
HIGH,HIGH,HIGH,False,False,False,True,False,HIGH,NORMAL,LOW,LOW,NORMAL,LOW,HIGH,HIGH,HIGH,HIGH,False,HIGH,NORMAL,LOW
NORMAL,NORMAL,ZERO,False,False,False,False,False,NORMAL,ONESIDED,LOW,LOW,NORMAL,LOW,NORMAL,LOW,HIGH,NORMAL,False,NORMAL,HIGH,LOW
LOW,NORMAL,LOW,False,False,False,False,False,HIGH,NORMAL,LOW,LOW,NORMAL,NORMAL,NORMAL,LOW,LOW,HIGH,False,NORMAL,NORMAL,HIGH
NORMAL,NORMAL,LOW,False,False,False,False,False,NORMAL,NORMAL,LOW,LOW,NORMAL,HIGH,ZERO,HIGH,HIGH,NORMAL,False,ZERO,NORMAL,LOW
HIGH,NORMAL,LOW,False,False,False,False,False,NORMAL,NORMAL,LOW,LOW,NORMAL,HIGH,ZERO,HIGH,HIGH,LOW,False,ZERO,NORMAL,HIGH
HIGH,NORMAL,LOW,False,False,False,True,False,NORMAL,NORMAL,LOW,LOW,LOW,HIGH,ZERO,HIGH,HIGH,NORMAL,False,ZERO,NORMAL,NORMAL
HIGH,NORMAL,LOW,False,False,False,False,False,NORMAL,NORMAL,LOW,LOW,NORMAL,HIGH,ZERO,HIGH,HIGH,LOW,False,ZERO,NORMAL,NORMAL
HIGH,NORMAL,LOW,False,False,False,False,False,LOW,NORMAL,LOW,LOW,NORMAL,LOW,ZERO,HIGH,HIGH,LOW,False,ZERO,NORMAL,LOW
HIGH,HIGH,HIGH,False,False,False,False,False,NORMAL,NORMAL,LOW,HIGH,NORMAL,HIGH,HIGH,HIGH,HIGH,NORMAL,False,HIGH,NORMAL,LOW
LOW,HIGH,HIGH,False,False,True,False,False,NORMAL,NORMAL,LOW,HIGH,NORMAL,NORMAL,HIGH,LOW,NORMAL,NORMAL,False,HIGH,NORMAL,HIGH
HIGH,NORMAL,LOW,False,False,False,False,False,HIGH,NORMAL,LOW,LOW,NORMAL,LOW,ZERO,HIGH,HIGH,HIGH,False,ZERO,NORMAL,HIGH
HIGH,NORMAL,LOW,False,False,False,False,False,NORMAL,NORMAL,LOW,LOW,NORMAL,HIGH,ZERO,HIGH,HIGH,NORMAL,True,ZERO,NORMAL,HIGH
HIGH,NORMAL,ZERO,False,False,False,False,False,HIGH,NORMAL,LOW,LOW,HIGH,HIGH,ZERO,HIGH,HIGH,HIGH,False,ZERO,NORMAL,NORMAL
HIGH,NORMAL,LOW,False,False,False,False,True,LOW,NORMAL,LOW,LOW,NORMAL,LOW,ZERO,HIGH,HIGH,LOW,False,ZERO,NORMAL,HIGH
LOW,ZERO,ZERO,False,False,False,False,False,NORMAL,NORMAL,LOW,HIGH,NORMAL,NORMAL,HIGH,LOW,LOW,NORMAL,False,HIGH,NORMAL,HIGH
HIGH,NORMAL,LOW,False,False,False,False,False,NORMAL,NORMAL,LOW,LOW,NORMAL,HIGH,ZERO,HIGH,HIGH,NORMAL,False,ZERO,NORMAL,NORMAL
HIGH,NORMAL,LOW,False,False,False,False,False,HIGH,NORMAL,LOW,LOW,NORMAL,HIGH,ZERO,HIGH,HIGH,HIGH,False,ZERO,NORMAL,NORMAL
HIGH,NORMAL,LOW,False,False,False,False,False,NORMAL,NORMAL,LOW,LOW,NORMAL,HIGH,ZERO,HIGH,HIGH,LOW,False,ZERO,NORMAL,NORMAL
HIGH,NORMAL,LOW,False,False,False,True,True,LOW,NORMAL,LOW,LOW,NORMAL,LOW,ZERO,HIGH,HIGH,LOW,False,ZERO,NORMAL,NORMAL
HIGH,NORMAL,LOW,False,False,False,False,False,NORMAL,NORMAL,LOW,LOW,NORMAL,HIGH,ZERO,HIGH,HIGH,NORMAL,False,ZERO,NORMAL,LOW
HIGH,ZERO,ZERO,False,False,False,False,False,LOW,NORMAL,LOW,HIGH,NORMAL,HIGH,HIGH,HIGH,HIGH,LOW,False,HIGH,NORMAL,NORMAL
HIGH,NORMAL,LOW,False,False,False,True,False,HIGH,NORMAL,LOW,LOW,NORMAL,NORMAL,ZERO,HIGH,HIGH,HIGH,False,ZERO,NORMAL,NORMAL
LOW,NORMAL,LOW,False,False,True,False,False,NORMAL,NORMAL,LOW,LOW,NORMAL,NORMAL,ZERO,LOW,LOW,NORMAL,False,ZERO,NORMAL,HIGH
LOW,HIGH,HIGH,False,False,False,False,False,HIGH,NORMAL,LOW,HIGH,NORMAL,LOW,HIGH,LOW,LOW,HIGH,False,HIGH,HIGH,LOW
HIGH,NORMAL,ZERO,False,False,False,True,False,NORMAL,NORMAL,LOW,LOW,NORMAL,HIGH,ZERO,HIGH,HIGH,NORMAL,False,ZERO,NORMAL,LOW
LOW,ZERO,ZERO,False,False,False,False,False,NORMAL,ESOPHAGEAL,NORMAL,LOW,NORMAL,NORMAL,LOW,LOW,LOW,NORMAL,False,LOW,NORMAL,LOW
HIGH,NORMAL,LOW,False,False,False,False,False,HIGH,ONESIDED,NORMAL,LOW,NORMAL,HIGH,ZERO,HIGH,HIGH,HIGH,False,LOW,HIGH,HIGH
HIGH,NORMAL,LOW,False,False,True,False,False,NORMAL,NORMAL,LOW,LOW,NORMAL,HIGH,ZERO,NORMAL,NORMAL,NORMAL,False,ZERO,HIGH,NORMAL
HIGH,NORMAL,LOW,False,False,False,False,False,NORMAL,NORMAL,LOW,LOW,NORMAL,HIGH,ZERO,HIGH,HIGH,NORMAL,False,ZERO,NORMAL,HIGH
HIGH,LOW,ZERO,False,False,False,False,False,NORMAL,NORMAL,ZERO,HIGH,NORMAL,HIGH,HIGH,HIGH,HIGH,NORMAL,False,HIGH,NORMAL,LOW
HIGH,NORMAL,LOW,False,False,False,False,False,NORMAL,NORMAL,LOW,LOW,LOW,NORMAL,ZERO,HIGH,HIGH,NORMAL,False,ZERO,NORMAL,LOW
HIGH,NORMAL,ZERO,False,False,False,False,False,NORMAL,NORMAL,LOW,LOW,NORMAL,HIGH,ZERO,HIGH,HIGH,NORMAL,False,ZERO,NORMAL,NORMAL
HIGH,NORMAL,LOW,False,False,False,False,False,HIGH,NORMAL,LOW,LOW,NORMAL,HIGH,ZERO,HIGH,HIGH,HIGH,False,ZERO,NORMAL,HIGH
NORMAL,NORMAL,LOW,False,False,True,False,False,NORMAL,NORMAL,LOW,LOW,HIGH,HIGH,ZERO,NORMAL,NORMAL,NORMAL,False,ZERO,NORMAL,LOW
HIGH,NORMAL,LOW,False,False,False,False,False,HIGH,NORMAL,LOW,LOW,NORMAL,HIGH,ZERO,HIGH,HIGH,NORMAL,False,ZERO,NORMAL,HIGH
HIGH,NORMAL,LOW,False,False,False,True,False,HIGH,NORMAL,LOW,LOW,NORMAL,HIGH,ZERO,HIGH,HIGH,HIGH,False,ZERO,NORMAL,LOW
HIGH,NORMAL,LOW,False,False,True,False,False,NORMAL,NORMAL,LOW,LOW,NORMAL,HIGH,ZERO,NORMAL,NORMAL,NORMAL,False,ZERO,NORMAL,LOW
HIGH,NORMAL,LOW,False,False,True,False,False,NORMAL,NORMAL,LOW,LOW,NORMAL,HIGH,ZERO,NORMAL,NORMAL,NORMAL,False,ZERO,NORMAL,HIGH
HIGH,NORMAL,ZERO,False,False,True,False,False,HIGH,NORMAL,LOW,LOW,NORMAL,HIGH,ZERO,NORMAL,NORMAL,HIGH,False,ZERO,NORMAL,LOW
HIGH,NORMAL,LOW,False,False,False,False,False,NORMAL,NORMAL,LOW,LOW,NORMAL,HIGH,ZERO,HIGH,HIGH,LOW,False,ZERO,NORMAL,NORMAL
HIGH,HIGH,HIGH,False,False,False,False,False,NORMAL,NORMAL,LOW,HIGH,NORMAL,HIGH,HIGH,HIGH,HIGH,NORMAL,False,HIGH,NORMAL,LOW
HIGH,NORMAL,LOW,False,False,False,False,False,HIGH,NORMAL,LOW,LOW,NORMAL,LOW,ZERO,HIGH,HIGH,HIGH,False,ZERO,NORMAL,NORMAL
NORMAL,NORMAL,LOW,False,False,False,True,False,NORMAL,NORMAL,LOW,LOW,NORMAL,LOW,ZERO,LOW,NORMAL,LOW,False,ZERO,NORMAL,HIGH
LOW,NORMAL,LOW,False,False,False,False,False,NORMAL,NORMAL,LOW,LOW,NORMAL,LOW,ZERO,LOW,LOW,NORMAL,False,ZERO,NORMAL,HIGH
HIGH,HIGH,HIGH,False,False,False,False,False,NORMAL,NORMAL,LOW,HIGH,NORMAL,NORMAL,HIGH,LOW,LOW,NORMAL,False,HIGH,NORMAL,HIGH
HIGH,NORMAL,LOW,False,False,False,False,False,HIGH,NORMAL,LOW,LOW,NORMAL,LOW,ZERO,HIGH,LOW,HIGH,False,ZERO,NORMAL,LOW
NORMAL,NORMAL,LOW,False,False,False,False,False,NORMAL,NORMAL,LOW,LOW,NORMAL,HIGH,ZERO,HIGH,HIGH,NORMAL,False,ZERO,NORMAL,HIGH
HIGH,HIGH,HIGH,False,False,False,True,False,NORMAL,NORMAL,LOW,NORMAL,NORMAL,LOW,HIGH,HIGH,HIGH,NORMAL,False,HIGH,NORMAL,LOW
HIGH,NORMAL,ZERO,False,False,False,False,False,HIGH,NORMAL,LOW,LOW,NORMAL,NORMAL,ZERO,HIGH,HIGH,HIGH,False,ZERO,NORMAL,NORMAL
HIGH,ZERO,ZERO,False,False,False,False,False,LOW,NORMAL,LOW,LOW,NORMAL,HIGH,ZERO,HIGH,HIGH,LOW,False,ZERO,NORMAL,LOW
LOW,NORMAL,LOW,False,False,False,False,False,NORMAL,NORMAL,LOW,LOW,NORMAL,NORMAL,ZERO,LOW,LOW,NORMAL,False,ZERO,NORMAL,LOW
HIGH,ZERO,ZERO,False,False,False,False,False,HIGH,NORMAL,LOW,HIGH,LOW,LOW,HIGH,HIGH,HIGH,HIGH,False,HIGH,NORMAL,HIGH
LOW,NORMAL,LOW,False,False,True,True,False,NORMAL,NORMAL,LOW,LOW,NORMAL,NORMAL,ZERO,LOW,HIGH,NORMAL,False,ZERO,NORMAL,NORMAL
HIGH,NORMAL,LOW,False,False,False,False,False,NORMAL,NORMAL,LOW,LOW,HIGH,HIGH,ZERO,HIGH,HIGH,NORMAL,False,ZERO,NORMAL,NORMAL
HIGH,NORMAL,LOW,False,False,False,False,False,HIGH,NORMAL,LOW,LOW,LOW,NORMAL,ZERO,HIGH,HIGH,HIGH,True,ZERO,NORMAL,NORMAL
HIGH,NORMAL,LOW,False,False,False,False,False,NORMAL,NORMAL,LOW,LOW,NORMAL,HIGH,ZERO,HIGH,HIGH,NORMAL,False,ZERO,NORMAL,NORMAL
HIGH,NORMAL,LOW,False,False,False,False,False,NORMAL,NORMAL,LOW,LOW,NORMAL,HIGH,ZERO,HIGH,HIGH,HIGH,False,ZERO,HIGH,LOW
HIGH,NORMAL,LOW,False,False,True,False,False,NORMAL,NORMAL,LOW,LOW,NORMAL,NORMAL,ZERO,LOW,NORMAL,NORMAL,False,ZERO,NORMAL,HIGH
HIGH,NORMAL,LOW,False,False,False,False,True,LOW,NORMAL,LOW,LOW,NORMAL,HIGH,LOW,HIGH,HIGH,LOW,False,ZERO,NORMAL,NORMAL
HIGH,NORMAL,LOW,False,False,False,False,False,NORMAL,NORMAL,LOW,LOW,NORMAL,HIGH,ZERO,HIGH,HIGH,NORMAL,False,ZERO,NORMAL,LOW
HIGH,NORMAL,LOW,False,False,False,False,False,HIGH,NORMAL,LOW,LOW,NORMAL,NORMAL,ZERO,HIGH,HIGH,HIGH,False,ZERO,NORMAL,LOW
HIGH,NORMAL,LOW,False,False,False,False,False,NORMAL,NORMAL,LOW,LOW,NORMAL,HIGH,ZERO,HIGH,HIGH,NORMAL,False,ZERO,NORMAL,LOW
LOW,LOW,ZERO,False,False,True,False,False,NORMAL,NORMAL,ZERO,HIGH,NORMAL,NORMAL,HIGH,NORMAL,LOW,NORMAL,False,HIGH,NORMAL,HIGH
LOW,NORMAL,LOW,False,False,False,False,False,NORMAL,NORMAL,LOW,LOW,NORMAL,NORMAL,ZERO,LOW,LOW,NORMAL,False,ZERO,NORMAL,HIGH
HIGH,LOW,ZERO,False,False,False,False,False,NORMAL,NORMAL,LOW,HIGH,NORMAL,HIGH,HIGH,HIGH,HIGH,NORMAL,False,HIGH,NORMAL,LOW
HIGH,NORMAL,LOW,False,False,True,False,False,NORMAL,ONESIDED,NORMAL,LOW,LOW,HIGH,ZERO,NORMAL,NORMAL,NORMAL,False,LOW,HIGH,NORMAL
HIGH,NORMAL,LOW,False,False,True,False,False,NORMAL,NORMAL,LOW,LOW,NORMAL,HIGH,ZERO,NORMAL,NORMAL,NORMAL,False,ZERO,NORMAL,HIGH
HIGH,NORMAL,HIGH,False,False,False,False,True,LOW,NORMAL,LOW,HIGH,NORMAL,LOW,HIGH,HIGH,HIGH,LOW,False,HIGH,NORMAL,NORMAL
HIGH,NORMAL,LOW,False,False,False,False,False,NORMAL,NORMAL,LOW,LOW,HIGH,HIGH,ZERO,HIGH,HIGH,NORMAL,False,ZERO,NORMAL,HIGH
HIGH,NORMAL,LOW,False,False,False,False,False,NORMAL,NORMAL,LOW,LOW,NORMAL,HIGH,HIGH,HIGH,HIGH,NORMAL,False,ZERO,NORMAL,HIGH
HIGH,NORMAL,LOW,False,False,False,False,False,NORMAL,NORMAL,LOW,LOW,NORMAL,HIGH,ZERO,HIGH,HIGH,NORMAL,False,ZERO,NORMAL,NORMAL
HIGH,NORMAL,LOW,False,False,False,False,False,NORMAL,NORMAL,LOW,LOW,NORMAL,HIGH,ZERO,HIGH,HIGH,NORMAL,False,ZERO,NORMAL,LOW
NORMAL,NORMAL,LOW,False,False,True,False,False,NORMAL,NORMAL,HIGH,LOW,NORMAL,HIGH,LOW,NORMAL,NORMAL,NORMAL,False,LOW,NORMAL,NORMAL
HIGH,NORMAL,LOW,False,False,False,False,False,HIGH,NORMAL,LOW,LOW,HIGH,HIGH,ZERO,HIGH,HIGH,HIGH,False,ZERO,NORMAL,NORMAL
NORMAL,NORMAL,LOW,False,False,True,False,False,NORMAL,ONESIDED,NORMAL,LOW,NORMAL,HIGH,LOW,NORMAL,NORMAL,HIGH,False,LOW,HIGH,LOW
HIGH,NORMAL,LOW,False,False,False,False,False,NORMAL,NORMAL,LOW,LOW,NORMAL,HIGH,ZERO,HIGH,HIGH,NORMAL,False,ZERO,NORMAL,NORMAL
HIGH,ZERO,ZERO,False,False,False,False,False,NORMAL,NORMAL,NORMAL,LOW,NORMAL,HIGH,HIGH,HIGH,HIGH,NORMAL,False,ZERO,NORMAL,LOW
HIGH,LOW,ZERO,False,False,False,False,False,NORMAL,NORMAL,LOW,HIGH,NORMAL,HIGH,HIGH,HIGH,HIGH,NORMAL,False,HIGH,NORMAL,LOW
HIGH,NORMAL,LOW,False,False,False,False,True,LOW,NORMAL,LOW,LOW,NORMAL,NORMAL,ZERO,HIGH,HIGH,LOW,False,ZERO,NORMAL,NORMAL
HIGH,HIGH,HIGH,False,False,False,False,False,HIGH,ONESIDED,HIGH,LOW,NORMAL,HIGH,HIGH,HIGH,HIGH,HIGH,False,LOW,HIGH,HIGH
HIGH,NORMAL,LOW,False,False,False,False,False,NORMAL,NORMAL,LOW,LOW,NORMAL,HIGH,ZERO,HIGH,HIGH,NORMAL,False,ZERO,NORMAL,NORMAL
HIGH,NORMAL,LOW,False,False,False,False,False,NORMAL,NORMAL,LOW,LOW,NORMAL,HIGH,ZERO,HIGH,HIGH,NORMAL,False,ZERO,NORMAL,NORMAL
NORMAL,NORMAL,LOW,False,False,False,False,False,NORMAL,ESOPHAGEAL,NORMAL,LOW,NORMAL,HIGH,ZERO,HIGH,HIGH,NORMAL,False,ZERO,NORMAL,NORMAL
HIGH,NORMAL,LOW,False,False,False,False,False,HIGH,NORMAL,LOW,LOW,NORMAL,HIGH,ZERO,HIGH,HIGH,HIGH,False,ZERO,NORMAL,HIGH
HIGH,NORMAL,LOW,False,False,False,False,False,HIGH,NORMAL,LOW,LOW,NORMAL,HIGH,ZERO,HIGH,HIGH,NORMAL,False,ZERO,NORMAL,NORMAL
LOW,NORMAL,LOW,False,False,False,False,False,NORMAL,NORMAL,LOW,LOW,NORMAL,NORMAL,ZERO,LOW,LOW,NORMAL,False,ZERO,NORMAL,NORMAL
HIGH,LOW,ZERO,False,False,False,False,False,NORMAL,NORMAL,LOW,LOW,NORMAL,HIGH,ZERO,HIGH,HIGH,NORMAL,False,ZERO,NORMAL,NORMAL
HIGH,NORMAL,LOW,False,False,False,False,False,HIGH,NORMAL,LOW,LOW,LOW,HIGH,ZERO,HIGH,HIGH,HIGH,True,ZERO,NORMAL,LOW
LOW,NORMAL,LOW,False,False,False,False,False,NORMAL,NORMAL,LOW,HIGH,NORMAL,HIGH,HIGH,LOW,LOW,NORMAL,False,HIGH,NORMAL,HIGH
HIGH,NORMAL,LOW,False,False,False,False,False,HIGH,ONESIDED,NORMAL,LOW,LOW,HIGH,ZERO,HIGH,HIGH,HIGH,False,LOW,HIGH,HIGH
HIGH,NORMAL,LOW,False,False,False,False,False,LOW,NORMAL,LOW,LOW,NORMAL,HIGH,ZERO,HIGH,HIGH,LOW,False,ZERO,HIGH,NORMAL
HIGH,NORMAL,LOW,False,False,False,False,False,NORMAL,NORMAL,LOW,LOW,NORMAL,HIGH,ZERO,HIGH,HIGH,NORMAL,False,ZERO,NORMAL,HIGH
HIGH,NORMAL,LOW,False,False,False,False,False,NORMAL,NORMAL,LOW,LOW,NORMAL,LOW,ZERO,HIGH,HIGH,NORMAL,False,ZERO,HIGH,NORMAL
LOW,LOW,ZERO,False,False,False,False,False,NORMAL,ONESIDED,LOW,LOW,HIGH,NORMAL,NORMAL,LOW,LOW,NORMAL,False,NORMAL,HIGH,HIGH
HIGH,NORMAL,LOW,False,False,False,False,False,NORMAL,NORMAL,LOW,LOW,NORMAL,HIGH,ZERO,HIGH,HIGH,NORMAL,False,ZERO,NORMAL,NORMAL
HIGH,NORMAL,LOW,False,False,False,False,False,NORMAL,NORMAL,LOW,LOW,NORMAL,HIGH,ZERO,HIGH,HIGH,NORMAL,False,ZERO,NORMAL,LOW
LOW,ZERO,ZERO,False,False,False,False,False,HIGH,NORMAL,LOW,HIGH,NORMAL,NORMAL,HIGH,LOW,LOW,HIGH,False,HIGH,NORMAL,NORMAL
HIGH,NORMAL,LOW,False,False,False,True,False,NORMAL,NORMAL,LOW,LOW,NORMAL,HIGH,ZERO,HIGH,HIGH,NORMAL,False,ZERO,HIGH,LOW
HIGH,NORMAL,LOW,False,False,False,False,False,NORMAL,NORMAL,LOW,LOW,NORMAL,HIGH,ZERO,HIGH,HIGH,NORMAL,False,ZERO,NORMAL,NORMAL
LOW,ZERO,ZERO,False,False,False,False,False,NORMAL,NORMAL,LOW,LOW,NORMAL,NORMAL,ZERO,LOW,LOW,NORMAL,False,ZERO,NORMAL,NORMAL
HIGH,NORMAL,LOW,False,False,True,False,False,NORMAL,NORMAL,LOW,LOW,NORMAL,HIGH,ZERO,NORMAL,NORMAL,NORMAL,False,ZERO,NORMAL,NORMAL
HIGH,NORMAL,LOW,False,False,False,False,False,NORMAL,NORMAL,LOW,LOW,NORMAL,HIGH,ZERO,HIGH,HIGH,NORMAL,False,ZERO,NORMAL,NORMAL
HIGH,NORMAL,LOW,False,False,False,False,False,HIGH,NORMAL,LOW,LOW,NORMAL,HIGH,ZERO,HIGH,HIGH,HIGH,False,ZERO,NORMAL,HIGH
LOW,NORMAL,LOW,False,False,False,False,False,NORMAL,NORMAL,ZERO,NORMAL,NORMAL,NORMAL,ZERO,LOW,LOW,NORMAL,False,ZERO,NORMAL,HIGH
HIGH,NORMAL,ZERO,False,False,False,False,True,LOW,NORMAL,LOW,LOW,NORMAL,LOW,ZERO,HIGH,HIGH,LOW,True,ZERO,NORMAL,LOW
HIGH,NORMAL,LOW,False,False,True,False,False,NORMAL,NORMAL,LOW,LOW,NORMAL,HIGH,ZERO,NORMAL,NORMAL,NORMAL,False,ZERO,NORMAL,HIGH
HIGH,NORMAL,LOW,False,False,False,False,False,NORMAL,NORMAL,LOW,LOW,NORMAL,HIGH,ZERO,HIGH,HIGH,NORMAL,False,ZERO,NORMAL,LOW
LOW,NORMAL,ZERO,False,False,False,False,False,NORMAL,NORMAL,LOW,HIGH,NORMAL,NORMAL,HIGH,LOW,LOW,NORMAL,False,HIGH,NORMAL,HIGH
HIGH,NORMAL,LOW,False,False,False,False,False,HIGH,NORMAL,LOW,LOW,NORMAL,HIGH,ZERO,HIGH,HIGH,HIGH,False,ZERO,NORMAL,HIGH
LOW,NORMAL,LOW,False,False,False,False,False,NORMAL,NORMAL,LOW,LOW,NORMAL,NORMAL,ZERO,LOW,LOW,NORMAL,False,ZERO,NORMAL,HIGH
HIGH,NORMAL,LOW,False,False,False,False,False,LOW,NORMAL,LOW,LOW,NORMAL,HIGH,ZERO,HIGH,HIGH,LOW,False,ZERO,NORMAL,LOW
NORMAL,NORMAL,LOW,False,False,False,True,False,HIGH,NORMAL,LOW,LOW,NORMAL,LOW,ZERO,HIGH,HIGH,HIGH,False,ZERO,NORMAL,NORMAL
HIGH,NORMAL,LOW,False,False,False,False,False,NORMAL,NORMAL,LOW,LOW,NORMAL,HIGH,ZERO,HIGH,HIGH,NORMAL,False,ZERO,NORMAL,LOW
HIGH,LOW,ZERO,False,False,False,False,False,NORMAL,NORMAL,LOW,HIGH,NORMAL,HIGH,HIGH,HIGH,HIGH,NORMAL,False,HIGH,HIGH,NORMAL
HIGH,NORMAL,LOW,True,False,False,False,False,NORMAL,NORMAL,NORMAL,LOW,NORMAL,HIGH,ZERO,HIGH,HIGH,NORMAL,False,NORMAL,NORMAL,LOW
HIGH,NORMAL,LOW,False,False,False,False,False,NORMAL,NORMAL,LOW,LOW,NORMAL,HIGH,ZERO,HIGH,HIGH,NORMAL,False,ZERO,NORMAL,LOW
HIGH,NORMAL,ZERO,True,False,False,False,False,NORMAL,NORMAL,ZERO,HIGH,NORMAL,HIGH,HIGH,HIGH,HIGH,NORMAL,False,HIGH,NORMAL,LOW
HIGH,NORMAL,LOW,False,False,False,False,False,HIGH,NORMAL,LOW,LOW,NORMAL,HIGH,ZERO,HIGH,HIGH,HIGH,False,ZERO,NORMAL,LOW
HIGH,NORMAL,LOW,False,False,False,False,False,NORMAL,NORMAL,LOW,LOW,NORMAL,HIGH,ZERO,HIGH,HIGH,NORMAL,False,ZERO,NORMAL,LOW
HIGH,NORMAL,LOW,False,False,False,False,False,NORMAL,NORMAL,LOW,LOW,NORMAL,HIGH,ZERO,HIGH,HIGH,NORMAL,False,ZERO,HIGH,LOW
HIGH,NORMAL,ZERO,False,False,False,False,False,NORMAL,NORMAL,LOW,LOW,NORMAL,HIGH,ZERO,HIGH,HIGH,NORMAL,False,ZERO,NORMAL,LOW
HIGH,NORMAL,ZERO,False,False,False,False,False,NORMAL,NORMAL,LOW,HIGH,NORMAL,HIGH,HIGH,HIGH,HIGH,NORMAL,False,HIGH,NORMAL,LOW
HIGH,NORMAL,LOW,False,False,False,False,False,NORMAL,NORMAL,LOW,LOW,NORMAL,HIGH,ZERO,HIGH,HIGH,NORMAL,False,ZERO,NORMAL,NORMAL
NORMAL,NORMAL,LOW,False,False,True,True,False,NORMAL,NORMAL,LOW,LOW,NORMAL,LOW,ZERO,LOW,HIGH,NORMAL,False,ZERO,HIGH,NORMAL
LOW,NORMAL,ZERO,False,False,False,False,False,NORMAL,NORMAL,LOW,LOW,NORMAL,LOW,ZERO,LOW,LOW,NORMAL,False,ZERO,NORMAL,HIGH
HIGH,NORMAL,LOW,False,False,False,False,False,NORMAL,NORMAL,LOW,LOW,NORMAL,HIGH,ZERO,HIGH,HIGH,NORMAL,False,ZERO,NORMAL,LOW
HIGH,NORMAL,LOW,False,False,False,False,False,NORMAL,NORMAL,LOW,LOW,NORMAL,HIGH,LOW,HIGH,HIGH,NORMAL,False,ZERO,NORMAL,NORMAL
HIGH,NORMAL,LOW,False,False,False,False,False,NORMAL,NORMAL,LOW,LOW,NORMAL,NORMAL,ZERO,HIGH,HIGH,NORMAL,False,ZERO,NORMAL,LOW
HIGH,NORMAL,LOW,False,False,False,False,False,NORMAL,NORMAL,LOW,LOW,NORMAL,HIGH,ZERO,HIGH,HIGH,NORMAL,True,ZERO,NORMAL,NORMAL
HIGH,NORMAL,LOW,False,False,False,False,False,NORMAL,NORMAL,LOW,LOW,NORMAL,HIGH,ZERO,HIGH,HIGH,NORMAL,False,ZERO,NORMAL,HIGH
HIGH,NORMAL,LOW,False,False,False,True,False,NORMAL,NORMAL,LOW,LOW,NORMAL,HIGH,ZERO,HIGH,HIGH,NORMAL,False,ZERO,HIGH,NORMAL
HIGH,NORMAL,LOW,False,False,False,False,False,NORMAL,NORMAL,LOW,LOW,HIGH,HIGH,ZERO,HIGH,HIGH,NORMAL,True,ZERO,NORMAL,LOW
HIGH,ZERO,ZERO,False,False,True,False,False,NORMAL,NORMAL,NORMAL,LOW,NORMAL,HIGH,HIGH,NORMAL,NORMAL,NORMAL,False,ZERO,NORMAL,NORMAL
HIGH,NORMAL,LOW,False,False,False,False,True,LOW,NORMAL,LOW,LOW,NORMAL,LOW,ZERO,HIGH,HIGH,LOW,False,ZERO,NORMAL,NORMAL
HIGH,NORMAL,ZERO,False,False,False,False,False,HIGH,NORMAL,LOW,LOW,NORMAL,LOW,ZERO,HIGH,HIGH,HIGH,False,ZERO,NORMAL,HIGH
LOW,LOW,ZERO,False,False,False,False,False,NORMAL,NORMAL,LOW,HIGH,NORMAL,NORMAL,HIGH,LOW,LOW,NORMAL,False,HIGH,NORMAL,HIGH
HIGH,NORMAL,LOW,False,False,False,False,False,NORMAL,NORMAL,LOW,LOW,NORMAL,HIGH,ZERO,HIGH,HIGH,LOW,False,ZERO,NORMAL,HIGH
LOW,NORMAL,LOW,False,False,False,False,False,NORMAL,NORMAL,LOW,LOW,NORMAL,NORMAL,ZERO,LOW,HIGH,NORMAL,False,ZERO,NORMAL,HIGH
HIGH,NORMAL,LOW,False,False,True,False,False,HIGH,NORMAL,ZERO,HIGH,NORMAL,HIGH,HIGH,NORMAL,NORMAL,HIGH,False,HIGH,NORMAL,NORMAL
HIGH,NORMAL,HIGH,False,False,False,False,False,NORMAL,NORMAL,ZERO,HIGH,NORMAL,HIGH,HIGH,HIGH,HIGH,NORMAL,False,HIGH,NORMAL,NORMAL
NORMAL,NORMAL,LOW,False,False,False,True,False,NORMAL,NORMAL,LOW,LOW,NORMAL,HIGH,ZERO,HIGH,HIGH,NORMAL,False,ZERO,NORMAL,NORMAL
HIGH,NORMAL,ZERO,False,False,True,True,False,NORMAL,NORMAL,LOW,LOW,NORMAL,HIGH,ZERO,NORMAL,NORMAL,NORMAL,True,ZERO,NORMAL,LOW
HIGH,NORMAL,LOW,False,False,True,False,False,NORMAL,NORMAL,LOW,LOW,NORMAL,HIGH,ZERO,NORMAL,NORMAL,NORMAL,False,ZERO,NORMAL,HIGH
HIGH,NORMAL,LOW,False,False,False,False,False,HIGH,NORMAL,LOW,LOW,NORMAL,LOW,ZERO,HIGH,HIGH,HIGH,False,ZERO,NORMAL,LOW
HIGH,NORMAL,LOW,False,False,False,False,False,NORMAL,NORMAL,LOW,LOW,LOW,NORMAL,ZERO,HIGH,HIGH,NORMAL,False,ZERO,NORMAL,LOW
HIGH,NORMAL,LOW,False,False,False,False,False,NORMAL,NORMAL,LOW,LOW,HIGH,HIGH,ZERO,HIGH,HIGH,NORMAL,True,ZERO,NORMAL,NORMAL
NORMAL,NORMAL,LOW,False,False,False,False,False,NORMAL,ONESIDED,LOW,LOW,NORMAL,LOW,NORMAL,HIGH,HIGH,NORMAL,False,NORMAL,HIGH,LOW
HIGH,NORMAL,LOW,False,False,False,False,False,NORMAL,ONESIDED,LOW,LOW,NORMAL,HIGH,HIGH,HIGH,HIGH,NORMAL,False,NORMAL,HIGH,NORMAL
LOW,NORMAL,LOW,False,False,False,False,False,NORMAL,NORMAL,LOW,NORMAL,NORMAL,NORMAL,ZERO,LOW,LOW,NORMAL,False,ZERO,NORMAL,LOW
LOW,NORMAL,LOW,False,False,False,False,False,HIGH,NORMAL,LOW,LOW,NORMAL,NORMAL,ZERO,LOW,LOW,HIGH,False,ZERO,NORMAL,HIGH
HIGH,NORMAL,LOW,False,False,False,False,False,NORMAL,NORMAL,LOW,LOW,NORMAL,HIGH,ZERO,HIGH,HIGH,NORMAL,True,ZERO,NORMAL,NORMAL
HIGH,NORMAL,LOW,False,False,False,False,False,HIGH,NORMAL,LOW,LOW,NORMAL,HIGH,ZERO,HIGH,HIGH,HIGH,True,ZERO,NORMAL,LOW
HIGH,NORMAL,LOW,False,False,False,False,False,NORMAL,NORMAL,LOW,LOW,NORMAL,HIGH,ZERO,HIGH,HIGH,NORMAL,False,ZERO,NORMAL,HIGH
LOW,NORMAL,LOW,False,False,False,False,False,HIGH,NORMAL,LOW,LOW,NORMAL,NORMAL,ZERO,LOW,LOW,HIGH,False,ZERO,NORMAL,NORMAL
HIGH,NORMAL,LOW,False,False,True,False,False,NORMAL,NORMAL,LOW,LOW,NORMAL,HIGH,ZERO,NORMAL,NORMAL,NORMAL,False,ZERO,NORMAL,NORMAL
HIGH,NORMAL,LOW,False,False,False,False,False,HIGH,NORMAL,LOW,LOW,NORMAL,HIGH,ZERO,HIGH,HIGH,HIGH,False,ZERO,NORMAL,NORMAL
LOW,ZERO,ZERO,False,False,False,False,False,HIGH,NORMAL,ZERO,HIGH,NORMAL,NORMAL,HIGH,LOW,LOW,HIGH,False,HIGH,NORMAL,HIGH
HIGH,NORMAL,LOW,False,False,False,False,False,NORMAL,NORMAL,LOW,LOW,NORMAL,HIGH,ZERO,HIGH,HIGH,NORMAL,False,ZERO,NORMAL,HIGH
HIGH,LOW,ZERO,False,False,False,False,False,NORMAL,NORMAL,LOW,HIGH,NORMAL,HIGH,HIGH,HIGH,HIGH,NORMAL,False,HIGH,NORMAL,NORMAL
HIGH,NORMAL,LOW,False,False,True,False,False,HIGH,NORMAL,LOW,LOW,NORMAL,LOW,ZERO,NORMAL,NORMAL,HIGH,False,ZERO,NORMAL,HIGH
HIGH,NORMAL,ZERO,False,False,False,True,False,NORMAL,NORMAL,LOW,HIGH,NORMAL,HIGH,HIGH,HIGH,HIGH,NORMAL,False,HIGH,NORMAL,LOW
HIGH,NORMAL,LOW,False,False,False,True,False,NORMAL,NORMAL,LOW,LOW,NORMAL,HIGH,ZERO,HIGH,HIGH,NORMAL,False,ZERO,NORMAL,NORMAL
HIGH,NORMAL,LOW,False,False,False,False,False,HIGH,NORMAL,LOW,LOW,NORMAL,HIGH,ZERO,HIGH,HIGH,HIGH,False,ZERO,NORMAL,LOW
LOW,NORMAL,LOW,False,False,False,False,False,LOW,ONESIDED,LOW,LOW,NORMAL,NORMAL,NORMAL,LOW,LOW,LOW,True,NORMAL,HIGH,HIGH
HIGH,NORMAL,LOW,False,False,False,False,False,NORMAL,NORMAL,LOW,LOW,NORMAL,HIGH,ZERO,HIGH,HIGH,NORMAL,False,ZERO,NORMAL,HIGH
HIGH,NORMAL,LOW,False,False,False,False,False,HIGH,NORMAL,LOW,LOW,NORMAL,NORMAL,ZERO,HIGH,HIGH,HIGH,False,ZERO,NORMAL,NORMAL
HIGH,NORMAL,LOW,False,False,False,False,False,NORMAL,ESOPHAGEAL,LOW,LOW,HIGH,HIGH,LOW,HIGH,HIGH,NORMAL,False,LOW,NORMAL,NORMAL
LOW,NORMAL,LOW,False,False,False,False,False,NORMAL,NORMAL,LOW,LOW,NORMAL,NORMAL,ZERO,LOW,LOW,NORMAL,False,ZERO,NORMAL,HIGH
HIGH,NORMAL,LOW,False,False,False,False,False,HIGH,NORMAL,LOW,LOW,NORMAL,LOW,ZERO,HIGH,HIGH,HIGH,False,ZERO,NORMAL,LOW
LOW,NORMAL,LOW,False,False,False,False,False,HIGH,NORMAL,LOW,LOW,HIGH,NORMAL,ZERO,LOW,LOW,HIGH,False,ZERO,NORMAL,NORMAL
HIGH,HIGH,HIGH,False,False,False,False,False,NORMAL,NORMAL,LOW,HIGH,NORMAL,HIGH,HIGH,HIGH,HIGH,NORMAL,False,HIGH,NORMAL,NORMAL
HIGH,LOW,ZERO,False,False,True,False,False,NORMAL,NORMAL,LOW,HIGH,NORMAL,HIGH,HIGH,NORMAL,NORMAL,NORMAL,False,HIGH,NORMAL,LOW
NORMAL,NORMAL,ZERO,False,False,True,False,False,NORMAL,NORMAL,LOW,LOW,NORMAL,LOW,ZERO,NORMAL,NORMAL,NORMAL,False,ZERO,NORMAL,NORMAL
LOW,NORMAL,ZERO,True,False,False,False,False,NORMAL,NORMAL,LOW,HIGH,NORMAL,NORMAL,HIGH,LOW,LOW,NORMAL,False,HIGH,NORMAL,LOW
LOW,NORMAL,LOW,False,False,False,False,False,NORMAL,NORMAL,LOW,LOW,LOW,LOW,ZERO,HIGH,NORMAL,NORMAL,False,ZERO,NORMAL,LOW
HIGH,ZERO,ZERO,False,False,False,False,False,NORMAL,NORMAL,LOW,LOW,NORMAL,HIGH,ZERO,HIGH,HIGH,NORMAL,False,ZERO,NORMAL,LOW
HIGH,NORMAL,LOW,False,False,True,False,False,NORMAL,NORMAL,LOW,LOW,LOW,HIGH,ZERO,HIGH,NORMAL,LOW,False,ZERO,NORMAL,NORMAL
HIGH,NORMAL,ZERO,False,False,False,False,False,NORMAL,NORMAL,LOW,LOW,NORMAL,HIGH,ZERO,HIGH,HIGH,NORMAL,False,ZERO,NORMAL,LOW
HIGH,NORMAL,LOW,False,False,False,False,False,NORMAL,NORMAL,LOW,LOW,NORMAL,HIGH,HIGH,HIGH,HIGH,LOW,False,ZERO,NORMAL,NORMAL
HIGH,NORMAL,LOW,False,False,False,False,False,NORMAL,NORMAL,LOW,LOW,NORMAL,HIGH,ZERO,HIGH,HIGH,NORMAL,False,ZERO,NORMAL,LOW
NORMAL,NORMAL,LOW,False,False,False,False,False,NORMAL,NORMAL,LOW,LOW,HIGH,HIGH,ZERO,HIGH,HIGH,NORMAL,False,ZERO,NORMAL,LOW
HIGH,HIGH,HIGH,False,False,False,False,False,NORMAL,NORMAL,LOW,HIGH,NORMAL,HIGH,HIGH,HIGH,HIGH,NORMAL,False,HIGH,NORMAL,NORMAL
LOW,NORMAL,LOW,False,False,False,False,False,NORMAL,NORMAL,LOW,HIGH,NORMAL,HIGH,HIGH,LOW,LOW,NORMAL,False,HIGH,NORMAL,LOW
HIGH,NORMAL,LOW,False,False,False,False,False,NORMAL,NORMAL,LOW,LOW,NORMAL,HIGH,ZERO,HIGH,HIGH,NORMAL,False,ZERO,NORMAL,HIGH
HIGH,NORMAL,LOW,False,False,False,False,False,LOW,NORMAL,LOW,LOW,HIGH,HIGH,ZERO,HIGH,HIGH,LOW,False,ZERO,NORMAL,NORMAL
HIGH,NORMAL,LOW,False,False,False,False,False,HIGH,NORMAL,LOW,LOW,NORMAL,HIGH,ZERO,HIGH,HIGH,HIGH,False,ZERO,NORMAL,NORMAL
HIGH,NORMAL,LOW,False,False,False,False,False,NORMAL,NORMAL,LOW,LOW,NORMAL,HIGH,ZERO,HIGH,HIGH,NORMAL,False,ZERO,NORMAL,NORMAL
HIGH,NORMAL,LOW,False,False,False,False,False,HIGH,NORMAL,LOW,HIGH,NORMAL,HIGH,HIGH,HIGH,HIGH,HIGH,False,HIGH,NORMAL,NORMAL
HIGH,NORMAL,LOW,False,False,False,False,False,NORMAL,ESOPHAGEAL,LOW,LOW,NORMAL,HIGH,LOW,HIGH,HIGH,NORMAL,False,LOW,NORMAL,HIGH
LOW,NORMAL,LOW,False,False,False,False,False,NORMAL,NORMAL,LOW,LOW,NORMAL,NORMAL,ZERO,LOW,LOW,NORMAL,False,ZERO,NORMAL,HIGH
HIGH,NORMAL,LOW,False,False,False,False,False,NORMAL,NORMAL,LOW,LOW,HIGH,HIGH,ZERO,HIGH,HIGH,NORMAL,False,ZERO,NORMAL,HIGH
LOW,NORMAL,LOW,False,False,False,True,False,NORMAL,NORMAL,LOW,LOW,NORMAL,NORMAL,ZERO,LOW,LOW,NORMAL,False,ZERO,NORMAL,NORMAL
LOW,NORMAL,LOW,False,False,False,False,False,NORMAL,NORMAL,NORMAL,LOW,NORMAL,NORMAL,ZERO,LOW,LOW,NORMAL,False,ZERO,HIGH,NORMAL
LOW,NORMAL,LOW,False,False,False,False,False,NORMAL,NORMAL,LOW,LOW,NORMAL,HIGH,ZERO,LOW,LOW,NORMAL,False,ZERO,NORMAL,NORMAL
HIGH,NORMAL,LOW,False,False,False,False,False,NORMAL,NORMAL,LOW,HIGH,NORMAL,HIGH,HIGH,HIGH,HIGH,NORMAL,False,HIGH,NORMAL,NORMAL
HIGH,NORMAL,LOW,False,False,False,False,False,HIGH,NORMAL,LOW,LOW,NORMAL,LOW,ZERO,HIGH,HIGH,HIGH,False,ZERO,NORMAL,HIGH
HIGH,ZERO,ZERO,False,False,False,False,False,NORMAL,NORMAL,LOW,HIGH,NORMAL,HIGH,HIGH,HIGH,HIGH,NORMAL,False,HIGH,NORMAL,LOW
HIGH,NORMAL,LOW,False,False,False,False,True,LOW,NORMAL,LOW,LOW,NORMAL,LOW,ZERO,HIGH,HIGH,LOW,False,ZERO,NORMAL,LOW
HIGH,NORMAL,LOW,False,False,False,False,False,HIGH,NORMAL,LOW,LOW,NORMAL,HIGH,ZERO,HIGH,HIGH,HIGH,True,ZERO,NORMAL,LOW
HIGH,ZERO,ZERO,False,False,True,False,False,HIGH,NORMAL,LOW,LOW,LOW,HIGH,ZERO,NORMAL,NORMAL,HIGH,False,ZERO,NORMAL,LOW
LOW,NORMAL,LOW,False,False,False,False,False,NORMAL,NORMAL,LOW,LOW,NORMAL,HIGH,ZERO,HIGH,HIGH,NORMAL,False,ZERO,NORMAL,NORMAL
HIGH,NORMAL,LOW,False,False,False,False,False,NORMAL,NORMAL,LOW,LOW,NORMAL,HIGH,ZERO,HIGH,HIGH,NORMAL,False,ZERO,NORMAL,NORMAL
NORMAL,NORMAL,LOW,False,False,False,False,True,LOW,NORMAL,LOW,LOW,NORMAL,LOW,ZERO,HIGH,HIGH,LOW,True,ZERO,NORMAL,HIGH
HIGH,NORMAL,LOW,False,False,False,False,False,NORMAL,NORMAL,LOW,LOW,NORMAL,HIGH,ZERO,LOW,HIGH,NORMAL,False,ZERO,NORMAL,NORMAL
NORMAL,NORMAL,LOW,False,False,False,False,True,LOW,NORMAL,LOW,LOW,NORMAL,LOW,ZERO,NORMAL,NORMAL,LOW,False,ZERO,NORMAL,NORMAL
HIGH,NORMAL,LOW,False,False,False,True,False,NORMAL,ESOPHAGEAL,NORMAL,LOW,NORMAL,HIGH,ZERO,HIGH,HIGH,NORMAL,False,ZERO,NORMAL,NORMAL
HIGH,NORMAL,LOW,False,False,False,False,False,NORMAL,NORMAL,LOW,LOW,NORMAL,HIGH,ZERO,HIGH,HIGH,NORMAL,False,ZERO,NORMAL,NORMAL
HIGH,NORMAL,LOW,False,False,False,False,False,NORMAL,NORMAL,LOW,LOW,NORMAL,HIGH,ZERO,HIGH,HIGH,NORMAL,False,ZERO,NORMAL,LOW
HIGH,NORMAL,ZERO,False,False,False,False,False,NORMAL,NORMAL,LOW,HIGH,NORMAL,HIGH,HIGH,NORMAL,HIGH,NORMAL,False,HIGH,NORMAL,LOW
HIGH,NORMAL,LOW,False,False,False,False,False,NORMAL,NORMAL,LOW,LOW,NORMAL,HIGH,HIGH,HIGH,HIGH,NORMAL,False,ZERO,NORMAL,HIGH
HIGH,NORMAL,LOW,False,False,False,False,False,NORMAL,NORMAL,LOW,LOW,NORMAL,HIGH,ZERO,HIGH,HIGH,NORMAL,False,ZERO,NORMAL,NORMAL
HIGH,NORMAL,LOW,False,False,False,False,False,NORMAL,ESOPHAGEAL,LOW,LOW,NORMAL,HIGH,LOW,HIGH,HIGH,NORMAL,False,LOW,NORMAL,LOW
HIGH,NORMAL,LOW,False,False,False,False,False,NORMAL,ONESIDED,NORMAL,LOW,HIGH,HIGH,LOW,HIGH,HIGH,NORMAL,False,LOW,HIGH,NORMAL
LOW,NORMAL,LOW,False,False,True,False,False,NORMAL,NORMAL,NORMAL,HIGH,LOW,NORMAL,ZERO,NORMAL,LOW,NORMAL,False,HIGH,HIGH,HIGH
HIGH,NORMAL,LOW,False,False,False,True,False,HIGH,NORMAL,LOW,LOW,NORMAL,LOW,ZERO,HIGH,HIGH,HIGH,False,ZERO,NORMAL,HIGH
NORMAL,NORMAL,LOW,False,False,False,False,False,NORMAL,NORMAL,LOW,LOW,NORMAL,NORMAL,ZERO,LOW,LOW,NORMAL,True,ZERO,NORMAL,HIGH
HIGH,HIGH,HIGH,False,False,False,False,False,NORMAL,NORMAL,LOW,HIGH,NORMAL,HIGH,HIGH,HIGH,HIGH,NORMAL,False,HIGH,NORMAL,NORMAL
LOW,NORMAL,LOW,False,True,False,False,False,NORMAL,NORMAL,LOW,LOW,HIGH,LOW,ZERO,LOW,LOW,NORMAL,False,ZERO,HIGH,HIGH
HIGH,NORMAL,LOW,False,False,False,False,False,HIGH,NORMAL,LOW,LOW,NORMAL,LOW,ZERO,HIGH,HIGH,HIGH,False,ZERO,NORMAL,LOW
HIGH,LOW,ZERO,False,False,True,False,False,NORMAL,NORMAL,LOW,HIGH,NORMAL,HIGH,HIGH,HIGH,NORMAL,HIGH,False,HIGH,NORMAL,LOW
HIGH,NORMAL,LOW,False,False,False,False,False,HIGH,NORMAL,LOW,LOW,NORMAL,HIGH,ZERO,HIGH,HIGH,HIGH,False,ZERO,NORMAL,LOW
HIGH,NORMAL,LOW,False,False,False,False,False,NORMAL,NORMAL,LOW,LOW,NORMAL,LOW,ZERO,HIGH,HIGH,NORMAL,False,ZERO,NORMAL,NORMAL
LOW,ZERO,ZERO,False,False,False,False,False,NORMAL,NORMAL,ZERO,NORMAL,NORMAL,NORMAL,HIGH,LOW,LOW,NORMAL,False,HIGH,NORMAL,HIGH
HIGH,NORMAL,LOW,False,False,False,False,False,HIGH,NORMAL,LOW,LOW,NORMAL,HIGH,ZERO,HIGH,HIGH,HIGH,False,ZERO,NORMAL,HIGH
HIGH,NORMAL,LOW,False,False,False,False,False,NORMAL,NORMAL,LOW,LOW,NORMAL,HIGH,ZERO,HIGH,HIGH,NORMAL,False,ZERO,NORMAL,LOW
HIGH,NORMAL,LOW,False,False,False,False,False,NORMAL,NORMAL,LOW,LOW,NORMAL,HIGH,ZERO,HIGH,HIGH,NORMAL,False,ZERO,NORMAL,HIGH
LOW,HIGH,HIGH,False,False,False,False,False,HIGH,ESOPHAGEAL,NORMAL,HIGH,NORMAL,LOW,ZERO,LOW,LOW,HIGH,False,HIGH,NORMAL,NORMAL
HIGH,NORMAL,LOW,False,False,False,False,False,NORMAL,NORMAL,LOW,LOW,NORMAL,HIGH,ZERO,HIGH,HIGH,NORMAL,False,ZERO,NORMAL,NORMAL
HIGH,NORMAL,ZERO,False,False,False,True,False,HIGH,ONESIDED,LOW,LOW,NORMAL,LOW,NORMAL,HIGH,HIGH,HIGH,False,NORMAL,HIGH,NORMAL
HIGH,NORMAL,LOW,False,True,False,False,False,HIGH,NORMAL,LOW,LOW,HIGH,HIGH,ZERO,HIGH,HIGH,HIGH,False,ZERO,HIGH,NORMAL
HIGH,NORMAL,NORMAL,False,False,False,False,False,NORMAL,NORMAL,HIGH,LOW,NORMAL,HIGH,LOW,HIGH,NORMAL,NORMAL,False,LOW,NORMAL,HIGH
HIGH,LOW,ZERO,False,False,False,False,False,NORMAL,NORMAL,LOW,HIGH,NORMAL,HIGH,HIGH,HIGH,HIGH,NORMAL,False,HIGH,NORMAL,LOW
NORMAL,NORMAL,LOW,False,False,False,False,False,NORMAL,NORMAL,LOW,LOW,NORMAL,LOW,ZERO,LOW,LOW,NORMAL,False,ZERO,NORMAL,HIGH
HIGH,NORMAL,LOW,False,False,False,True,False,HIGH,NORMAL,LOW,LOW,NORMAL,HIGH,ZERO,HIGH,HIGH,HIGH,False,ZERO,NORMAL,HIGH
NORMAL,NORMAL,LOW,False,False,False,False,False,NORMAL,NORMAL,LOW,LOW,NORMAL,HIGH,ZERO,HIGH,HIGH,NORMAL,False,ZERO,NORMAL,NORMAL
LOW,NORMAL,LOW,False,False,False,False,True,LOW,NORMAL,LOW,LOW,HIGH,LOW,ZERO,LOW,LOW,LOW,False,ZERO,NORMAL,NORMAL
HIGH,NORMAL,LOW,False,False,False,False,False,HIGH,NORMAL,LOW,LOW,NORMAL,LOW,ZERO,HIGH,HIGH,HIGH,False,ZERO,NORMAL,NORMAL
HIGH,NORMAL,LOW,False,False,False,False,False,NORMAL,NORMAL,LOW,LOW,NORMAL,HIGH,ZERO,HIGH,HIGH,NORMAL,True,ZERO,NORMAL,LOW
HIGH,NORMAL,LOW,False,False,False,False,False,NORMAL,NORMAL,NORMAL,LOW,NORMAL,HIGH,ZERO,HIGH,HIGH,NORMAL,False,NORMAL,NORMAL,LOW
LOW,NORMAL,LOW,False,False,False,False,False,NORMAL,NORMAL,LOW,LOW,NORMAL,NORMAL,ZERO,LOW,LOW,NORMAL,False,ZERO,NORMAL,NORMAL
HIGH,HIGH,HIGH,False,False,False,False,False,HIGH,NORMAL,LOW,HIGH,NORMAL,HIGH,HIGH,HIGH,HIGH,HIGH,False,HIGH,NORMAL,NORMAL
HIGH,NORMAL,LOW,False,False,False,False,False,NORMAL,NORMAL,LOW,LOW,NORMAL,NORMAL,ZERO,HIGH,HIGH,NORMAL,False,ZERO,NORMAL,LOW
HIGH,NORMAL,LOW,False,False,False,True,False,NORMAL,NORMAL,LOW,LOW,NORMAL,HIGH,ZERO,HIGH,HIGH,NORMAL,False,ZERO,NORMAL,LOW
HIGH,NORMAL,LOW,False,False,True,False,False,NORMAL,NORMAL,LOW,LOW,NORMAL,HIGH,LOW,NORMAL,NORMAL,NORMAL,False,ZERO,NORMAL,NORMAL
HIGH,NORMAL,LOW,False,False,False,False,False,NORMAL,NORMAL,LOW,LOW,HIGH,HIGH,ZERO,HIGH,HIGH,NORMAL,False,ZERO,NORMAL,NORMAL
HIGH,NORMAL,LOW,False,False,False,False,False,NORMAL,NORMAL,LOW,LOW,NORMAL,HIGH,ZERO,HIGH,HIGH,NORMAL,False,ZERO,NORMAL,NORMAL
LOW,ZERO,ZERO,False,False,False,False,False,NORMAL,NORMAL,ZERO,HIGH,NORMAL,NORMAL,HIGH,LOW,LOW,NORMAL,False,HIGH,NORMAL,HIGH
HIGH,HIGH,HIGH,False,False,False,False,False,NORMAL,NORMAL,ZERO,LOW,NORMAL,HIGH,HIGH,HIGH,HIGH,NORMAL,False,NORMAL,NORMAL,LOW
HIGH,NORMAL,LOW,False,False,False,False,False,NORMAL,NORMAL,LOW,LOW,HIGH,HIGH,LOW,NORMAL,HIGH,NORMAL,False,ZERO,NORMAL,NORMAL
HIGH,NORMAL,LOW,False,False,False,True,False,NORMAL,NORMAL,LOW,LOW,NORMAL,HIGH,ZERO,HIGH,HIGH,NORMAL,False,ZERO,NORMAL,HIGH
HIGH,HIGH,HIGH,False,False,False,False,False,NORMAL,NORMAL,LOW,HIGH,NORMAL,HIGH,HIGH,HIGH,HIGH,LOW,False,HIGH,NORMAL,NORMAL
HIGH,HIGH,ZERO,False,False,False,False,False,LOW,ESOPHAGEAL,LOW,LOW,NORMAL,HIGH,LOW,HIGH,HIGH,LOW,False,LOW,NORMAL,LOW
HIGH,NORMAL,LOW,False,False,False,False,False,HIGH,NORMAL,LOW,LOW,NORMAL,HIGH,ZERO,HIGH,LOW,HIGH,False,ZERO,NORMAL,NORMAL
HIGH,NORMAL,LOW,False,False,False,False,False,HIGH,NORMAL,LOW,LOW,NORMAL,HIGH,ZERO,HIGH,HIGH,HIGH,False,ZERO,NORMAL,LOW
NORMAL,NORMAL,LOW,False,False,False,False,False,HIGH,NORMAL,LOW,LOW,NORMAL,HIGH,ZERO,HIGH,HIGH,HIGH,False,ZERO,NORMAL,LOW
HIGH,NORMAL,LOW,False,False,False,False,False,NORMAL,NORMAL,LOW,LOW,NORMAL,LOW,ZERO,HIGH,HIGH,NORMAL,False,ZERO,NORMAL,HIGH
HIGH,NORMAL,LOW,False,False,False,False,True,LOW,NORMAL,LOW,LOW,NORMAL,NORMAL,ZERO,HIGH,HIGH,LOW,False,ZERO,NORMAL,HIGH
HIGH,NORMAL,LOW,False,False,False,False,False,HIGH,NORMAL,LOW,LOW,NORMAL,LOW,ZERO,HIGH,HIGH,HIGH,False,ZERO,NORMAL,HIGH
HIGH,ZERO,ZERO,False,False,False,False,False,NORMAL,NORMAL,NORMAL,NORMAL,NORMAL,HIGH,HIGH,HIGH,HIGH,NORMAL,False,LOW,NORMAL,LOW
HIGH,NORMAL,LOW,False,False,False,False,False,NORMAL,NORMAL,LOW,LOW,NORMAL,HIGH,ZERO,HIGH,HIGH,NORMAL,False,ZERO,NORMAL,NORMAL
LOW,NORMAL,LOW,False,False,False,False,False,NORMAL,NORMAL,LOW,LOW,NORMAL,NORMAL,ZERO,LOW,LOW,NORMAL,False,ZERO,NORMAL,HIGH
HIGH,NORMAL,LOW,False,False,True,False,False,NORMAL,NORMAL,LOW,LOW,NORMAL,HIGH,ZERO,NORMAL,NORMAL,NORMAL,False,ZERO,NORMAL,HIGH
HIGH,LOW,ZERO,False,False,False,False,False,HIGH,NORMAL,LOW,LOW,HIGH,LOW,ZERO,HIGH,HIGH,HIGH,False,ZERO,NORMAL,NORMAL
HIGH,NORMAL,LOW,False,False,True,False,False,NORMAL,NORMAL,LOW,LOW,NORMAL,HIGH,ZERO,NORMAL,NORMAL,NORMAL,False,ZERO,NORMAL,HIGH
HIGH,NORMAL,LOW,False,False,False,True,False,NORMAL,NORMAL,LOW,LOW,NORMAL,HIGH,ZERO,HIGH,HIGH,NORMAL,False,ZERO,NORMAL,HIGH
HIGH,NORMAL,LOW,False,False,False,False,False,NORMAL,NORMAL,LOW,LOW,NORMAL,HIGH,ZERO,HIGH,HIGH,NORMAL,False,ZERO,NORMAL,HIGH
HIGH,HIGH,HIGH,False,False,True,False,False,NORMAL,NORMAL,LOW,HIGH,NORMAL,HIGH,HIGH,NORMAL,NORMAL,NORMAL,False,HIGH,NORMAL,NORMAL
HIGH,NORMAL,LOW,False,False,False,False,False,NORMAL,NORMAL,LOW,LOW,NORMAL,HIGH,ZERO,HIGH,HIGH,NORMAL,False,ZERO,NORMAL,LOW
HIGH,NORMAL,ZERO,False,False,False,False,False,HIGH,ESOPHAGEAL,LOW,NORMAL,NORMAL,HIGH,LOW,HIGH,HIGH,HIGH,False,LOW,HIGH,HIGH
HIGH,LOW,ZERO,False,False,False,False,False,NORMAL,NORMAL,LOW,LOW,NORMAL,HIGH,ZERO,HIGH,HIGH,NORMAL,False,ZERO,NORMAL,LOW
HIGH,NORMAL,LOW,False,False,False,False,False,HIGH,NORMAL,LOW,LOW,NORMAL,HIGH,ZERO,HIGH,HIGH,LOW,False,ZERO,NORMAL,LOW
HIGH,NORMAL,LOW,False,False,False,False,False,HIGH,NORMAL,LOW,LOW,NORMAL,LOW,ZERO,HIGH,HIGH,HIGH,False,ZERO,NORMAL,HIGH
HIGH,NORMAL,LOW,False,False,False,False,False,NORMAL,NORMAL,LOW,LOW,NORMAL,HIGH,ZERO,HIGH,HIGH,NORMAL,False,ZERO,NORMAL,LOW
HIGH,NORMAL,LOW,False,False,False,False,False,NORMAL,NORMAL,LOW,LOW,NORMAL,HIGH,ZERO,HIGH,HIGH,NORMAL,False,ZERO,HIGH,NORMAL
HIGH,NORMAL,LOW,False,False,False,False,False,NORMAL,NORMAL,LOW,LOW,NORMAL,HIGH,NORMAL,HIGH,HIGH,NORMAL,False,ZERO,NORMAL,NORMAL
HIGH,NORMAL,LOW,False,False,False,True,False,NORMAL,NORMAL,LOW,LOW,NORMAL,HIGH,ZERO,HIGH,HIGH,NORMAL,False,ZERO,NORMAL,LOW
HIGH,HIGH,HIGH,False,False,False,False,False,HIGH,NORMAL,LOW,HIGH,NORMAL,HIGH,HIGH,HIGH,HIGH,HIGH,False,HIGH,NORMAL,NORMAL
HIGH,NORMAL,LOW,False,False,False,False,False,NORMAL,NORMAL,LOW,LOW,NORMAL,HIGH,ZERO,HIGH,HIGH,NORMAL,False,ZERO,HIGH,LOW
HIGH,NORMAL,LOW,False,False,False,False,False,NORMAL,NORMAL,LOW,LOW,HIGH,HIGH,ZERO,HIGH,HIGH,NORMAL,False,ZERO,NORMAL,NORMAL
HIGH,NORMAL,LOW,False,False,False,False,False,NORMAL,NORMAL,LOW,LOW,NORMAL,HIGH,ZERO,HIGH,HIGH,NORMAL,False,ZERO,NORMAL,NORMAL
NORMAL,NORMAL,LOW,False,False,False,False,False,NORMAL,NORMAL,LOW,LOW,NORMAL,HIGH,ZERO,HIGH,HIGH,NORMAL,False,ZERO,NORMAL,LOW
HIGH,NORMAL,ZERO,False,False,False,False,False,HIGH,NORMAL,ZERO,HIGH,NORMAL,HIGH,HIGH,HIGH,NORMAL,HIGH,False,HIGH,NORMAL,LOW
HIGH,NORMAL,LOW,False,False,False,True,False,NORMAL,NORMAL,LOW,LOW,NORMAL,HIGH,ZERO,HIGH,HIGH,NORMAL,False,ZERO,NORMAL,HIGH
HIGH,HIGH,HIGH,False,False,False,False,False,NORMAL,NORMAL,LOW,HIGH,NORMAL,HIGH,HIGH,HIGH,HIGH,NORMAL,False,HIGH,NORMAL,LOW
HIGH,NORMAL,LOW,False,False,False,True,False,NORMAL,NORMAL,LOW,LOW,NORMAL,LOW,ZERO,HIGH,HIGH,NORMAL,False,ZERO,NORMAL,LOW
HIGH,LOW,ZERO,False,False,False,False,True,LOW,NORMAL,LOW,HIGH,NORMAL,LOW,HIGH,HIGH,HIGH,LOW,False,HIGH,NORMAL,NORMAL
HIGH,NORMAL,LOW,False,False,False,False,False,NORMAL,NORMAL,LOW,LOW,NORMAL,HIGH,ZERO,HIGH,HIGH,NORMAL,False,ZERO,NORMAL,LOW
HIGH,NORMAL,LOW,False,False,True,False,False,NORMAL,NORMAL,LOW,LOW,NORMAL,HIGH,ZERO,NORMAL,NORMAL,NORMAL,False,ZERO,NORMAL,NORMAL
HIGH,NORMAL,LOW,False,False,False,False,False,LOW,NORMAL,LOW,LOW,LOW,HIGH,ZERO,HIGH,HIGH,LOW,False,ZERO,NORMAL,HIGH
LOW,NORMAL,LOW,False,False,False,True,False,HIGH,NORMAL,LOW,HIGH,NORMAL,NORMAL,HIGH,LOW,LOW,HIGH,False,HIGH,NORMAL,HIGH
HIGH,NORMAL,ZERO,False,False,True,False,False,NORMAL,NORMAL,LOW,HIGH,NORMAL,HIGH,HIGH,NORMAL,HIGH,NORMAL,False,HIGH,NORMAL,NORMAL
LOW,ZERO,ZERO,False,False,False,False,True,LOW,NORMAL,LOW,LOW,NORMAL,LOW,ZERO,LOW,LOW,LOW,False,ZERO,HIGH,NORMAL
HIGH,NORMAL,LOW,False,False,False,False,False,HIGH,NORMAL,LOW,LOW,NORMAL,HIGH,ZERO,HIGH,HIGH,LOW,False,ZERO,NORMAL,LOW
HIGH,NORMAL,LOW,False,False,False,False,True,LOW,NORMAL,LOW,LOW,NORMAL,NORMAL,ZERO,HIGH,HIGH,LOW,False,ZERO,NORMAL,NORMAL
HIGH,NORMAL,LOW,False,False,False,False,False,LOW,NORMAL,LOW,LOW,NORMAL,HIGH,ZERO,HIGH,HIGH,LOW,False,ZERO,NORMAL,HIGH
HIGH,NORMAL,LOW,False,False,False,False,False,NORMAL,NORMAL,LOW,LOW,HIGH,HIGH,ZERO,HIGH,HIGH,NORMAL,False,ZERO,NORMAL,HIGH
HIGH,NORMAL,LOW,False,False,False,False,False,NORMAL,NORMAL,LOW,LOW,NORMAL,HIGH,ZERO,HIGH,HIGH,NORMAL,False,ZERO,NORMAL,LOW
HIGH,NORMAL,LOW,False,False,True,False,False,HIGH,NORMAL,LOW,LOW,NORMAL,NORMAL,ZERO,NORMAL,NORMAL,HIGH,False,ZERO,NORMAL,HIGH
LOW,NORMAL,LOW,True,False,False,False,False,NORMAL,NORMAL,LOW,LOW,NORMAL,LOW,ZERO,LOW,LOW,NORMAL,False,ZERO,NORMAL,LOW
LOW,NORMAL,LOW,True,False,False,False,False,LOW,NORMAL,LOW,LOW,NORMAL,NORMAL,ZERO,LOW,LOW,LOW,False,ZERO,NORMAL,LOW
HIGH,NORMAL,LOW,False,False,False,False,False,HIGH,NORMAL,LOW,LOW,NORMAL,HIGH,ZERO,HIGH,HIGH,HIGH,False,ZERO,NORMAL,LOW
LOW,NORMAL,LOW,False,False,False,False,False,NORMAL,NORMAL,LOW,LOW,NORMAL,HIGH,ZERO,HIGH,HIGH,NORMAL,False,ZERO,NORMAL,HIGH
HIGH,NORMAL,LOW,False,False,False,False,False,NORMAL,ONESIDED,LOW,LOW,LOW,HIGH,NORMAL,HIGH,HIGH,NORMAL,False,NORMAL,HIGH,NORMAL
NORMAL,NORMAL,LOW,False,False,False,True,False,NORMAL,NORMAL,LOW,LOW,NORMAL,HIGH,ZERO,HIGH,NORMAL,NORMAL,False,ZERO,NORMAL,LOW
HIGH,ZERO,NORMAL,False,False,False,False,True,LOW,NORMAL,HIGH,LOW,NORMAL,NORMAL,LOW,HIGH,HIGH,LOW,False,LOW,NORMAL,NORMAL
HIGH,NORMAL,ZERO,False,False,False,False,False,NORMAL,NORMAL,LOW,HIGH,NORMAL,HIGH,HIGH,HIGH,HIGH,NORMAL,False,HIGH,NORMAL,NORMAL
HIGH,HIGH,HIGH,False,False,False,False,False,NORMAL,NORMAL,LOW,NORMAL,NORMAL,HIGH,HIGH,HIGH,HIGH,NORMAL,False,HIGH,NORMAL,NORMAL
HIGH,NORMAL,LOW,False,False,False,False,False,NORMAL,NORMAL,LOW,LOW,NORMAL,HIGH,ZERO,HIGH,HIGH,NORMAL,False,ZERO,NORMAL,NORMAL
HIGH,NORMAL,LOW,False,False,False,False,False,NORMAL,NORMAL,LOW,LOW,NORMAL,HIGH,ZERO,HIGH,HIGH,NORMAL,False,ZERO,NORMAL,NORMAL
HIGH,NORMAL,LOW,False,False,False,False,False,NORMAL,ONESIDED,NORMAL,LOW,NORMAL,HIGH,ZERO,HIGH,HIGH,NORMAL,False,LOW,HIGH,HIGH
HIGH,LOW,ZERO,False,False,False,False,True,LOW,NORMAL,LOW,LOW,NORMAL,LOW,ZERO,HIGH,HIGH,LOW,False,ZERO,NORMAL,HIGH
HIGH,LOW,ZERO,False,False,False,False,False,NORMAL,NORMAL,LOW,HIGH,NORMAL,HIGH,HIGH,HIGH,HIGH,NORMAL,False,HIGH,NORMAL,NORMAL
HIGH,NORMAL,LOW,False,False,False,False,False,NORMAL,NORMAL,LOW,LOW,LOW,HIGH,ZERO,HIGH,HIGH,NORMAL,False,ZERO,NORMAL,HIGH
HIGH,NORMAL,LOW,False,False,False,False,False,NORMAL,NORMAL,LOW,LOW,LOW,HIGH,ZERO,HIGH,HIGH,NORMAL,False,ZERO,NORMAL,NORMAL
LOW,LOW,ZERO,False,False,False,False,False,HIGH,ONESIDED,LOW,LOW,LOW,NORMAL,NORMAL,LOW,LOW,HIGH,False,NORMAL,HIGH,HIGH
HIGH,NORMAL,LOW,False,False,True,False,False,HIGH,NORMAL,HIGH,LOW,NORMAL,HIGH,ZERO,NORMAL,NORMAL,HIGH,False,ZERO,NORMAL,HIGH
LOW,NORMAL,ZERO,False,False,False,False,False,NORMAL,NORMAL,LOW,HIGH,NORMAL,HIGH,HIGH,LOW,LOW,NORMAL,False,HIGH,NORMAL,HIGH
HIGH,NORMAL,LOW,False,False,False,False,False,HIGH,NORMAL,LOW,LOW,NORMAL,HIGH,ZERO,HIGH,HIGH,HIGH,False,ZERO,NORMAL,NORMAL
HIGH,NORMAL,LOW,False,False,False,False,False,NORMAL,NORMAL,LOW,LOW,NORMAL,HIGH,ZERO,HIGH,HIGH,NORMAL,False,ZERO,NORMAL,NORMAL
NORMAL,NORMAL,LOW,False,False,False,False,False,HIGH,NORMAL,LOW,LOW,NORMAL,LOW,ZERO,HIGH,HIGH,HIGH,True,ZERO,HIGH,NORMAL
HIGH,NORMAL,LOW,False,False,False,False,False,NORMAL,NORMAL,LOW,LOW,HIGH,HIGH,ZERO,HIGH,HIGH,NORMAL,False,ZERO,NORMAL,LOW
HIGH,LOW,ZERO,False,False,False,False,False,NORMAL,NORMAL,ZERO,HIGH,NORMAL,HIGH,HIGH,HIGH,HIGH,NORMAL,False,HIGH,HIGH,LOW
HIGH,NORMAL,LOW,False,False,False,False,False,HIGH,NORMAL,LOW,LOW,NORMAL,LOW,ZERO,HIGH,HIGH,HIGH,False,ZERO,NORMAL,HIGH
LOW,ZERO,ZERO,False,False,False,False,False,NORMAL,NORMAL,ZERO,HIGH,NORMAL,NORMAL,HIGH,LOW,LOW,NORMAL,False,HIGH,NORMAL,NORMAL
HIGH,NORMAL,LOW,False,False,True,False,False,HIGH,NORMAL,HIGH,LOW,NORMAL,HIGH,LOW,NORMAL,NORMAL,HIGH,False,LOW,NORMAL,HIGH
HIGH,LOW,ZERO,False,False,False,True,False,NORMAL,ESOPHAGEAL,LOW,LOW,NORMAL,HIGH,LOW,HIGH,HIGH,NORMAL,False,LOW,NORMAL,NORMAL
HIGH,NORMAL,LOW,False,False,False,False,False,HIGH,NORMAL,LOW,LOW,HIGH,HIGH,ZERO,HIGH,HIGH,HIGH,False,ZERO,NORMAL,NORMAL
HIGH,NORMAL,LOW,False,False,False,False,False,NORMAL,NORMAL,HIGH,LOW,NORMAL,HIGH,LOW,HIGH,HIGH,NORMAL,False,LOW,NORMAL,LOW
HIGH,NORMAL,LOW,False,False,False,False,True,NORMAL,NORMAL,LOW,LOW,NORMAL,LOW,ZERO,HIGH,HIGH,NORMAL,False,ZERO,NORMAL,LOW
HIGH,NORMAL,LOW,False,False,False,False,False,NORMAL,NORMAL,LOW,LOW,NORMAL,HIGH,ZERO,HIGH,HIGH,NORMAL,False,ZERO,NORMAL,NORMAL
LOW,NORMAL,LOW,False,False,False,False,False,NORMAL,NORMAL,LOW,LOW,HIGH,NORMAL,ZERO,LOW,LOW,NORMAL,False,ZERO,NORMAL,NORMAL
HIGH,ZERO,ZERO,False,False,True,False,False,NORMAL,NORMAL,LOW,LOW,NORMAL,HIGH,ZERO,NORMAL,NORMAL,LOW,False,ZERO,NORMAL,LOW
LOW,NORMAL,LOW,False,False,False,False,False,HIGH,NORMAL,LOW,LOW,HIGH,NORMAL,ZERO,LOW,LOW,HIGH,False,ZERO,NORMAL,NORMAL
HIGH,NORMAL,LOW,False,False,False,False,False,NORMAL,NORMAL,LOW,LOW,NORMAL,HIGH,ZERO,HIGH,HIGH,NORMAL,False,ZERO,NORMAL,NORMAL
LOW,NORMAL,LOW,False,False,False,False,False,NORMAL,NORMAL,LOW,LOW,NORMAL,NORMAL,ZERO,LOW,LOW,NORMAL,False,ZERO,NORMAL,LOW
LOW,NORMAL,LOW,False,False,False,False,False,NORMAL,NORMAL,LOW,LOW,NORMAL,NORMAL,ZERO,LOW,LOW,NORMAL,False,ZERO,NORMAL,NORMAL
NORMAL,LOW,ZERO,False,False,False,False,False,LOW,ESOPHAGEAL,LOW,LOW,NORMAL,NORMAL,LOW,LOW,LOW,LOW,False,LOW,NORMAL,NORMAL
HIGH,NORMAL,LOW,False,False,False,False,False,NORMAL,ONESIDED,NORMAL,HIGH,NORMAL,HIGH,ZERO,HIGH,HIGH,NORMAL,False,LOW,HIGH,NORMAL
HIGH,NORMAL,ZERO,False,False,False,False,True,LOW,NORMAL,LOW,LOW,LOW,LOW,ZERO,HIGH,HIGH,LOW,False,ZERO,NORMAL,HIGH
HIGH,NORMAL,LOW,False,False,False,False,False,NORMAL,NORMAL,LOW,LOW,NORMAL,HIGH,ZERO,HIGH,HIGH,NORMAL,False,ZERO,NORMAL,NORMAL
LOW,NORMAL,LOW,False,False,False,False,False,NORMAL,ONESIDED,LOW,LOW,LOW,NORMAL,ZERO,LOW,LOW,NORMAL,False,NORMAL,HIGH,HIGH
HIGH,NORMAL,LOW,False,True,False,True,False,HIGH,NORMAL,LOW,LOW,HIGH,HIGH,ZERO,HIGH,HIGH,HIGH,False,ZERO,NORMAL,LOW
HIGH,NORMAL,ZERO,False,False,False,False,False,HIGH,NORMAL,LOW,HIGH,NORMAL,HIGH,HIGH,HIGH,HIGH,HIGH,False,HIGH,NORMAL,NORMAL
HIGH,NORMAL,LOW,False,False,False,False,False,HIGH,NORMAL,LOW,LOW,NORMAL,NORMAL,ZERO,HIGH,HIGH,HIGH,False,ZERO,NORMAL,NORMAL
HIGH,NORMAL,LOW,False,False,True,False,False,NORMAL,ESOPHAGEAL,LOW,LOW,NORMAL,HIGH,LOW,NORMAL,NORMAL,NORMAL,False,LOW,NORMAL,LOW
HIGH,NORMAL,LOW,False,False,False,True,False,HIGH,NORMAL,LOW,LOW,NORMAL,NORMAL,ZERO,HIGH,HIGH,HIGH,False,ZERO,NORMAL,LOW
LOW,NORMAL,LOW,False,False,False,False,False,NORMAL,NORMAL,LOW,LOW,NORMAL,NORMAL,HIGH,LOW,LOW,NORMAL,False,ZERO,NORMAL,NORMAL
HIGH,LOW,ZERO,False,False,False,False,False,NORMAL,NORMAL,LOW,HIGH,NORMAL,HIGH,HIGH,HIGH,HIGH,NORMAL,False,HIGH,NORMAL,NORMAL
LOW,NORMAL,LOW,False,False,False,False,False,NORMAL,NORMAL,LOW,LOW,NORMAL,LOW,LOW,HIGH,HIGH,NORMAL,False,ZERO,NORMAL,LOW
HIGH,NORMAL,LOW,False,False,False,False,False,NORMAL,NORMAL,ZERO,LOW,NORMAL,HIGH,ZERO,HIGH,HIGH,NORMAL,False,ZERO,NORMAL,HIGH
HIGH,HIGH,HIGH,False,False,False,True,False,HIGH,NORMAL,LOW,HIGH,HIGH,HIGH,HIGH,HIGH,HIGH,HIGH,False,HIGH,HIGH,NORMAL
HIGH,NORMAL,LOW,False,False,False,False,False,NORMAL,NORMAL,LOW,LOW,NORMAL,HIGH,ZERO,HIGH,HIGH,NORMAL,False,ZERO,NORMAL,NORMAL
HIGH,LOW,ZERO,False,False,False,True,False,NORMAL,NORMAL,LOW,LOW,NORMAL,HIGH,ZERO,HIGH,HIGH,NORMAL,False,ZERO,NORMAL,LOW
LOW,NORMAL,LOW,False,True,False,False,False,NORMAL,ESOPHAGEAL,LOW,LOW,HIGH,NORMAL,LOW,LOW,LOW,NORMAL,False,LOW,NORMAL,NORMAL
HIGH,ZERO,ZERO,False,False,False,False,False,NORMAL,NORMAL,NORMAL,LOW,NORMAL,HIGH,HIGH,HIGH,HIGH,LOW,False,HIGH,NORMAL,NORMAL
HIGH,NORMAL,LOW,False,False,False,False,False,HIGH,NORMAL,LOW,LOW,NORMAL,HIGH,ZERO,HIGH,HIGH,NORMAL,True,ZERO,NORMAL,NORMAL
LOW,HIGH,HIGH,False,False,False,False,False,HIGH,NORMAL,LOW,HIGH,NORMAL,NORMAL,HIGH,LOW,LOW,HIGH,False,HIGH,HIGH,NORMAL
HIGH,NORMAL,LOW,False,False,False,False,False,NORMAL,NORMAL,LOW,LOW,NORMAL,NORMAL,ZERO,HIGH,HIGH,NORMAL,False,ZERO,NORMAL,LOW
HIGH,NORMAL,LOW,False,False,True,False,False,NORMAL,NORMAL,LOW,LOW,HIGH,HIGH,ZERO,NORMAL,NORMAL,NORMAL,False,ZERO,NORMAL,NORMAL
HIGH,NORMAL,LOW,False,False,False,False,False,NORMAL,ONESIDED,LOW,LOW,NORMAL,HIGH,NORMAL,HIGH,HIGH,NORMAL,False,NORMAL,HIGH,NORMAL
HIGH,NORMAL,ZERO,False,False,False,False,False,NORMAL,NORMAL,LOW,LOW,NORMAL,HIGH,ZERO,HIGH,HIGH,NORMAL,False,ZERO,NORMAL,NORMAL
NORMAL,NORMAL,LOW,False,False,False,False,False,LOW,NORMAL,NORMAL,LOW,NORMAL,HIGH,ZERO,HIGH,HIGH,LOW,False,ZERO,NORMAL,LOW
HIGH,NORMAL,LOW,False,False,False,False,False,NORMAL,NORMAL,LOW,LOW,NORMAL,HIGH,ZERO,HIGH,HIGH,NORMAL,False,ZERO,NORMAL,NORMAL
HIGH,NORMAL,ZERO,False,False,False,False,False,HIGH,NORMAL,LOW,HIGH,NORMAL,LOW,HIGH,HIGH,HIGH,HIGH,False,HIGH,NORMAL,NORMAL
HIGH,NORMAL,LOW,False,False,False,False,False,NORMAL,NORMAL,LOW,LOW,NORMAL,HIGH,ZERO,HIGH,HIGH,NORMAL,False,ZERO,NORMAL,HIGH
HIGH,NORMAL,LOW,False,False,False,False,False,HIGH,NORMAL,LOW,LOW,NORMAL,HIGH,ZERO,HIGH,HIGH,HIGH,False,ZERO,NORMAL,HIGH
HIGH,NORMAL,LOW,False,False,False,False,False,NORMAL,NORMAL,LOW,LOW,NORMAL,HIGH,ZERO,HIGH,HIGH,NORMAL,False,ZERO,NORMAL,NORMAL
HIGH,NORMAL,ZERO,False,False,False,False,False,NORMAL,NORMAL,LOW,LOW,NORMAL,HIGH,ZERO,HIGH,HIGH,NORMAL,False,ZERO,NORMAL,HIGH
HIGH,NORMAL,LOW,False,False,False,False,False,NORMAL,NORMAL,LOW,LOW,NORMAL,HIGH,ZERO,HIGH,HIGH,NORMAL,False,ZERO,NORMAL,LOW
HIGH,NORMAL,LOW,False,False,False,False,False,NORMAL,NORMAL,LOW,NORMAL,NORMAL,HIGH,ZERO,HIGH,HIGH,NORMAL,False,ZERO,NORMAL,LOW
LOW,NORMAL,ZERO,False,False,False,False,False,NORMAL,NORMAL,LOW,HIGH,NORMAL,NORMAL,HIGH,LOW,LOW,NORMAL,False,HIGH,NORMAL,LOW
HIGH,NORMAL,LOW,False,False,False,False,False,NORMAL,NORMAL,LOW,LOW,NORMAL,HIGH,ZERO,HIGH,HIGH,NORMAL,False,ZERO,NORMAL,NORMAL
HIGH,NORMAL,LOW,False,False,False,False,False,HIGH,NORMAL,LOW,LOW,NORMAL,HIGH,ZERO,HIGH,HIGH,HIGH,False,ZERO,NORMAL,NORMAL
HIGH,NORMAL,LOW,False,False,False,False,False,HIGH,NORMAL,LOW,LOW,NORMAL,HIGH,ZERO,HIGH,HIGH,HIGH,False,ZERO,NORMAL,NORMAL
HIGH,NORMAL,LOW,False,False,False,False,False,HIGH,NORMAL,LOW,LOW,HIGH,LOW,LOW,HIGH,HIGH,HIGH,False,ZERO,HIGH,LOW
HIGH,NORMAL,LOW,False,False,True,False,False,NORMAL,NORMAL,LOW,LOW,NORMAL,HIGH,ZERO,NORMAL,NORMAL,NORMAL,False,ZERO,NORMAL,HIGH
HIGH,NORMAL,LOW,False,False,False,False,False,NORMAL,NORMAL,LOW,LOW,NORMAL,HIGH,ZERO,HIGH,HIGH,NORMAL,False,ZERO,NORMAL,NORMAL
HIGH,NORMAL,LOW,False,False,False,False,False,NORMAL,NORMAL,LOW,LOW,LOW,HIGH,ZERO,HIGH,HIGH,NORMAL,True,ZERO,NORMAL,NORMAL
LOW,NORMAL,LOW,False,False,False,False,False,HIGH,NORMAL,NORMAL,LOW,NORMAL,LOW,ZERO,LOW,LOW,HIGH,False,ZERO,NORMAL,LOW
LOW,HIGH,HIGH,False,False,False,False,True,LOW,NORMAL,LOW,HIGH,LOW,LOW,HIGH,LOW,LOW,LOW,False,HIGH,NORMAL,LOW
HIGH,NORMAL,LOW,False,False,False,True,False,NORMAL,NORMAL,LOW,LOW,NORMAL,LOW,ZERO,HIGH,HIGH,NORMAL,False,ZERO,NORMAL,HIGH
HIGH,NORMAL,LOW,False,False,False,False,False,NORMAL,NORMAL,LOW,LOW,NORMAL,HIGH,ZERO,HIGH,HIGH,NORMAL,False,ZERO,NORMAL,LOW
HIGH,NORMAL,LOW,False,False,False,False,False,HIGH,NORMAL,LOW,LOW,NORMAL,NORMAL,ZERO,HIGH,HIGH,HIGH,False,ZERO,NORMAL,LOW
LOW,ZERO,ZERO,False,False,False,False,False,NORMAL,NORMAL,LOW,HIGH,NORMAL,NORMAL,HIGH,LOW,LOW,NORMAL,False,HIGH,NORMAL,HIGH
LOW,NORMAL,LOW,False,False,False,False,False,NORMAL,NORMAL,LOW,LOW,NORMAL,NORMAL,ZERO,LOW,LOW,NORMAL,False,ZERO,NORMAL,HIGH
HIGH,NORMAL,LOW,False,False,False,False,False,HIGH,NORMAL,LOW,NORMAL,NORMAL,HIGH,HIGH,HIGH,HIGH,HIGH,False,HIGH,NORMAL,NORMAL
LOW,NORMAL,LOW,False,False,False,False,False,NORMAL,ONESIDED,NORMAL,LOW,NORMAL,LOW,LOW,LOW,LOW,NORMAL,False,LOW,HIGH,HIGH
HIGH,NORMAL,LOW,False,False,False,True,False,NORMAL,NORMAL,LOW,LOW,NORMAL,HIGH,ZERO,HIGH,HIGH,NORMAL,False,ZERO,NORMAL,NORMAL
HIGH,NORMAL,LOW,False,False,False,False,False,NORMAL,NORMAL,LOW,LOW,NORMAL,HIGH,ZERO,HIGH,HIGH,NORMAL,False,ZERO,NORMAL,HIGH
LOW,NORMAL,LOW,False,False,False,False,False,HIGH,NORMAL,LOW,LOW,NORMAL,NORMAL,ZERO,LOW,LOW,HIGH,False,ZERO,NORMAL,NORMAL
HIGH,NORMAL,LOW,False,False,False,False,False,NORMAL,NORMAL,LOW,LOW,NORMAL,HIGH,ZERO,HIGH,HIGH,NORMAL,False,ZERO,NORMAL,LOW
HIGH,NORMAL,LOW,False,False,False,False,False,NORMAL,NORMAL,HIGH,LOW,NORMAL,HIGH,LOW,HIGH,HIGH,NORMAL,False,LOW,NORMAL,LOW
HIGH,NORMAL,LOW,False,False,False,False,False,HIGH,NORMAL,LOW,LOW,NORMAL,HIGH,ZERO,HIGH,HIGH,HIGH,False,ZERO,NORMAL,LOW
HIGH,NORMAL,LOW,False,False,False,False,True,LOW,NORMAL,LOW,LOW,NORMAL,LOW,ZERO,HIGH,HIGH,LOW,False,ZERO,NORMAL,NORMAL
HIGH,NORMAL,LOW,False,False,False,False,False,NORMAL,NORMAL,LOW,LOW,NORMAL,HIGH,ZERO,HIGH,HIGH,NORMAL,False,ZERO,NORMAL,HIGH
HIGH,LOW,ZERO,False,False,False,False,True,LOW,NORMAL,ZERO,LOW,NORMAL,NORMAL,HIGH,HIGH,HIGH,LOW,False,NORMAL,NORMAL,NORMAL
HIGH,NORMAL,LOW,False,False,False,False,False,NORMAL,ONESIDED,NORMAL,LOW,NORMAL,HIGH,ZERO,HIGH,HIGH,NORMAL,False,LOW,HIGH,HIGH
HIGH,NORMAL,LOW,False,False,True,False,False,NORMAL,NORMAL,LOW,LOW,NORMAL,HIGH,ZERO,NORMAL,NORMAL,NORMAL,False,ZERO,HIGH,HIGH
HIGH,LOW,ZERO,False,False,False,False,False,NORMAL,ONESIDED,LOW,LOW,LOW,LOW,NORMAL,HIGH,HIGH,NORMAL,False,NORMAL,HIGH,HIGH
HIGH,NORMAL,LOW,False,False,True,False,False,NORMAL,NORMAL,LOW,LOW,NORMAL,LOW,ZERO,NORMAL,NORMAL,NORMAL,False,ZERO,NORMAL,HIGH
LOW,HIGH,HIGH,False,False,False,False,False,HIGH,NORMAL,ZERO,HIGH,NORMAL,LOW,HIGH,LOW,LOW,HIGH,False,HIGH,NORMAL,HIGH
HIGH,HIGH,HIGH,False,False,False,False,False,NORMAL,NORMAL,LOW,HIGH,NORMAL,HIGH,HIGH,HIGH,HIGH,NORMAL,False,HIGH,NORMAL,NORMAL
HIGH,NORMAL,LOW,False,False,True,False,False,NORMAL,NORMAL,LOW,LOW,NORMAL,HIGH,ZERO,NORMAL,NORMAL,NORMAL,False,ZERO,NORMAL,NORMAL
LOW,NORMAL,LOW,False,False,False,False,False,NORMAL,ONESIDED,NORMAL,LOW,NORMAL,NORMAL,ZERO,LOW,LOW,NORMAL,False,LOW,HIGH,HIGH
HIGH,NORMAL,LOW,False,False,False,False,False,NORMAL,NORMAL,LOW,LOW,NORMAL,HIGH,ZERO,HIGH,HIGH,NORMAL,False,ZERO,NORMAL,NORMAL
HIGH,LOW,ZERO,False,False,False,False,False,NORMAL,NORMAL,LOW,HIGH,NORMAL,HIGH,HIGH,HIGH,HIGH,NORMAL,False,HIGH,NORMAL,NORMAL
HIGH,NORMAL,ZERO,False,False,False,False,False,LOW,NORMAL,LOW,HIGH,NORMAL,HIGH,HIGH,HIGH,HIGH,NORMAL,False,HIGH,NORMAL,LOW
HIGH,NORMAL,LOW,False,False,False,False,False,NORMAL,NORMAL,LOW,LOW,NORMAL,HIGH,ZERO,HIGH,HIGH,NORMAL,False,ZERO,NORMAL,HIGH
HIGH,NORMAL,LOW,False,False,False,False,False,NORMAL,NORMAL,LOW,LOW,NORMAL,HIGH,ZERO,HIGH,HIGH,NORMAL,True,ZERO,NORMAL,HIGH
HIGH,NORMAL,ZERO,False,False,False,False,False,NORMAL,NORMAL,LOW,LOW,NORMAL,HIGH,ZERO,HIGH,HIGH,NORMAL,False,ZERO,NORMAL,NORMAL
HIGH,NORMAL,LOW,False,False,False,True,False,NORMAL,ESOPHAGEAL,NORMAL,LOW,NORMAL,HIGH,ZERO,NORMAL,HIGH,NORMAL,False,ZERO,NORMAL,HIGH
LOW,ZERO,ZERO,False,False,False,False,False,NORMAL,NORMAL,LOW,HIGH,NORMAL,NORMAL,HIGH,LOW,LOW,LOW,False,HIGH,NORMAL,NORMAL
HIGH,NORMAL,LOW,False,False,True,False,False,NORMAL,NORMAL,LOW,LOW,LOW,HIGH,ZERO,NORMAL,NORMAL,NORMAL,False,ZERO,NORMAL,LOW
HIGH,NORMAL,LOW,False,False,False,False,False,NORMAL,NORMAL,LOW,LOW,NORMAL,HIGH,ZERO,HIGH,HIGH,NORMAL,False,ZERO,NORMAL,LOW
LOW,NORMAL,LOW,False,False,False,False,False,NORMAL,NORMAL,LOW,LOW,NORMAL,LOW,ZERO,HIGH,LOW,NORMAL,False,ZERO,NORMAL,NORMAL
NORMAL,NORMAL,LOW,False,False,False,False,False,NORMAL,NORMAL,LOW,LOW,NORMAL,HIGH,ZERO,HIGH,HIGH,NORMAL,False,ZERO,NORMAL,HIGH
HIGH,NORMAL,LOW,False,False,False,False,False,NORMAL,NORMAL,LOW,LOW,NORMAL,HIGH,ZERO,HIGH,HIGH,NORMAL,False,ZERO,NORMAL,NORMAL
HIGH,NORMAL,LOW,False,False,False,False,False,NORMAL,NORMAL,LOW,LOW,HIGH,HIGH,ZERO,HIGH,HIGH,HIGH,False,ZERO,NORMAL,NORMAL
HIGH,NORMAL,LOW,False,False,True,False,False,NORMAL,NORMAL,LOW,LOW,NORMAL,HIGH,ZERO,NORMAL,NORMAL,NORMAL,False,ZERO,NORMAL,HIGH
HIGH,NORMAL,LOW,False,False,True,False,False,NORMAL,NORMAL,LOW,LOW,NORMAL,HIGH,ZERO,NORMAL,NORMAL,NORMAL,False,ZERO,NORMAL,LOW
HIGH,LOW,ZERO,False,False,False,False,False,NORMAL,NORMAL,LOW,HIGH,NORMAL,HIGH,HIGH,HIGH,HIGH,NORMAL,False,HIGH,NORMAL,LOW
HIGH,NORMAL,LOW,False,False,True,False,True,LOW,NORMAL,LOW,LOW,NORMAL,NORMAL,ZERO,NORMAL,NORMAL,LOW,False,ZERO,NORMAL,NORMAL
NORMAL,NORMAL,LOW,False,False,False,False,False,NORMAL,NORMAL,LOW,LOW,LOW,HIGH,ZERO,HIGH,HIGH,NORMAL,False,ZERO,NORMAL,LOW
NORMAL,ZERO,ZERO,False,False,False,False,False,NORMAL,NORMAL,LOW,LOW,NORMAL,HIGH,ZERO,HIGH,HIGH,NORMAL,False,ZERO,NORMAL,LOW
HIGH,NORMAL,LOW,False,False,True,False,False,NORMAL,NORMAL,LOW,LOW,NORMAL,HIGH,ZERO,NORMAL,NORMAL,NORMAL,False,ZERO,NORMAL,NORMAL
LOW,NORMAL,LOW,False,False,False,False,False,NORMAL,NORMAL,LOW,LOW,NORMAL,NORMAL,ZERO,LOW,LOW,NORMAL,False,ZERO,NORMAL,HIGH
LOW,NORMAL,LOW,False,False,False,False,False,NORMAL,ONESIDED,LOW,LOW,NORMAL,NORMAL,NORMAL,LOW,LOW,NORMAL,False,NORMAL,HIGH,NORMAL
HIGH,NORMAL,LOW,False,False,False,False,False,HIGH,NORMAL,LOW,LOW,LOW,HIGH,ZERO,HIGH,HIGH,HIGH,False,ZERO,NORMAL,NORMAL
HIGH,ZERO,ZERO,False,False,False,False,False,HIGH,NORMAL,NORMAL,LOW,HIGH,HIGH,HIGH,HIGH,HIGH,HIGH,False,LOW,NORMAL,NORMAL
HIGH,NORMAL,LOW,False,False,False,False,False,NORMAL,NORMAL,LOW,LOW,NORMAL,HIGH,ZERO,HIGH,HIGH,LOW,False,ZERO,HIGH,NORMAL
HIGH,NORMAL,LOW,False,False,False,False,False,HIGH,NORMAL,LOW,NORMAL,HIGH,LOW,ZERO,HIGH,HIGH,HIGH,False,ZERO,NORMAL,NORMAL
HIGH,LOW,LOW,False,False,False,False,False,NORMAL,NORMAL,LOW,LOW,HIGH,LOW,ZERO,HIGH,HIGH,NORMAL,False,ZERO,NORMAL,NORMAL
HIGH,NORMAL,LOW,False,False,False,False,False,NORMAL,NORMAL,LOW,LOW,NORMAL,HIGH,ZERO,HIGH,HIGH,NORMAL,False,ZERO,NORMAL,LOW
HIGH,NORMAL,LOW,False,False,False,False,False,NORMAL,NORMAL,LOW,LOW,NORMAL,HIGH,ZERO,HIGH,HIGH,NORMAL,False,ZERO,NORMAL,LOW
NORMAL,NORMAL,LOW,False,False,False,False,False,HIGH,NORMAL,LOW,LOW,NORMAL,HIGH,ZERO,HIGH,HIGH,HIGH,False,ZERO,NORMAL,NORMAL
LOW,NORMAL,LOW,False,False,False,False,False,HIGH,ESOPHAGEAL,NORMAL,LOW,NORMAL,NORMAL,ZERO,LOW,LOW,HIGH,False,ZERO,NORMAL,HIGH
HIGH,NORMAL,LOW,False,False,False,False,False,HIGH,NORMAL,LOW,LOW,NORMAL,NORMAL,ZERO,HIGH,HIGH,HIGH,False,ZERO,HIGH,HIGH
HIGH,NORMAL,LOW,False,False,False,False,False,HIGH,NORMAL,LOW,LOW,HIGH,NORMAL,ZERO,HIGH,HIGH,HIGH,False,ZERO,NORMAL,LOW
LOW,NORMAL,LOW,False,False,False,False,False,NORMAL,NORMAL,ZERO,HIGH,NORMAL,NORMAL,ZERO,LOW,LOW,NORMAL,False,HIGH,NORMAL,HIGH
HIGH,NORMAL,LOW,False,False,False,False,False,NORMAL,NORMAL,LOW,LOW,NORMAL,HIGH,ZERO,HIGH,HIGH,NORMAL,False,ZERO,NORMAL,HIGH
HIGH,NORMAL,LOW,False,False,False,False,False,NORMAL,NORMAL,LOW,LOW,NORMAL,HIGH,ZERO,HIGH,HIGH,NORMAL,False,ZERO,NORMAL,NORMAL
HIGH,NORMAL,LOW,True,False,False,False,False,NORMAL,NORMAL,LOW,LOW,NORMAL,HIGH,ZERO,HIGH,HIGH,NORMAL,False,ZERO,NORMAL,LOW
HIGH,NORMAL,LOW,False,False,False,False,False,NORMAL,NORMAL,LOW,LOW,NORMAL,HIGH,ZERO,HIGH,HIGH,NORMAL,False,ZERO,NORMAL,NORMAL
LOW,NORMAL,LOW,False,False,False,False,False,NORMAL,NORMAL,LOW,LOW,NORMAL,NORMAL,ZERO,LOW,LOW,NORMAL,False,ZERO,NORMAL,HIGH
HIGH,LOW,ZERO,False,False,False,True,False,NORMAL,NORMAL,ZERO,LOW,NORMAL,HIGH,HIGH,HIGH,HIGH,NORMAL,False,NORMAL,NORMAL,NORMAL
HIGH,NORMAL,LOW,False,False,False,False,False,NORMAL,NORMAL,LOW,LOW,NORMAL,HIGH,ZERO,HIGH,NORMAL,NORMAL,False,ZERO,NORMAL,LOW
HIGH,NORMAL,LOW,False,False,False,False,False,HIGH,NORMAL,LOW,LOW,NORMAL,LOW,ZERO,HIGH,HIGH,HIGH,False,ZERO,NORMAL,HIGH
HIGH,NORMAL,LOW,False,False,False,False,False,NORMAL,NORMAL,LOW,LOW,NORMAL,HIGH,ZERO,HIGH,HIGH,NORMAL,False,ZERO,NORMAL,LOW
HIGH,NORMAL,LOW,False,False,False,False,False,NORMAL,NORMAL,LOW,LOW,NORMAL,HIGH,ZERO,HIGH,HIGH,NORMAL,False,ZERO,HIGH,HIGH
LOW,NORMAL,LOW,False,False,False,False,False,NORMAL,NORMAL,LOW,LOW,HIGH,LOW,ZERO,LOW,LOW,NORMAL,False,ZERO,NORMAL,HIGH
LOW,ZERO,ZERO,False,False,False,False,False,NORMAL,NORMAL,LOW,HIGH,NORMAL,LOW,HIGH,LOW,LOW,NORMAL,False,HIGH,NORMAL,HIGH
HIGH,NORMAL,LOW,False,False,False,False,False,NORMAL,NORMAL,LOW,LOW,NORMAL,HIGH,ZERO,HIGH,HIGH,NORMAL,False,ZERO,NORMAL,HIGH
LOW,NORMAL,LOW,False,False,False,False,True,LOW,NORMAL,LOW,LOW,NORMAL,LOW,ZERO,LOW,LOW,LOW,False,ZERO,NORMAL,NORMAL
HIGH,NORMAL,LOW,False,False,False,False,False,NORMAL,NORMAL,LOW,LOW,HIGH,HIGH,ZERO,HIGH,HIGH,NORMAL,False,ZERO,NORMAL,LOW
NORMAL,LOW,ZERO,False,False,False,False,False,NORMAL,NORMAL,LOW,HIGH,NORMAL,HIGH,HIGH,HIGH,HIGH,NORMAL,False,HIGH,NORMAL,NORMAL
HIGH,NORMAL,LOW,False,False,False,False,False,NORMAL,ESOPHAGEAL,NORMAL,LOW,NORMAL,HIGH,ZERO,HIGH,HIGH,NORMAL,False,ZERO,NORMAL,HIGH
HIGH,NORMAL,LOW,False,False,False,False,False,NORMAL,NORMAL,ZERO,LOW,NORMAL,NORMAL,ZERO,LOW,HIGH,NORMAL,False,ZERO,NORMAL,NORMAL
HIGH,NORMAL,LOW,False,False,False,False,False,NORMAL,NORMAL,LOW,LOW,NORMAL,HIGH,ZERO,HIGH,HIGH,NORMAL,False,ZERO,NORMAL,NORMAL
HIGH,NORMAL,LOW,False,False,False,False,False,NORMAL,NORMAL,LOW,LOW,NORMAL,LOW,ZERO,HIGH,HIGH,NORMAL,False,ZERO,NORMAL,NORMAL
HIGH,NORMAL,LOW,False,False,False,False,False,HIGH,NORMAL,LOW,LOW,NORMAL,HIGH,ZERO,HIGH,HIGH,HIGH,False,ZERO,NORMAL,HIGH
HIGH,LOW,ZERO,False,False,False,False,False,LOW,NORMAL,ZERO,HIGH,NORMAL,HIGH,HIGH,HIGH,HIGH,LOW,False,HIGH,NORMAL,LOW
HIGH,NORMAL,LOW,False,False,False,False,False,NORMAL,NORMAL,LOW,LOW,NORMAL,HIGH,ZERO,HIGH,HIGH,NORMAL,False,ZERO,NORMAL,HIGH
NORMAL,NORMAL,LOW,False,False,False,True,False,NORMAL,NORMAL,LOW,LOW,NORMAL,HIGH,ZERO,HIGH,HIGH,NORMAL,False,ZERO,NORMAL,HIGH
HIGH,NORMAL,LOW,False,False,False,False,False,HIGH,NORMAL,LOW,LOW,NORMAL,LOW,ZERO,HIGH,HIGH,HIGH,False,ZERO,NORMAL,NORMAL
HIGH,NORMAL,LOW,False,False,False,False,False,NORMAL,NORMAL,LOW,LOW,NORMAL,NORMAL,ZERO,HIGH,HIGH,NORMAL,False,ZERO,NORMAL,HIGH
HIGH,NORMAL,LOW,False,False,False,False,False,NORMAL,NORMAL,LOW,LOW,NORMAL,NORMAL,ZERO,HIGH,HIGH,NORMAL,False,ZERO,NORMAL,LOW
LOW,ZERO,ZERO,False,False,False,False,False,HIGH,NORMAL,ZERO,HIGH,NORMAL,NORMAL,HIGH,LOW,LOW,NORMAL,False,HIGH,NORMAL,HIGH
NORMAL,ZERO,ZERO,False,False,False,False,False,NORMAL,NORMAL,LOW,HIGH,NORMAL,LOW,HIGH,HIGH,LOW,NORMAL,False,HIGH,NORMAL,LOW
HIGH,NORMAL,LOW,False,False,False,False,False,NORMAL,NORMAL,LOW,LOW,HIGH,HIGH,ZERO,HIGH,HIGH,NORMAL,False,ZERO,HIGH,NORMAL
HIGH,NORMAL,LOW,False,False,False,False,False,NORMAL,NORMAL,LOW,LOW,NORMAL,HIGH,ZERO,HIGH,HIGH,NORMAL,False,ZERO,NORMAL,NORMAL
HIGH,NORMAL,LOW,False,False,False,False,False,NORMAL,ESOPHAGEAL,NORMAL,LOW,NORMAL,HIGH,ZERO,HIGH,HIGH,NORMAL,False,ZERO,NORMAL,HIGH
HIGH,NORMAL,LOW,False,False,False,False,False,NORMAL,NORMAL,LOW,LOW,NORMAL,HIGH,ZERO,HIGH,HIGH,NORMAL,True,ZERO,NORMAL,HIGH
NORMAL,NORMAL,LOW,False,False,False,True,False,NORMAL,NORMAL,LOW,LOW,NORMAL,NORMAL,ZERO,LOW,LOW,NORMAL,False,ZERO,NORMAL,NORMAL
LOW,NORMAL,LOW,False,False,False,False,False,NORMAL,NORMAL,ZERO,LOW,NORMAL,NORMAL,ZERO,LOW,LOW,NORMAL,False,ZERO,NORMAL,LOW
LOW,LOW,ZERO,False,False,False,False,False,NORMAL,NORMAL,LOW,HIGH,NORMAL,NORMAL,HIGH,LOW,LOW,NORMAL,False,HIGH,NORMAL,NORMAL
LOW,NORMAL,LOW,False,False,False,False,False,HIGH,NORMAL,LOW,HIGH,NORMAL,LOW,HIGH,LOW,NORMAL,HIGH,False,HIGH,NORMAL,LOW
LOW,NORMAL,ZERO,False,False,False,False,False,NORMAL,NORMAL,LOW,HIGH,NORMAL,NORMAL,HIGH,LOW,LOW,NORMAL,False,HIGH,NORMAL,HIGH
HIGH,NORMAL,LOW,False,False,False,False,False,NORMAL,NORMAL,LOW,LOW,NORMAL,LOW,ZERO,LOW,HIGH,NORMAL,False,ZERO,NORMAL,NORMAL
HIGH,LOW,ZERO,False,False,False,True,False,HIGH,NORMAL,LOW,HIGH,NORMAL,LOW,HIGH,HIGH,HIGH,HIGH,False,HIGH,NORMAL,LOW
HIGH,NORMAL,ZERO,False,False,False,False,False,NORMAL,NORMAL,LOW,HIGH,HIGH,HIGH,HIGH,HIGH,HIGH,NORMAL,False,HIGH,NORMAL,NORMAL
HIGH,NORMAL,LOW,False,False,False,False,False,NORMAL,NORMAL,LOW,LOW,HIGH,NORMAL,ZERO,HIGH,LOW,LOW,False,ZERO,NORMAL,NORMAL
HIGH,NORMAL,ZERO,False,False,False,False,False,NORMAL,ONESIDED,LOW,LOW,NORMAL,HIGH,NORMAL,HIGH,HIGH,NORMAL,False,NORMAL,HIGH,LOW
HIGH,NORMAL,LOW,False,False,False,False,False,NORMAL,NORMAL,LOW,LOW,HIGH,HIGH,ZERO,HIGH,HIGH,NORMAL,False,ZERO,NORMAL,HIGH
HIGH,NORMAL,LOW,False,False,False,False,False,HIGH,NORMAL,LOW,LOW,NORMAL,HIGH,ZERO,HIGH,HIGH,HIGH,False,ZERO,NORMAL,NORMAL
HIGH,NORMAL,LOW,False,False,False,False,False,NORMAL,NORMAL,LOW,LOW,HIGH,HIGH,ZERO,HIGH,HIGH,NORMAL,False,ZERO,NORMAL,HIGH
HIGH,NORMAL,LOW,False,False,False,False,False,NORMAL,NORMAL,LOW,LOW,HIGH,NORMAL,ZERO,HIGH,HIGH,NORMAL,False,ZERO,HIGH,NORMAL
HIGH,NORMAL,LOW,False,False,False,False,False,NORMAL,NORMAL,LOW,LOW,NORMAL,HIGH,ZERO,HIGH,HIGH,NORMAL,False,ZERO,NORMAL,LOW
LOW,ZERO,ZERO,False,False,False,False,False,NORMAL,NORMAL,LOW,HIGH,NORMAL,NORMAL,HIGH,LOW,LOW,NORMAL,False,HIGH,HIGH,HIGH
LOW,LOW,ZERO,False,False,False,False,False,HIGH,NORMAL,LOW,HIGH,HIGH,LOW,NORMAL,LOW,LOW,HIGH,False,HIGH,NORMAL,LOW
HIGH,NORMAL,LOW,False,False,False,True,False,NORMAL,NORMAL,LOW,LOW,NORMAL,HIGH,ZERO,HIGH,HIGH,NORMAL,False,ZERO,NORMAL,NORMAL
HIGH,NORMAL,LOW,False,False,False,False,False,HIGH,NORMAL,LOW,LOW,LOW,HIGH,ZERO,HIGH,HIGH,HIGH,False,ZERO,NORMAL,NORMAL
HIGH,NORMAL,LOW,False,False,False,False,False,NORMAL,NORMAL,HIGH,LOW,NORMAL,HIGH,ZERO,HIGH,HIGH,NORMAL,False,ZERO,NORMAL,NORMAL
HIGH,NORMAL,LOW,False,False,False,False,False,HIGH,NORMAL,LOW,LOW,NORMAL,LOW,ZERO,HIGH,HIGH,NORMAL,False,ZERO,HIGH,NORMAL
LOW,HIGH,NORMAL,False,False,False,False,False,NORMAL,NORMAL,HIGH,LOW,NORMAL,NORMAL,LOW,LOW,LOW,NORMAL,False,LOW,NORMAL,NORMAL
HIGH,HIGH,HIGH,False,False,False,False,False,NORMAL,NORMAL,ZERO,HIGH,NORMAL,HIGH,HIGH,HIGH,HIGH,NORMAL,False,HIGH,NORMAL,LOW
NORMAL,NORMAL,LOW,False,False,False,False,False,HIGH,NORMAL,LOW,LOW,NORMAL,LOW,ZERO,HIGH,HIGH,HIGH,False,ZERO,HIGH,HIGH
LOW,NORMAL,LOW,False,False,False,False,False,NORMAL,NORMAL,LOW,NORMAL,NORMAL,NORMAL,ZERO,LOW,LOW,NORMAL,False,ZERO,NORMAL,HIGH
HIGH,NORMAL,LOW,False,False,False,False,False,NORMAL,NORMAL,LOW,LOW,NORMAL,HIGH,ZERO,HIGH,HIGH,NORMAL,False,ZERO,NORMAL,HIGH
LOW,HIGH,HIGH,False,False,False,False,False,NORMAL,NORMAL,LOW,HIGH,HIGH,HIGH,HIGH,HIGH,HIGH,NORMAL,False,HIGH,NORMAL,LOW
NORMAL,NORMAL,LOW,False,False,False,True,False,HIGH,NORMAL,LOW,LOW,NORMAL,HIGH,ZERO,HIGH,HIGH,HIGH,False,ZERO,NORMAL,LOW
LOW,HIGH,HIGH,False,False,False,False,False,NORMAL,NORMAL,LOW,HIGH,NORMAL,HIGH,HIGH,LOW,LOW,NORMAL,False,HIGH,NORMAL,HIGH
LOW,NORMAL,LOW,False,False,True,False,False,HIGH,NORMAL,LOW,LOW,NORMAL,LOW,ZERO,LOW,LOW,HIGH,False,ZERO,NORMAL,NORMAL
HIGH,NORMAL,LOW,False,False,False,False,False,NORMAL,NORMAL,LOW,LOW,NORMAL,HIGH,ZERO,HIGH,HIGH,NORMAL,False,ZERO,NORMAL,HIGH
HIGH,NORMAL,LOW,False,False,True,False,False,NORMAL,NORMAL,LOW,LOW,NORMAL,HIGH,ZERO,NORMAL,NORMAL,NORMAL,False,ZERO,NORMAL,HIGH
HIGH,NORMAL,ZERO,False,False,True,False,False,NORMAL,ESOPHAGEAL,LOW,LOW,NORMAL,HIGH,LOW,NORMAL,NORMAL,NORMAL,False,ZERO,NORMAL,NORMAL
HIGH,NORMAL,LOW,False,False,False,False,False,NORMAL,NORMAL,LOW,LOW,NORMAL,HIGH,ZERO,HIGH,HIGH,NORMAL,False,ZERO,NORMAL,LOW
HIGH,NORMAL,LOW,False,False,True,False,False,NORMAL,NORMAL,LOW,LOW,NORMAL,HIGH,ZERO,NORMAL,NORMAL,NORMAL,False,ZERO,NORMAL,LOW
HIGH,NORMAL,LOW,False,False,False,False,False,HIGH,NORMAL,HIGH,LOW,NORMAL,HIGH,ZERO,HIGH,HIGH,HIGH,False,ZERO,NORMAL,NORMAL
HIGH,NORMAL,LOW,False,False,False,True,False,NORMAL,NORMAL,LOW,HIGH,LOW,NORMAL,HIGH,HIGH,HIGH,NORMAL,False,HIGH,NORMAL,NORMAL
HIGH,NORMAL,LOW,False,False,True,False,False,NORMAL,NORMAL,LOW,LOW,NORMAL,HIGH,ZERO,NORMAL,NORMAL,NORMAL,False,ZERO,NORMAL,NORMAL
HIGH,NORMAL,LOW,False,False,False,False,False,NORMAL,NORMAL,LOW,LOW,LOW,HIGH,ZERO,HIGH,HIGH,NORMAL,False,ZERO,NORMAL,NORMAL
NORMAL,NORMAL,LOW,False,False,False,True,False,HIGH,NORMAL,LOW,LOW,NORMAL,LOW,ZERO,NORMAL,LOW,HIGH,False,ZERO,NORMAL,NORMAL
HIGH,NORMAL,LOW,False,False,False,False,False,NORMAL,ONESIDED,NORMAL,LOW,NORMAL,HIGH,ZERO,HIGH,HIGH,NORMAL,False,LOW,HIGH,NORMAL
HIGH,NORMAL,NORMAL,False,False,False,False,False,NORMAL,NORMAL,HIGH,LOW,NORMAL,LOW,LOW,HIGH,HIGH,NORMAL,False,LOW,NORMAL,LOW
HIGH,NORMAL,LOW,False,False,False,False,False,NORMAL,NORMAL,LOW,LOW,NORMAL,HIGH,ZERO,HIGH,HIGH,NORMAL,False,ZERO,NORMAL,LOW
LOW,NORMAL,LOW,False,False,False,False,False,NORMAL,NORMAL,LOW,LOW,NORMAL,NORMAL,ZERO,LOW,LOW,NORMAL,False,ZERO,NORMAL,HIGH
HIGH,NORMAL,LOW,False,False,False,False,False,NORMAL,NORMAL,LOW,LOW,NORMAL,HIGH,ZERO,HIGH,HIGH,NORMAL,False,ZERO,NORMAL,HIGH
HIGH,NORMAL,LOW,False,False,False,False,False,HIGH,NORMAL,LOW,LOW,LOW,LOW,ZERO,HIGH,HIGH,HIGH,False,ZERO,NORMAL,HIGH
HIGH,NORMAL,LOW,False,False,False,True,False,NORMAL,NORMAL,LOW,LOW,NORMAL,HIGH,ZERO,HIGH,HIGH,NORMAL,False,ZERO,NORMAL,LOW
HIGH,ZERO,ZERO,False,False,False,False,False,HIGH,NORMAL,LOW,HIGH,NORMAL,HIGH,HIGH,HIGH,HIGH,HIGH,False,HIGH,NORMAL,NORMAL
HIGH,NORMAL,ZERO,False,False,False,False,False,NORMAL,NORMAL,LOW,LOW,NORMAL,HIGH,ZERO,HIGH,HIGH,NORMAL,False,ZERO,HIGH,LOW
HIGH,NORMAL,LOW,False,False,False,False,False,NORMAL,NORMAL,ZERO,HIGH,NORMAL,HIGH,ZERO,HIGH,HIGH,NORMAL,False,HIGH,NORMAL,LOW
HIGH,NORMAL,LOW,False,False,False,False,False,NORMAL,ESOPHAGEAL,LOW,LOW,NORMAL,HIGH,LOW,HIGH,HIGH,NORMAL,False,LOW,NORMAL,HIGH
HIGH,NORMAL,LOW,False,False,False,False,True,LOW,NORMAL,HIGH,LOW,NORMAL,LOW,ZERO,HIGH,HIGH,LOW,False,ZERO,HIGH,LOW
LOW,NORMAL,LOW,False,False,True,False,False,NORMAL,NORMAL,LOW,LOW,NORMAL,NORMAL,ZERO,NORMAL,HIGH,NORMAL,False,ZERO,NORMAL,LOW
HIGH,NORMAL,ZERO,False,False,False,False,False,NORMAL,NORMAL,ZERO,HIGH,LOW,HIGH,LOW,HIGH,HIGH,NORMAL,False,HIGH,NORMAL,LOW
NORMAL,NORMAL,LOW,False,False,False,True,False,HIGH,NORMAL,LOW,LOW,NORMAL,LOW,ZERO,HIGH,HIGH,HIGH,False,ZERO,NORMAL,NORMAL
HIGH,HIGH,HIGH,False,False,False,False,False,HIGH,NORMAL,LOW,HIGH,NORMAL,NORMAL,HIGH,HIGH,HIGH,HIGH,False,HIGH,NORMAL,LOW
HIGH,NORMAL,LOW,False,False,False,False,False,NORMAL,NORMAL,LOW,LOW,NORMAL,HIGH,ZERO,HIGH,HIGH,HIGH,False,ZERO,NORMAL,LOW
HIGH,NORMAL,LOW,False,False,False,False,False,NORMAL,NORMAL,LOW,LOW,NORMAL,HIGH,ZERO,HIGH,HIGH,NORMAL,False,ZERO,NORMAL,LOW
HIGH,NORMAL,LOW,False,False,False,True,False,NORMAL,NORMAL,LOW,LOW,NORMAL,HIGH,ZERO,HIGH,HIGH,NORMAL,False,ZERO,NORMAL,NORMAL
HIGH,NORMAL,LOW,False,False,False,False,False,NORMAL,NORMAL,NORMAL,LOW,NORMAL,HIGH,ZERO,HIGH,HIGH,NORMAL,False,ZERO,NORMAL,NORMAL
HIGH,NORMAL,LOW,False,False,False,False,True,HIGH,NORMAL,HIGH,LOW,NORMAL,LOW,ZERO,HIGH,NORMAL,HIGH,False,ZERO,NORMAL,NORMAL
HIGH,NORMAL,LOW,False,False,False,False,False,NORMAL,NORMAL,LOW,LOW,NORMAL,HIGH,ZERO,HIGH,HIGH,NORMAL,False,ZERO,HIGH,HIGH
HIGH,NORMAL,LOW,False,False,False,False,False,NORMAL,ESOPHAGEAL,HIGH,LOW,NORMAL,HIGH,ZERO,HIGH,HIGH,NORMAL,False,ZERO,NORMAL,NORMAL
HIGH,NORMAL,LOW,False,False,False,False,False,NORMAL,NORMAL,LOW,LOW,LOW,HIGH,ZERO,HIGH,HIGH,NORMAL,True,ZERO,NORMAL,LOW
HIGH,NORMAL,LOW,False,False,False,False,False,NORMAL,NORMAL,LOW,LOW,NORMAL,HIGH,ZERO,HIGH,HIGH,NORMAL,False,ZERO,NORMAL,LOW
HIGH,NORMAL,LOW,False,False,False,False,False,NORMAL,NORMAL,LOW,LOW,LOW,HIGH,ZERO,HIGH,HIGH,NORMAL,False,ZERO,NORMAL,LOW
HIGH,LOW,ZERO,False,False,False,False,False,NORMAL,NORMAL,LOW,LOW,NORMAL,HIGH,ZERO,HIGH,HIGH,NORMAL,False,ZERO,NORMAL,HIGH
HIGH,NORMAL,LOW,False,False,False,False,False,HIGH,NORMAL,LOW,LOW,NORMAL,NORMAL,ZERO,HIGH,HIGH,HIGH,False,ZERO,NORMAL,LOW
HIGH,NORMAL,LOW,False,False,False,False,False,LOW,NORMAL,LOW,LOW,NORMAL,HIGH,ZERO,HIGH,HIGH,LOW,False,ZERO,NORMAL,HIGH
HIGH,NORMAL,LOW,False,False,False,False,False,HIGH,NORMAL,LOW,LOW,NORMAL,HIGH,ZERO,HIGH,HIGH,HIGH,False,ZERO,NORMAL,LOW
HIGH,NORMAL,LOW,False,False,True,False,True,LOW,NORMAL,LOW,LOW,NORMAL,LOW,ZERO,NORMAL,NORMAL,LOW,False,ZERO,NORMAL,NORMAL
LOW,NORMAL,ZERO,False,False,False,False,False,NORMAL,NORMAL,LOW,HIGH,NORMAL,NORMAL,HIGH,LOW,LOW,NORMAL,False,HIGH,NORMAL,HIGH
HIGH,HIGH,HIGH,False,False,False,False,False,NORMAL,NORMAL,LOW,HIGH,NORMAL,NORMAL,LOW,HIGH,HIGH,NORMAL,False,HIGH,NORMAL,NORMAL
HIGH,NORMAL,LOW,False,False,False,False,False,NORMAL,NORMAL,LOW,LOW,NORMAL,LOW,ZERO,HIGH,HIGH,NORMAL,False,ZERO,NORMAL,LOW
HIGH,NORMAL,LOW,False,False,False,False,False,HIGH,NORMAL,LOW,LOW,NORMAL,HIGH,ZERO,HIGH,HIGH,HIGH,False,ZERO,NORMAL,HIGH
LOW,NORMAL,LOW,False,False,False,False,False,NORMAL,NORMAL,LOW,LOW,NORMAL,NORMAL,ZERO,LOW,LOW,NORMAL,False,ZERO,NORMAL,HIGH
HIGH,NORMAL,LOW,False,False,False,False,False,NORMAL,ONESIDED,NORMAL,LOW,NORMAL,HIGH,LOW,HIGH,HIGH,NORMAL,False,LOW,NORMAL,NORMAL
HIGH,NORMAL,LOW,False,False,True,True,False,HIGH,NORMAL,LOW,LOW,NORMAL,HIGH,ZERO,NORMAL,NORMAL,HIGH,False,ZERO,NORMAL,HIGH
HIGH,NORMAL,LOW,False,False,False,False,False,NORMAL,NORMAL,LOW,LOW,NORMAL,HIGH,ZERO,HIGH,HIGH,NORMAL,False,ZERO,NORMAL,NORMAL
HIGH,NORMAL,LOW,False,False,False,False,False,NORMAL,NORMAL,LOW,LOW,NORMAL,HIGH,ZERO,HIGH,HIGH,NORMAL,False,ZERO,NORMAL,HIGH
HIGH,NORMAL,LOW,False,False,True,True,False,NORMAL,ESOPHAGEAL,NORMAL,LOW,NORMAL,LOW,ZERO,NORMAL,NORMAL,NORMAL,False,ZERO,NORMAL,NORMAL
HIGH,ZERO,ZERO,False,False,False,False,False,NORMAL,NORMAL,LOW,HIGH,NORMAL,HIGH,HIGH,HIGH,HIGH,NORMAL,False,HIGH,NORMAL,HIGH
NORMAL,NORMAL,LOW,False,False,True,False,False,NORMAL,NORMAL,LOW,LOW,NORMAL,HIGH,ZERO,NORMAL,NORMAL,NORMAL,False,ZERO,NORMAL,LOW
LOW,LOW,ZERO,False,False,False,False,False,NORMAL,NORMAL,LOW,HIGH,NORMAL,NORMAL,HIGH,LOW,LOW,NORMAL,False,HIGH,NORMAL,NORMAL
HIGH,ZERO,ZERO,False,False,False,False,True,LOW,ONESIDED,LOW,NORMAL,NORMAL,LOW,NORMAL,HIGH,HIGH,LOW,False,NORMAL,HIGH,LOW
HIGH,NORMAL,LOW,False,False,False,False,False,HIGH,ESOPHAGEAL,LOW,LOW,NORMAL,LOW,LOW,HIGH,HIGH,HIGH,False,LOW,NORMAL,HIGH
LOW,ZERO,ZERO,False,False,False,False,False,NORMAL,NORMAL,ZERO,HIGH,NORMAL,NORMAL,HIGH,LOW,LOW,NORMAL,False,HIGH,NORMAL,HIGH
HIGH,NORMAL,LOW,False,False,False,False,False,NORMAL,NORMAL,LOW,LOW,NORMAL,HIGH,ZERO,HIGH,HIGH,NORMAL,False,ZERO,NORMAL,NORMAL
HIGH,NORMAL,LOW,False,False,False,True,False,NORMAL,NORMAL,LOW,LOW,NORMAL,HIGH,ZERO,HIGH,HIGH,NORMAL,False,ZERO,NORMAL,LOW
HIGH,ZERO,ZERO,False,False,False,True,False,NORMAL,NORMAL,LOW,LOW,NORMAL,HIGH,ZERO,HIGH,HIGH,NORMAL,False,ZERO,NORMAL,HIGH
HIGH,NORMAL,LOW,False,False,False,False,False,NORMAL,NORMAL,LOW,LOW,NORMAL,HIGH,ZERO,HIGH,HIGH,NORMAL,False,ZERO,NORMAL,NORMAL
HIGH,NORMAL,ZERO,False,False,False,False,False,HIGH,NORMAL,LOW,HIGH,NORMAL,LOW,HIGH,HIGH,HIGH,HIGH,False,HIGH,NORMAL,LOW
HIGH,NORMAL,ZERO,False,False,True,False,False,HIGH,NORMAL,LOW,LOW,NORMAL,HIGH,ZERO,NORMAL,NORMAL,LOW,False,ZERO,NORMAL,HIGH
HIGH,NORMAL,LOW,False,False,False,False,False,NORMAL,NORMAL,LOW,LOW,NORMAL,HIGH,ZERO,HIGH,HIGH,NORMAL,False,ZERO,NORMAL,LOW
HIGH,NORMAL,LOW,False,False,False,False,False,NORMAL,NORMAL,LOW,LOW,NORMAL,HIGH,ZERO,HIGH,HIGH,NORMAL,False,ZERO,NORMAL,HIGH
LOW,ZERO,ZERO,False,False,False,False,True,LOW,NORMAL,ZERO,HIGH,NORMAL,LOW,HIGH,LOW,LOW,LOW,False,HIGH,NORMAL,NORMAL
HIGH,NORMAL,ZERO,False,False,False,False,False,NORMAL,NORMAL,LOW,HIGH,HIGH,HIGH,HIGH,HIGH,HIGH,NORMAL,False,HIGH,NORMAL,NORMAL
HIGH,NORMAL,LOW,False,False,False,False,False,HIGH,NORMAL,LOW,LOW,NORMAL,LOW,ZERO,HIGH,HIGH,HIGH,False,ZERO,NORMAL,NORMAL
LOW,NORMAL,LOW,False,False,False,False,False,HIGH,NORMAL,LOW,LOW,NORMAL,LOW,ZERO,LOW,LOW,HIGH,False,ZERO,NORMAL,LOW
LOW,LOW,ZERO,False,False,False,False,False,NORMAL,NORMAL,LOW,HIGH,NORMAL,NORMAL,HIGH,LOW,LOW,NORMAL,False,HIGH,NORMAL,HIGH
LOW,LOW,ZERO,False,False,True,True,False,NORMAL,NORMAL,NORMAL,HIGH,NORMAL,NORMAL,HIGH,HIGH,NORMAL,LOW,False,HIGH,NORMAL,HIGH
LOW,NORMAL,LOW,False,False,False,False,True,LOW,NORMAL,LOW,LOW,NORMAL,LOW,ZERO,LOW,LOW,LOW,False,ZERO,NORMAL,NORMAL
HIGH,NORMAL,LOW,False,True,False,False,False,NORMAL,NORMAL,LOW,LOW,HIGH,HIGH,ZERO,HIGH,HIGH,NORMAL,False,ZERO,HIGH,HIGH
HIGH,NORMAL,LOW,False,True,True,False,False,NORMAL,ESOPHAGEAL,LOW,LOW,NORMAL,HIGH,LOW,NORMAL,NORMAL,NORMAL,False,LOW,HIGH,NORMAL
LOW,NORMAL,LOW,False,False,False,False,False,HIGH,NORMAL,LOW,LOW,NORMAL,LOW,ZERO,LOW,LOW,HIGH,True,ZERO,HIGH,LOW
HIGH,NORMAL,LOW,False,False,False,False,False,NORMAL,NORMAL,LOW,LOW,HIGH,HIGH,HIGH,HIGH,HIGH,NORMAL,False,ZERO,NORMAL,LOW
LOW,NORMAL,LOW,False,False,False,False,False,NORMAL,NORMAL,LOW,LOW,NORMAL,NORMAL,ZERO,LOW,LOW,NORMAL,False,ZERO,NORMAL,NORMAL
HIGH,NORMAL,LOW,False,False,False,False,False,HIGH,NORMAL,LOW,LOW,NORMAL,HIGH,ZERO,HIGH,HIGH,HIGH,False,ZERO,NORMAL,NORMAL
HIGH,HIGH,HIGH,False,False,False,False,False,NORMAL,NORMAL,LOW,HIGH,NORMAL,HIGH,HIGH,HIGH,HIGH,NORMAL,False,HIGH,NORMAL,NORMAL
NORMAL,ZERO,ZERO,False,False,False,False,False,NORMAL,NORMAL,LOW,HIGH,NORMAL,HIGH,HIGH,HIGH,HIGH,NORMAL,False,HIGH,HIGH,NORMAL
HIGH,NORMAL,LOW,False,False,False,False,False,NORMAL,NORMAL,LOW,LOW,NORMAL,HIGH,ZERO,HIGH,HIGH,NORMAL,False,ZERO,NORMAL,HIGH
HIGH,NORMAL,ZERO,False,False,False,False,False,NORMAL,NORMAL,HIGH,LOW,NORMAL,HIGH,LOW,HIGH,HIGH,NORMAL,False,LOW,NORMAL,NORMAL
HIGH,NORMAL,LOW,False,False,True,False,False,HIGH,NORMAL,LOW,LOW,NORMAL,HIGH,ZERO,NORMAL,NORMAL,HIGH,False,ZERO,NORMAL,LOW
HIGH,NORMAL,LOW,False,False,False,False,False,NORMAL,NORMAL,LOW,LOW,NORMAL,HIGH,ZERO,HIGH,HIGH,NORMAL,False,ZERO,NORMAL,NORMAL
HIGH,NORMAL,LOW,False,False,False,False,False,NORMAL,NORMAL,ZERO,HIGH,NORMAL,HIGH,ZERO,HIGH,HIGH,NORMAL,False,HIGH,NORMAL,NORMAL
HIGH,NORMAL,LOW,False,False,False,True,False,NORMAL,NORMAL,LOW,LOW,NORMAL,HIGH,ZERO,HIGH,NORMAL,NORMAL,False,ZERO,NORMAL,HIGH
HIGH,NORMAL,LOW,False,False,False,False,False,NORMAL,NORMAL,LOW,LOW,NORMAL,HIGH,ZERO,HIGH,HIGH,NORMAL,False,ZERO,NORMAL,HIGH
HIGH,NORMAL,LOW,False,False,True,False,False,HIGH,NORMAL,LOW,LOW,NORMAL,LOW,ZERO,NORMAL,NORMAL,NORMAL,False,ZERO,NORMAL,NORMAL
LOW,NORMAL,ZERO,False,False,False,False,False,NORMAL,NORMAL,ZERO,HIGH,NORMAL,NORMAL,NORMAL,LOW,LOW,NORMAL,False,HIGH,NORMAL,HIGH
HIGH,NORMAL,LOW,False,False,False,False,False,NORMAL,NORMAL,LOW,LOW,NORMAL,HIGH,ZERO,HIGH,HIGH,NORMAL,False,ZERO,NORMAL,NORMAL
LOW,HIGH,HIGH,False,False,False,False,False,NORMAL,NORMAL,LOW,HIGH,LOW,NORMAL,HIGH,LOW,LOW,NORMAL,False,HIGH,NORMAL,HIGH
HIGH,HIGH,NORMAL,False,False,False,False,False,HIGH,NORMAL,HIGH,LOW,NORMAL,HIGH,LOW,HIGH,HIGH,HIGH,False,LOW,NORMAL,HIGH
HIGH,NORMAL,LOW,False,False,False,False,False,HIGH,NORMAL,LOW,LOW,NORMAL,LOW,ZERO,HIGH,HIGH,HIGH,False,ZERO,NORMAL,LOW
HIGH,NORMAL,LOW,False,False,False,False,False,HIGH,NORMAL,LOW,LOW,NORMAL,HIGH,ZERO,HIGH,HIGH,HIGH,False,ZERO,NORMAL,HIGH
HIGH,NORMAL,LOW,False,False,True,True,False,NORMAL,ESOPHAGEAL,NORMAL,LOW,NORMAL,HIGH,ZERO,NORMAL,NORMAL,NORMAL,False,ZERO,NORMAL,NORMAL
HIGH,NORMAL,LOW,False,False,False,False,False,NORMAL,NORMAL,LOW,LOW,NORMAL,HIGH,ZERO,HIGH,HIGH,NORMAL,False,ZERO,NORMAL,NORMAL
HIGH,NORMAL,LOW,False,False,False,False,False,NORMAL,NORMAL,LOW,LOW,NORMAL,HIGH,ZERO,HIGH,HIGH,NORMAL,False,ZERO,NORMAL,NORMAL
HIGH,NORMAL,LOW,False,False,False,False,False,NORMAL,NORMAL,ZERO,LOW,NORMAL,HIGH,ZERO,HIGH,HIGH,NORMAL,False,ZERO,NORMAL,LOW
HIGH,NORMAL,LOW,False,False,False,True,False,NORMAL,NORMAL,LOW,LOW,NORMAL,HIGH,ZERO,HIGH,HIGH,NORMAL,False,ZERO,HIGH,NORMAL
HIGH,NORMAL,LOW,False,False,False,False,False,NORMAL,ESOPHAGEAL,NORMAL,LOW,NORMAL,HIGH,ZERO,HIGH,HIGH,NORMAL,False,ZERO,NORMAL,LOW
HIGH,NORMAL,ZERO,False,False,False,False,False,NORMAL,NORMAL,LOW,HIGH,NORMAL,HIGH,HIGH,HIGH,HIGH,NORMAL,False,HIGH,NORMAL,LOW
LOW,NORMAL,LOW,False,False,False,False,False,HIGH,NORMAL,LOW,LOW,NORMAL,LOW,ZERO,LOW,LOW,HIGH,False,ZERO,HIGH,LOW
HIGH,ZERO,ZERO,False,False,False,False,False,NORMAL,NORMAL,LOW,NORMAL,NORMAL,HIGH,HIGH,HIGH,HIGH,NORMAL,False,HIGH,NORMAL,LOW
HIGH,NORMAL,ZERO,False,False,True,False,False,NORMAL,NORMAL,LOW,LOW,NORMAL,HIGH,ZERO,NORMAL,NORMAL,NORMAL,False,ZERO,NORMAL,NORMAL
HIGH,NORMAL,LOW,False,False,False,False,False,NORMAL,NORMAL,LOW,LOW,NORMAL,HIGH,NORMAL,HIGH,HIGH,NORMAL,False,ZERO,NORMAL,NORMAL
HIGH,HIGH,HIGH,False,False,False,False,False,NORMAL,NORMAL,LOW,HIGH,NORMAL,HIGH,HIGH,HIGH,HIGH,NORMAL,False,HIGH,NORMAL,LOW
NORMAL,NORMAL,HIGH,False,False,True,False,False,HIGH,NORMAL,LOW,HIGH,NORMAL,HIGH,HIGH,NORMAL,NORMAL,HIGH,False,HIGH,NORMAL,NORMAL
NORMAL,NORMAL,LOW,False,False,False,False,False,NORMAL,ONESIDED,LOW,LOW,NORMAL,HIGH,NORMAL,HIGH,HIGH,NORMAL,False,NORMAL,HIGH,NORMAL
HIGH,NORMAL,LOW,False,False,False,False,False,NORMAL,NORMAL,LOW,LOW,NORMAL,HIGH,ZERO,HIGH,HIGH,NORMAL,False,ZERO,NORMAL,NORMAL
HIGH,NORMAL,LOW,False,False,False,False,False,HIGH,NORMAL,LOW,LOW,NORMAL,HIGH,ZERO,HIGH,HIGH,HIGH,False,ZERO,NORMAL,NORMAL
HIGH,NORMAL,LOW,False,False,False,False,False,NORMAL,NORMAL,LOW,LOW,NORMAL,HIGH,ZERO,HIGH,HIGH,NORMAL,False,ZERO,NORMAL,NORMAL
HIGH,NORMAL,LOW,False,False,False,False,False,NORMAL,NORMAL,LOW,LOW,NORMAL,HIGH,ZERO,HIGH,HIGH,NORMAL,False,ZERO,NORMAL,HIGH
HIGH,NORMAL,LOW,False,False,False,False,False,HIGH,NORMAL,LOW,LOW,NORMAL,HIGH,ZERO,HIGH,HIGH,HIGH,False,ZERO,NORMAL,HIGH
NORMAL,NORMAL,LOW,False,False,False,False,False,NORMAL,NORMAL,LOW,LOW,NORMAL,HIGH,ZERO,HIGH,HIGH,NORMAL,False,ZERO,NORMAL,HIGH
HIGH,NORMAL,LOW,False,False,False,False,False,NORMAL,NORMAL,LOW,LOW,NORMAL,HIGH,NORMAL,HIGH,LOW,NORMAL,False,ZERO,HIGH,NORMAL
HIGH,NORMAL,ZERO,False,False,False,True,False,NORMAL,NORMAL,LOW,HIGH,NORMAL,HIGH,HIGH,HIGH,HIGH,NORMAL,False,HIGH,NORMAL,HIGH
LOW,ZERO,ZERO,False,False,False,False,False,NORMAL,NORMAL,LOW,HIGH,NORMAL,NORMAL,HIGH,LOW,LOW,NORMAL,False,HIGH,NORMAL,HIGH
HIGH,NORMAL,LOW,False,False,True,False,False,NORMAL,NORMAL,LOW,HIGH,NORMAL,HIGH,HIGH,NORMAL,NORMAL,NORMAL,False,HIGH,NORMAL,HIGH
HIGH,LOW,ZERO,False,False,False,False,False,NORMAL,NORMAL,LOW,HIGH,LOW,HIGH,HIGH,HIGH,HIGH,NORMAL,False,HIGH,NORMAL,LOW
HIGH,NORMAL,LOW,False,False,False,False,False,NORMAL,NORMAL,LOW,LOW,NORMAL,HIGH,ZERO,HIGH,NORMAL,NORMAL,False,ZERO,NORMAL,NORMAL
HIGH,NORMAL,LOW,False,False,False,False,False,NORMAL,NORMAL,LOW,LOW,HIGH,HIGH,ZERO,HIGH,HIGH,NORMAL,False,ZERO,HIGH,HIGH
HIGH,NORMAL,LOW,False,False,False,True,False,HIGH,NORMAL,LOW,LOW,HIGH,LOW,ZERO,HIGH,HIGH,HIGH,False,ZERO,NORMAL,NORMAL
LOW,NORMAL,LOW,False,False,False,False,False,NORMAL,NORMAL,LOW,LOW,NORMAL,NORMAL,ZERO,LOW,LOW,NORMAL,False,ZERO,NORMAL,HIGH
HIGH,NORMAL,LOW,False,False,False,False,False,NORMAL,NORMAL,LOW,LOW,NORMAL,HIGH,ZERO,HIGH,HIGH,NORMAL,False,ZERO,NORMAL,LOW
HIGH,NORMAL,LOW,False,False,False,False,False,NORMAL,NORMAL,LOW,LOW,NORMAL,HIGH,ZERO,HIGH,HIGH,NORMAL,False,ZERO,NORMAL,LOW
HIGH,NORMAL,NORMAL,False,False,False,False,False,NORMAL,NORMAL,HIGH,LOW,NORMAL,HIGH,LOW,HIGH,HIGH,NORMAL,False,LOW,NORMAL,NORMAL
HIGH,NORMAL,LOW,False,False,False,False,False,NORMAL,NORMAL,LOW,LOW,NORMAL,HIGH,ZERO,HIGH,HIGH,NORMAL,False,ZERO,NORMAL,LOW
HIGH,NORMAL,LOW,False,False,False,False,False,NORMAL,NORMAL,LOW,LOW,NORMAL,HIGH,ZERO,HIGH,HIGH,NORMAL,False,ZERO,NORMAL,HIGH
LOW,NORMAL,LOW,False,False,False,False,False,NORMAL,NORMAL,LOW,LOW,NORMAL,NORMAL,ZERO,LOW,LOW,NORMAL,False,ZERO,NORMAL,LOW
LOW,NORMAL,LOW,False,False,False,False,False,NORMAL,NORMAL,ZERO,LOW,NORMAL,NORMAL,LOW,LOW,LOW,NORMAL,False,LOW,NORMAL,HIGH
HIGH,NORMAL,ZERO,False,False,False,False,False,NORMAL,NORMAL,LOW,LOW,NORMAL,HIGH,ZERO,HIGH,HIGH,NORMAL,False,ZERO,NORMAL,LOW
LOW,NORMAL,LOW,False,False,False,False,False,HIGH,ONESIDED,LOW,LOW,NORMAL,NORMAL,NORMAL,LOW,LOW,HIGH,False,NORMAL,HIGH,LOW
LOW,NORMAL,LOW,False,False,False,False,False,NORMAL,NORMAL,LOW,LOW,NORMAL,NORMAL,ZERO,LOW,LOW,NORMAL,False,ZERO,NORMAL,NORMAL
NORMAL,ZERO,ZERO,False,False,False,True,False,NORMAL,NORMAL,LOW,HIGH,NORMAL,NORMAL,HIGH,LOW,LOW,NORMAL,False,HIGH,NORMAL,HIGH
HIGH,NORMAL,LOW,False,False,False,False,False,NORMAL,NORMAL,LOW,LOW,NORMAL,HIGH,NORMAL,HIGH,HIGH,NORMAL,False,ZERO,NORMAL,LOW
HIGH,NORMAL,LOW,False,False,False,False,False,NORMAL,NORMAL,LOW,LOW,NORMAL,HIGH,ZERO,HIGH,HIGH,NORMAL,False,ZERO,HIGH,LOW
HIGH,NORMAL,LOW,False,False,False,True,False,NORMAL,NORMAL,LOW,LOW,NORMAL,LOW,ZERO,HIGH,HIGH,NORMAL,False,ZERO,NORMAL,HIGH
HIGH,NORMAL,LOW,False,False,False,False,False,NORMAL,NORMAL,LOW,LOW,NORMAL,HIGH,ZERO,HIGH,HIGH,NORMAL,False,ZERO,NORMAL,HIGH
LOW,NORMAL,LOW,False,False,False,False,False,HIGH,NORMAL,LOW,LOW,NORMAL,LOW,ZERO,LOW,LOW,HIGH,False,ZERO,NORMAL,NORMAL
HIGH,ZERO,ZERO,False,False,False,False,False,NORMAL,ESOPHAGEAL,ZERO,LOW,NORMAL,HIGH,LOW,HIGH,HIGH,NORMAL,False,LOW,NORMAL,LOW
HIGH,NORMAL,LOW,False,False,False,False,False,NORMAL,NORMAL,LOW,LOW,NORMAL,HIGH,ZERO,HIGH,HIGH,NORMAL,False,ZERO,NORMAL,HIGH
LOW,NORMAL,ZERO,False,False,False,False,False,NORMAL,NORMAL,LOW,NORMAL,NORMAL,NORMAL,HIGH,NORMAL,LOW,NORMAL,False,HIGH,NORMAL,HIGH
HIGH,NORMAL,LOW,False,False,False,False,False,LOW,NORMAL,LOW,LOW,NORMAL,HIGH,ZERO,HIGH,HIGH,LOW,False,ZERO,NORMAL,HIGH
HIGH,NORMAL,LOW,False,False,False,False,False,NORMAL,NORMAL,LOW,LOW,NORMAL,HIGH,ZERO,HIGH,HIGH,NORMAL,False,ZERO,NORMAL,LOW
HIGH,NORMAL,LOW,False,False,False,True,False,NORMAL,NORMAL,LOW,LOW,LOW,HIGH,ZERO,HIGH,HIGH,NORMAL,False,ZERO,NORMAL,NORMAL
HIGH,NORMAL,LOW,False,False,False,True,False,HIGH,ESOPHAGEAL,NORMAL,LOW,NORMAL,HIGH,ZERO,HIGH,HIGH,HIGH,False,ZERO,NORMAL,LOW
LOW,NORMAL,LOW,False,False,False,False,False,HIGH,NORMAL,LOW,LOW,NORMAL,NORMAL,ZERO,LOW,LOW,HIGH,False,ZERO,HIGH,LOW
HIGH,ZERO,ZERO,False,False,False,True,False,NORMAL,NORMAL,LOW,LOW,NORMAL,HIGH,ZERO,HIGH,HIGH,NORMAL,False,ZERO,NORMAL,NORMAL
HIGH,NORMAL,LOW,False,False,False,False,False,NORMAL,NORMAL,LOW,LOW,NORMAL,HIGH,ZERO,HIGH,HIGH,NORMAL,False,ZERO,NORMAL,NORMAL
HIGH,NORMAL,LOW,False,False,True,False,False,NORMAL,NORMAL,LOW,LOW,NORMAL,HIGH,ZERO,NORMAL,NORMAL,NORMAL,False,ZERO,NORMAL,LOW
HIGH,ZERO,ZERO,False,False,True,False,False,NORMAL,NORMAL,LOW,LOW,NORMAL,HIGH,ZERO,NORMAL,NORMAL,NORMAL,False,ZERO,HIGH,NORMAL
HIGH,NORMAL,LOW,False,False,False,True,False,NORMAL,NORMAL,LOW,LOW,NORMAL,HIGH,ZERO,HIGH,HIGH,NORMAL,False,ZERO,NORMAL,NORMAL
HIGH,ZERO,ZERO,False,False,False,False,False,HIGH,NORMAL,LOW,HIGH,NORMAL,LOW,HIGH,LOW,LOW,HIGH,False,HIGH,NORMAL,NORMAL
LOW,LOW,ZERO,False,False,False,False,False,NORMAL,NORMAL,LOW,HIGH,NORMAL,NORMAL,HIGH,LOW,LOW,NORMAL,False,HIGH,NORMAL,HIGH
HIGH,NORMAL,LOW,False,False,False,False,False,HIGH,NORMAL,LOW,LOW,NORMAL,NORMAL,ZERO,HIGH,HIGH,HIGH,False,ZERO,NORMAL,LOW
NORMAL,ZERO,ZERO,False,False,False,False,False,NORMAL,NORMAL,LOW,LOW,NORMAL,HIGH,ZERO,HIGH,HIGH,NORMAL,False,ZERO,NORMAL,NORMAL
HIGH,ZERO,ZERO,False,False,False,False,False,LOW,NORMAL,NORMAL,LOW,NORMAL,HIGH,HIGH,HIGH,HIGH,LOW,False,LOW,NORMAL,HIGH
LOW,NORMAL,LOW,False,False,False,False,False,NORMAL,NORMAL,LOW,LOW,NORMAL,NORMAL,ZERO,LOW,LOW,LOW,False,ZERO,NORMAL,HIGH
HIGH,NORMAL,LOW,False,False,False,False,False,NORMAL,NORMAL,LOW,LOW,NORMAL,HIGH,ZERO,HIGH,HIGH,NORMAL,False,ZERO,NORMAL,NORMAL
HIGH,NORMAL,LOW,False,False,False,False,False,NORMAL,ONESIDED,NORMAL,LOW,NORMAL,HIGH,ZERO,HIGH,HIGH,NORMAL,False,LOW,HIGH,LOW
HIGH,NORMAL,LOW,False,False,False,False,False,NORMAL,NORMAL,LOW,LOW,NORMAL,LOW,ZERO,HIGH,HIGH,NORMAL,False,ZERO,NORMAL,HIGH
HIGH,NORMAL,LOW,False,False,False,False,False,NORMAL,NORMAL,LOW,LOW,NORMAL,HIGH,ZERO,HIGH,HIGH,NORMAL,False,ZERO,NORMAL,HIGH
HIGH,NORMAL,LOW,False,False,False,False,False,NORMAL,NORMAL,LOW,HIGH,NORMAL,LOW,HIGH,HIGH,HIGH,NORMAL,False,HIGH,NORMAL,LOW
HIGH,NORMAL,LOW,False,False,False,False,False,NORMAL,NORMAL,LOW,LOW,NORMAL,HIGH,ZERO,HIGH,HIGH,NORMAL,False,ZERO,NORMAL,NORMAL
LOW,NORMAL,HIGH,False,False,False,False,False,NORMAL,NORMAL,LOW,HIGH,NORMAL,NORMAL,HIGH,LOW,LOW,LOW,False,HIGH,NORMAL,HIGH
HIGH,NORMAL,LOW,False,False,False,False,False,NORMAL,NORMAL,LOW,NORMAL,NORMAL,HIGH,ZERO,HIGH,HIGH,NORMAL,False,ZERO,NORMAL,HIGH
HIGH,NORMAL,LOW,False,False,False,True,False,NORMAL,NORMAL,LOW,LOW,NORMAL,HIGH,ZERO,HIGH,HIGH,NORMAL,False,ZERO,NORMAL,NORMAL
HIGH,NORMAL,LOW,False,False,False,False,False,NORMAL,NORMAL,LOW,LOW,NORMAL,HIGH,ZERO,HIGH,HIGH,NORMAL,False,ZERO,NORMAL,LOW
HIGH,NORMAL,LOW,False,False,False,False,False,NORMAL,NORMAL,LOW,LOW,HIGH,NORMAL,ZERO,HIGH,HIGH,NORMAL,False,ZERO,NORMAL,HIGH
HIGH,NORMAL,LOW,False,False,True,True,False,NORMAL,NORMAL,LOW,LOW,NORMAL,HIGH,ZERO,NORMAL,NORMAL,NORMAL,False,ZERO,NORMAL,LOW
HIGH,NORMAL,LOW,False,False,False,False,False,NORMAL,NORMAL,ZERO,LOW,NORMAL,HIGH,ZERO,HIGH,HIGH,NORMAL,False,NORMAL,NORMAL,NORMAL
HIGH,NORMAL,LOW,False,False,False,False,False,HIGH,NORMAL,LOW,LOW,NORMAL,HIGH,ZERO,HIGH,HIGH,LOW,False,ZERO,NORMAL,LOW
HIGH,NORMAL,LOW,False,False,True,False,False,NORMAL,NORMAL,LOW,LOW,NORMAL,HIGH,ZERO,NORMAL,NORMAL,NORMAL,False,ZERO,NORMAL,LOW
HIGH,NORMAL,LOW,False,False,False,False,False,LOW,NORMAL,LOW,LOW,HIGH,HIGH,ZERO,HIGH,HIGH,LOW,False,ZERO,NORMAL,HIGH
HIGH,HIGH,HIGH,False,False,False,False,False,NORMAL,NORMAL,LOW,HIGH,NORMAL,HIGH,HIGH,HIGH,HIGH,NORMAL,False,HIGH,NORMAL,NORMAL
HIGH,NORMAL,LOW,False,False,False,False,False,HIGH,NORMAL,LOW,LOW,NORMAL,HIGH,ZERO,HIGH,HIGH,HIGH,False,ZERO,NORMAL,NORMAL
HIGH,NORMAL,LOW,False,False,False,False,False,NORMAL,NORMAL,LOW,LOW,NORMAL,HIGH,ZERO,HIGH,NORMAL,NORMAL,False,ZERO,NORMAL,NORMAL
HIGH,NORMAL,LOW,False,False,False,False,False,NORMAL,NORMAL,LOW,LOW,NORMAL,HIGH,ZERO,HIGH,HIGH,NORMAL,False,ZERO,NORMAL,NORMAL
LOW,NORMAL,LOW,False,False,True,False,False,NORMAL,NORMAL,LOW,HIGH,LOW,NORMAL,HIGH,HIGH,HIGH,NORMAL,False,HIGH,NORMAL,HIGH
HIGH,NORMAL,LOW,False,False,False,False,False,NORMAL,NORMAL,LOW,LOW,LOW,HIGH,ZERO,HIGH,HIGH,NORMAL,False,ZERO,NORMAL,LOW
HIGH,NORMAL,LOW,False,False,False,False,False,NORMAL,NORMAL,LOW,LOW,NORMAL,HIGH,ZERO,HIGH,HIGH,NORMAL,False,ZERO,NORMAL,LOW
HIGH,NORMAL,LOW,False,False,False,False,False,NORMAL,NORMAL,LOW,LOW,NORMAL,HIGH,ZERO,HIGH,HIGH,NORMAL,False,ZERO,NORMAL,NORMAL
LOW,HIGH,HIGH,False,False,False,False,False,HIGH,NORMAL,LOW,HIGH,NORMAL,LOW,HIGH,LOW,LOW,HIGH,False,HIGH,NORMAL,HIGH
HIGH,NORMAL,LOW,False,False,False,False,False,NORMAL,NORMAL,LOW,LOW,NORMAL,HIGH,ZERO,HIGH,HIGH,NORMAL,False,ZERO,NORMAL,HIGH
HIGH,NORMAL,LOW,False,False,False,False,False,HIGH,NORMAL,ZERO,LOW,HIGH,HIGH,ZERO,HIGH,HIGH,HIGH,False,ZERO,NORMAL,LOW
HIGH,NORMAL,LOW,False,False,False,False,False,NORMAL,NORMAL,LOW,LOW,NORMAL,HIGH,ZERO,HIGH,HIGH,NORMAL,False,ZERO,NORMAL,NORMAL
HIGH,HIGH,HIGH,False,False,False,False,False,NORMAL,NORMAL,LOW,HIGH,NORMAL,HIGH,HIGH,HIGH,HIGH,NORMAL,False,HIGH,NORMAL,NORMAL
HIGH,NORMAL,LOW,False,False,False,False,False,NORMAL,NORMAL,LOW,LOW,NORMAL,HIGH,ZERO,HIGH,HIGH,NORMAL,False,ZERO,NORMAL,HIGH
HIGH,NORMAL,LOW,False,False,False,False,False,LOW,NORMAL,LOW,HIGH,NORMAL,LOW,HIGH,HIGH,HIGH,LOW,False,HIGH,NORMAL,HIGH
HIGH,NORMAL,LOW,False,False,True,False,False,NORMAL,NORMAL,LOW,LOW,LOW,HIGH,ZERO,NORMAL,NORMAL,NORMAL,False,ZERO,NORMAL,NORMAL
HIGH,NORMAL,LOW,True,False,False,False,False,NORMAL,NORMAL,LOW,LOW,NORMAL,HIGH,ZERO,HIGH,HIGH,NORMAL,False,ZERO,NORMAL,NORMAL
HIGH,LOW,ZERO,False,False,False,False,False,NORMAL,NORMAL,LOW,HIGH,LOW,LOW,HIGH,HIGH,HIGH,NORMAL,False,HIGH,NORMAL,LOW
HIGH,NORMAL,LOW,False,False,False,False,False,NORMAL,NORMAL,LOW,LOW,NORMAL,LOW,ZERO,HIGH,HIGH,NORMAL,False,ZERO,NORMAL,NORMAL
LOW,NORMAL,LOW,False,False,False,False,False,HIGH,NORMAL,LOW,LOW,NORMAL,NORMAL,ZERO,LOW,LOW,HIGH,False,ZERO,NORMAL,HIGH
HIGH,NORMAL,LOW,False,False,False,False,False,NORMAL,NORMAL,NORMAL,LOW,NORMAL,HIGH,ZERO,HIGH,HIGH,NORMAL,False,ZERO,NORMAL,LOW
HIGH,NORMAL,LOW,False,False,False,False,False,NORMAL,NORMAL,LOW,LOW,NORMAL,HIGH,ZERO,HIGH,HIGH,NORMAL,False,ZERO,NORMAL,LOW
HIGH,NORMAL,LOW,False,False,True,False,False,HIGH,NORMAL,LOW,LOW,NORMAL,LOW,ZERO,NORMAL,NORMAL,HIGH,False,ZERO,NORMAL,LOW
HIGH,NORMAL,LOW,False,False,False,False,False,NORMAL,NORMAL,ZERO,LOW,NORMAL,HIGH,LOW,HIGH,HIGH,NORMAL,False,ZERO,NORMAL,LOW
HIGH,NORMAL,LOW,False,False,False,False,False,LOW,NORMAL,LOW,LOW,LOW,HIGH,ZERO,HIGH,NORMAL,LOW,False,ZERO,NORMAL,HIGH
HIGH,NORMAL,ZERO,False,False,False,False,False,NORMAL,NORMAL,LOW,HIGH,NORMAL,LOW,HIGH,HIGH,HIGH,NORMAL,False,HIGH,NORMAL,LOW
LOW,NORMAL,LOW,False,False,False,False,False,NORMAL,NORMAL,LOW,LOW,NORMAL,NORMAL,ZERO,LOW,LOW,NORMAL,False,ZERO,NORMAL,NORMAL
HIGH,NORMAL,LOW,False,False,False,False,False,LOW,NORMAL,LOW,LOW,NORMAL,HIGH,ZERO,HIGH,HIGH,LOW,False,ZERO,NORMAL,LOW
HIGH,LOW,ZERO,False,False,False,True,False,NORMAL,NORMAL,LOW,LOW,NORMAL,HIGH,ZERO,HIGH,HIGH,NORMAL,False,ZERO,NORMAL,LOW
HIGH,NORMAL,LOW,False,False,False,False,False,HIGH,NORMAL,NORMAL,LOW,NORMAL,LOW,ZERO,HIGH,HIGH,HIGH,False,NORMAL,NORMAL,LOW
HIGH,NORMAL,LOW,False,False,False,False,False,NORMAL,NORMAL,LOW,LOW,NORMAL,HIGH,ZERO,HIGH,HIGH,LOW,False,ZERO,NORMAL,LOW
HIGH,NORMAL,ZERO,False,False,False,False,False,HIGH,NORMAL,LOW,LOW,NORMAL,LOW,ZERO,HIGH,HIGH,HIGH,True,ZERO,NORMAL,HIGH
LOW,NORMAL,LOW,False,False,False,False,False,LOW,NORMAL,LOW,LOW,NORMAL,NORMAL,ZERO,LOW,LOW,LOW,False,ZERO,NORMAL,LOW
HIGH,NORMAL,ZERO,False,False,True,False,False,HIGH,NORMAL,LOW,HIGH,LOW,HIGH,HIGH,NORMAL,NORMAL,HIGH,False,HIGH,NORMAL,NORMAL
HIGH,ZERO,ZERO,False,False,False,False,False,HIGH,ONESIDED,LOW,LOW,NORMAL,HIGH,NORMAL,HIGH,HIGH,HIGH,False,NORMAL,HIGH,LOW
HIGH,NORMAL,LOW,False,False,False,False,False,NORMAL,ONESIDED,ZERO,LOW,NORMAL,LOW,NORMAL,HIGH,HIGH,LOW,False,NORMAL,HIGH,LOW
HIGH,NORMAL,LOW,False,False,False,False,False,HIGH,NORMAL,LOW,LOW,NORMAL,LOW,LOW,HIGH,HIGH,HIGH,False,ZERO,NORMAL,NORMAL
LOW,NORMAL,LOW,False,False,False,False,False,NORMAL,NORMAL,LOW,LOW,NORMAL,LOW,ZERO,LOW,LOW,NORMAL,False,ZERO,NORMAL,LOW
NORMAL,NORMAL,LOW,False,False,False,False,False,NORMAL,ONESIDED,NORMAL,LOW,NORMAL,HIGH,ZERO,HIGH,HIGH,LOW,False,LOW,HIGH,NORMAL
HIGH,NORMAL,ZERO,False,False,False,False,False,NORMAL,NORMAL,LOW,LOW,NORMAL,HIGH,ZERO,LOW,HIGH,NORMAL,True,ZERO,NORMAL,HIGH
LOW,NORMAL,LOW,False,False,True,False,False,NORMAL,NORMAL,LOW,LOW,NORMAL,NORMAL,ZERO,LOW,HIGH,NORMAL,False,ZERO,NORMAL,HIGH
HIGH,ZERO,ZERO,False,False,False,False,False,NORMAL,NORMAL,LOW,HIGH,NORMAL,HIGH,HIGH,HIGH,HIGH,NORMAL,False,HIGH,NORMAL,LOW
HIGH,NORMAL,LOW,False,False,False,False,False,HIGH,NORMAL,LOW,HIGH,NORMAL,NORMAL,HIGH,HIGH,HIGH,HIGH,False,HIGH,NORMAL,NORMAL
HIGH,NORMAL,LOW,False,False,False,False,False,NORMAL,ONESIDED,NORMAL,LOW,NORMAL,HIGH,LOW,HIGH,HIGH,NORMAL,False,LOW,HIGH,NORMAL
HIGH,HIGH,HIGH,False,False,True,False,False,NORMAL,NORMAL,LOW,HIGH,NORMAL,HIGH,HIGH,NORMAL,NORMAL,NORMAL,False,HIGH,NORMAL,NORMAL
HIGH,ZERO,ZERO,False,False,False,False,False,HIGH,NORMAL,LOW,LOW,NORMAL,HIGH,ZERO,HIGH,HIGH,HIGH,False,ZERO,NORMAL,NORMAL
HIGH,NORMAL,LOW,False,False,False,False,False,NORMAL,NORMAL,LOW,LOW,NORMAL,HIGH,ZERO,HIGH,HIGH,NORMAL,False,ZERO,NORMAL,HIGH
HIGH,NORMAL,LOW,False,False,False,True,False,NORMAL,NORMAL,LOW,LOW,NORMAL,HIGH,ZERO,HIGH,HIGH,LOW,False,ZERO,HIGH,NORMAL
HIGH,NORMAL,LOW,False,False,False,False,False,NORMAL,NORMAL,ZERO,LOW,NORMAL,HIGH,ZERO,HIGH,HIGH,NORMAL,False,ZERO,NORMAL,LOW
HIGH,NORMAL,LOW,False,False,False,False,False,NORMAL,ONESIDED,LOW,LOW,NORMAL,HIGH,NORMAL,HIGH,HIGH,NORMAL,False,NORMAL,HIGH,NORMAL
HIGH,ZERO,ZERO,False,False,False,False,False,NORMAL,ESOPHAGEAL,LOW,LOW,NORMAL,HIGH,LOW,HIGH,LOW,NORMAL,False,LOW,NORMAL,LOW
HIGH,NORMAL,ZERO,False,False,False,False,False,HIGH,NORMAL,LOW,LOW,NORMAL,LOW,ZERO,HIGH,HIGH,HIGH,False,ZERO,NORMAL,LOW
LOW,LOW,ZERO,False,False,False,False,False,HIGH,NORMAL,LOW,LOW,NORMAL,NORMAL,ZERO,LOW,LOW,NORMAL,False,ZERO,NORMAL,HIGH
HIGH,NORMAL,LOW,False,False,False,True,False,NORMAL,ONESIDED,NORMAL,LOW,NORMAL,HIGH,ZERO,HIGH,HIGH,NORMAL,False,LOW,HIGH,LOW
HIGH,NORMAL,LOW,False,False,False,False,False,NORMAL,NORMAL,LOW,LOW,NORMAL,HIGH,HIGH,HIGH,HIGH,NORMAL,False,ZERO,NORMAL,LOW
LOW,NORMAL,ZERO,False,False,False,False,False,NORMAL,NORMAL,NORMAL,NORMAL,NORMAL,NORMAL,HIGH,LOW,LOW,NORMAL,False,HIGH,NORMAL,HIGH
HIGH,NORMAL,LOW,False,False,False,True,False,HIGH,NORMAL,LOW,LOW,NORMAL,HIGH,ZERO,HIGH,HIGH,HIGH,False,ZERO,NORMAL,NORMAL
LOW,NORMAL,LOW,False,False,False,False,False,HIGH,NORMAL,LOW,LOW,NORMAL,LOW,ZERO,LOW,LOW,HIGH,False,ZERO,NORMAL,HIGH
HIGH,NORMAL,LOW,False,False,False,False,False,NORMAL,NORMAL,LOW,LOW,NORMAL,HIGH,ZERO,HIGH,HIGH,NORMAL,True,ZERO,NORMAL,NORMAL
LOW,NORMAL,LOW,False,False,False,False,False,NORMAL,NORMAL,LOW,HIGH,NORMAL,NORMAL,HIGH,LOW,LOW,NORMAL,False,HIGH,NORMAL,NORMAL
HIGH,NORMAL,LOW,False,False,False,False,False,LOW,NORMAL,LOW,LOW,LOW,HIGH,ZERO,HIGH,HIGH,LOW,False,ZERO,NORMAL,LOW
NORMAL,NORMAL,LOW,False,True,False,False,False,NORMAL,NORMAL,LOW,LOW,NORMAL,HIGH,ZERO,HIGH,HIGH,NORMAL,False,ZERO,HIGH,HIGH
LOW,HIGH,HIGH,False,False,False,False,False,NORMAL,NORMAL,LOW,HIGH,NORMAL,NORMAL,HIGH,LOW,LOW,NORMAL,False,HIGH,NORMAL,HIGH
HIGH,NORMAL,LOW,False,False,False,False,False,NORMAL,NORMAL,LOW,LOW,NORMAL,HIGH,ZERO,HIGH,HIGH,NORMAL,False,ZERO,NORMAL,NORMAL
HIGH,NORMAL,LOW,False,False,False,True,True,LOW,NORMAL,LOW,LOW,NORMAL,HIGH,ZERO,HIGH,HIGH,LOW,False,ZERO,NORMAL,NORMAL
LOW,NORMAL,LOW,False,False,False,False,False,NORMAL,NORMAL,LOW,LOW,NORMAL,LOW,ZERO,LOW,LOW,NORMAL,False,ZERO,NORMAL,NORMAL
HIGH,NORMAL,LOW,False,False,False,True,False,NORMAL,NORMAL,LOW,LOW,NORMAL,HIGH,ZERO,HIGH,HIGH,NORMAL,False,ZERO,NORMAL,HIGH
HIGH,NORMAL,LOW,False,False,False,False,False,NORMAL,NORMAL,LOW,LOW,NORMAL,HIGH,ZERO,HIGH,HIGH,NORMAL,False,ZERO,NORMAL,LOW
LOW,NORMAL,LOW,False,False,False,False,False,NORMAL,NORMAL,NORMAL,LOW,NORMAL,NORMAL,ZERO,LOW,LOW,NORMAL,False,NORMAL,NORMAL,HIGH
HIGH,NORMAL,LOW,False,False,False,True,False,NORMAL,NORMAL,LOW,LOW,NORMAL,HIGH,ZERO,NORMAL,HIGH,NORMAL,False,ZERO,NORMAL,HIGH
NORMAL,NORMAL,LOW,False,False,False,True,False,NORMAL,NORMAL,LOW,HIGH,NORMAL,HIGH,LOW,NORMAL,NORMAL,NORMAL,False,HIGH,NORMAL,LOW
HIGH,NORMAL,LOW,False,False,False,False,False,HIGH,NORMAL,LOW,LOW,NORMAL,LOW,ZERO,HIGH,HIGH,HIGH,False,ZERO,NORMAL,NORMAL
HIGH,NORMAL,LOW,False,False,False,False,False,HIGH,NORMAL,LOW,LOW,NORMAL,HIGH,ZERO,HIGH,HIGH,LOW,False,ZERO,HIGH,LOW
HIGH,NORMAL,LOW,False,False,False,False,False,NORMAL,NORMAL,HIGH,LOW,HIGH,HIGH,LOW,HIGH,HIGH,NORMAL,False,LOW,NORMAL,NORMAL
HIGH,NORMAL,LOW,False,False,True,False,False,NORMAL,NORMAL,LOW,LOW,NORMAL,HIGH,ZERO,NORMAL,NORMAL,NORMAL,False,ZERO,NORMAL,LOW
LOW,NORMAL,LOW,False,False,False,False,False,NORMAL,NORMAL,LOW,LOW,NORMAL,NORMAL,ZERO,LOW,LOW,NORMAL,True,ZERO,NORMAL,LOW
HIGH,NORMAL,NORMAL,False,False,False,False,False,NORMAL,NORMAL,HIGH,LOW,NORMAL,HIGH,LOW,HIGH,HIGH,NORMAL,False,LOW,NORMAL,LOW
HIGH,NORMAL,LOW,False,False,False,False,False,NORMAL,NORMAL,LOW,LOW,NORMAL,HIGH,ZERO,HIGH,HIGH,NORMAL,False,ZERO,NORMAL,LOW
HIGH,NORMAL,LOW,False,False,True,False,False,NORMAL,NORMAL,LOW,LOW,NORMAL,HIGH,ZERO,NORMAL,NORMAL,NORMAL,False,ZERO,NORMAL,HIGH
HIGH,NORMAL,LOW,False,False,True,False,False,HIGH,NORMAL,LOW,LOW,NORMAL,NORMAL,ZERO,NORMAL,HIGH,HIGH,False,ZERO,NORMAL,LOW
LOW,NORMAL,ZERO,False,False,True,False,False,NORMAL,NORMAL,LOW,HIGH,LOW,NORMAL,HIGH,NORMAL,NORMAL,NORMAL,True,HIGH,NORMAL,HIGH
HIGH,NORMAL,LOW,False,False,False,False,False,NORMAL,NORMAL,LOW,LOW,NORMAL,HIGH,ZERO,HIGH,HIGH,NORMAL,True,ZERO,HIGH,LOW
HIGH,NORMAL,LOW,True,False,False,False,False,NORMAL,NORMAL,LOW,LOW,NORMAL,HIGH,ZERO,HIGH,HIGH,NORMAL,False,ZERO,NORMAL,LOW
HIGH,HIGH,HIGH,False,False,False,False,False,NORMAL,NORMAL,LOW,HIGH,NORMAL,HIGH,HIGH,HIGH,HIGH,NORMAL,False,HIGH,NORMAL,LOW
HIGH,NORMAL,LOW,False,False,False,False,False,NORMAL,NORMAL,LOW,LOW,NORMAL,HIGH,ZERO,HIGH,HIGH,NORMAL,False,NORMAL,NORMAL,NORMAL
HIGH,NORMAL,LOW,False,False,False,False,False,HIGH,NORMAL,LOW,LOW,NORMAL,HIGH,ZERO,HIGH,HIGH,HIGH,False,ZERO,NORMAL,HIGH
HIGH,NORMAL,LOW,False,False,False,False,False,NORMAL,NORMAL,NORMAL,LOW,NORMAL,HIGH,LOW,HIGH,HIGH,NORMAL,False,NORMAL,NORMAL,LOW
NORMAL,NORMAL,LOW,False,False,False,False,False,NORMAL,NORMAL,HIGH,LOW,NORMAL,HIGH,ZERO,HIGH,HIGH,NORMAL,False,ZERO,NORMAL,NORMAL
HIGH,LOW,ZERO,False,False,False,True,False,NORMAL,ONESIDED,LOW,LOW,NORMAL,HIGH,NORMAL,HIGH,HIGH,NORMAL,False,NORMAL,HIGH,NORMAL
HIGH,NORMAL,LOW,False,False,True,False,False,NORMAL,NORMAL,LOW,HIGH,NORMAL,HIGH,HIGH,NORMAL,NORMAL,NORMAL,False,HIGH,NORMAL,NORMAL
LOW,NORMAL,ZERO,False,False,False,False,True,LOW,NORMAL,LOW,HIGH,NORMAL,NORMAL,HIGH,LOW,LOW,LOW,False,HIGH,NORMAL,HIGH
HIGH,NORMAL,LOW,False,False,False,False,False,NORMAL,NORMAL,ZERO,LOW,NORMAL,HIGH,ZERO,HIGH,HIGH,LOW,False,ZERO,NORMAL,NORMAL
HIGH,NORMAL,ZERO,False,False,False,False,False,LOW,NORMAL,LOW,NORMAL,NORMAL,LOW,HIGH,HIGH,HIGH,LOW,False,HIGH,NORMAL,LOW
HIGH,NORMAL,LOW,False,False,False,False,False,HIGH,NORMAL,LOW,LOW,NORMAL,HIGH,ZERO,HIGH,HIGH,HIGH,False,ZERO,NORMAL,LOW
HIGH,NORMAL,LOW,False,False,False,False,False,NORMAL,NORMAL,LOW,LOW,NORMAL,HIGH,ZERO,HIGH,HIGH,NORMAL,False,ZERO,NORMAL,NORMAL
HIGH,NORMAL,LOW,False,False,False,False,False,HIGH,ESOPHAGEAL,LOW,LOW,NORMAL,LOW,LOW,HIGH,HIGH,HIGH,False,LOW,NORMAL,NORMAL
LOW,NORMAL,LOW,False,False,False,True,False,NORMAL,NORMAL,LOW,LOW,NORMAL,HIGH,ZERO,LOW,LOW,NORMAL,False,ZERO,NORMAL,HIGH
HIGH,NORMAL,LOW,False,False,False,False,False,HIGH,NORMAL,LOW,LOW,NORMAL,HIGH,ZERO,HIGH,HIGH,HIGH,False,ZERO,NORMAL,HIGH
NORMAL,NORMAL,LOW,False,False,False,False,False,HIGH,ONESIDED,LOW,NORMAL,NORMAL,HIGH,NORMAL,HIGH,HIGH,HIGH,False,NORMAL,HIGH,HIGH
HIGH,NORMAL,LOW,False,False,False,False,False,NORMAL,ONESIDED,NORMAL,LOW,NORMAL,HIGH,ZERO,HIGH,HIGH,NORMAL,False,LOW,HIGH,NORMAL
HIGH,ZERO,ZERO,False,False,True,False,False,NORMAL,NORMAL,LOW,HIGH,NORMAL,HIGH,HIGH,NORMAL,NORMAL,NORMAL,False,HIGH,NORMAL,NORMAL
LOW,NORMAL,ZERO,False,False,False,False,False,HIGH,NORMAL,LOW,HIGH,NORMAL,NORMAL,HIGH,LOW,LOW,HIGH,False,HIGH,NORMAL,NORMAL
HIGH,NORMAL,ZERO,False,False,False,False,False,NORMAL,NORMAL,LOW,LOW,NORMAL,HIGH,ZERO,HIGH,HIGH,NORMAL,False,ZERO,NORMAL,NORMAL
HIGH,NORMAL,HIGH,False,False,True,False,False,NORMAL,NORMAL,LOW,HIGH,NORMAL,HIGH,HIGH,NORMAL,NORMAL,NORMAL,False,HIGH,NORMAL,NORMAL
HIGH,NORMAL,LOW,False,False,False,False,False,NORMAL,NORMAL,LOW,LOW,NORMAL,HIGH,ZERO,HIGH,HIGH,NORMAL,False,ZERO,NORMAL,LOW
LOW,LOW,ZERO,False,False,True,False,False,NORMAL,NORMAL,LOW,HIGH,NORMAL,HIGH,HIGH,HIGH,NORMAL,NORMAL,False,HIGH,NORMAL,HIGH
HIGH,NORMAL,ZERO,False,False,False,True,False,NORMAL,NORMAL,NORMAL,LOW,NORMAL,HIGH,LOW,HIGH,HIGH,NORMAL,False,NORMAL,NORMAL,LOW
HIGH,NORMAL,LOW,False,False,False,False,False,HIGH,NORMAL,LOW,LOW,HIGH,HIGH,ZERO,HIGH,HIGH,NORMAL,False,HIGH,NORMAL,HIGH
LOW,NORMAL,LOW,False,False,False,False,False,NORMAL,NORMAL,LOW,LOW,NORMAL,NORMAL,ZERO,LOW,LOW,LOW,False,ZERO,NORMAL,HIGH
HIGH,NORMAL,LOW,False,False,False,False,False,HIGH,NORMAL,LOW,LOW,NORMAL,HIGH,ZERO,HIGH,LOW,HIGH,False,ZERO,NORMAL,HIGH
LOW,NORMAL,LOW,False,False,False,False,False,NORMAL,NORMAL,LOW,LOW,NORMAL,NORMAL,ZERO,LOW,LOW,NORMAL,False,ZERO,NORMAL,HIGH
HIGH,NORMAL,LOW,False,False,False,False,False,NORMAL,NORMAL,LOW,LOW,NORMAL,HIGH,LOW,HIGH,HIGH,NORMAL,False,ZERO,NORMAL,LOW
HIGH,NORMAL,HIGH,False,True,False,False,False,NORMAL,NORMAL,LOW,HIGH,HIGH,HIGH,HIGH,HIGH,HIGH,NORMAL,False,HIGH,HIGH,NORMAL
LOW,LOW,ZERO,False,False,False,False,False,NORMAL,NORMAL,LOW,HIGH,NORMAL,NORMAL,HIGH,LOW,LOW,LOW,False,HIGH,NORMAL,LOW
NORMAL,NORMAL,LOW,False,False,True,False,False,NORMAL,NORMAL,LOW,LOW,NORMAL,HIGH,ZERO,NORMAL,NORMAL,NORMAL,False,ZERO,NORMAL,HIGH
HIGH,NORMAL,LOW,False,False,False,False,False,LOW,NORMAL,LOW,LOW,NORMAL,HIGH,ZERO,HIGH,HIGH,LOW,False,ZERO,NORMAL,NORMAL
HIGH,NORMAL,LOW,False,False,False,False,False,NORMAL,NORMAL,LOW,LOW,NORMAL,LOW,ZERO,HIGH,HIGH,NORMAL,False,ZERO,NORMAL,HIGH
LOW,NORMAL,ZERO,False,False,False,False,False,NORMAL,NORMAL,LOW,LOW,NORMAL,HIGH,ZERO,LOW,LOW,NORMAL,False,ZERO,NORMAL,HIGH
NORMAL,NORMAL,LOW,False,False,False,True,False,NORMAL,NORMAL,LOW,LOW,NORMAL,HIGH,ZERO,HIGH,HIGH,NORMAL,False,ZERO,NORMAL,LOW
HIGH,NORMAL,LOW,False,False,False,False,False,LOW,NORMAL,HIGH,LOW,NORMAL,NORMAL,LOW,HIGH,HIGH,NORMAL,False,LOW,NORMAL,HIGH
HIGH,NORMAL,LOW,False,False,False,False,False,NORMAL,NORMAL,LOW,LOW,NORMAL,HIGH,ZERO,HIGH,HIGH,NORMAL,False,ZERO,NORMAL,NORMAL
HIGH,NORMAL,LOW,False,False,True,False,False,NORMAL,NORMAL,LOW,LOW,NORMAL,HIGH,ZERO,LOW,NORMAL,NORMAL,False,ZERO,NORMAL,HIGH
HIGH,NORMAL,LOW,False,False,True,True,False,HIGH,NORMAL,LOW,LOW,NORMAL,NORMAL,ZERO,NORMAL,NORMAL,HIGH,False,ZERO,NORMAL,NORMAL
HIGH,NORMAL,LOW,False,False,False,False,False,NORMAL,NORMAL,ZERO,HIGH,NORMAL,NORMAL,HIGH,HIGH,HIGH,NORMAL,False,HIGH,NORMAL,NORMAL
HIGH,NORMAL,LOW,False,False,False,False,False,NORMAL,NORMAL,LOW,LOW,NORMAL,HIGH,ZERO,HIGH,HIGH,HIGH,False,ZERO,NORMAL,LOW
LOW,NORMAL,LOW,False,False,False,True,False,NORMAL,NORMAL,LOW,LOW,NORMAL,NORMAL,ZERO,LOW,LOW,NORMAL,False,ZERO,NORMAL,HIGH
HIGH,NORMAL,LOW,False,False,False,False,False,NORMAL,ESOPHAGEAL,LOW,LOW,NORMAL,HIGH,LOW,HIGH,HIGH,NORMAL,False,LOW,NORMAL,NORMAL
HIGH,NORMAL,LOW,False,False,False,False,False,NORMAL,NORMAL,LOW,LOW,NORMAL,HIGH,ZERO,HIGH,HIGH,NORMAL,False,ZERO,NORMAL,LOW
HIGH,NORMAL,NORMAL,False,False,False,False,False,NORMAL,NORMAL,HIGH,LOW,NORMAL,HIGH,LOW,HIGH,HIGH,NORMAL,False,LOW,NORMAL,LOW
HIGH,NORMAL,LOW,False,False,False,False,False,NORMAL,NORMAL,LOW,LOW,NORMAL,HIGH,ZERO,HIGH,HIGH,NORMAL,True,ZERO,NORMAL,LOW
HIGH,NORMAL,LOW,False,False,False,False,False,NORMAL,NORMAL,LOW,LOW,NORMAL,HIGH,ZERO,HIGH,HIGH,NORMAL,False,ZERO,NORMAL,NORMAL
HIGH,NORMAL,LOW,False,False,False,False,False,NORMAL,NORMAL,LOW,LOW,NORMAL,HIGH,ZERO,HIGH,HIGH,NORMAL,True,ZERO,NORMAL,NORMAL
LOW,NORMAL,LOW,False,False,False,False,False,LOW,NORMAL,LOW,LOW,NORMAL,NORMAL,ZERO,LOW,LOW,LOW,False,ZERO,NORMAL,HIGH
HIGH,ZERO,ZERO,False,False,False,False,False,HIGH,NORMAL,LOW,LOW,NORMAL,LOW,ZERO,HIGH,HIGH,HIGH,True,ZERO,HIGH,NORMAL
HIGH,NORMAL,LOW,False,False,False,False,False,NORMAL,NORMAL,LOW,LOW,NORMAL,HIGH,ZERO,HIGH,HIGH,NORMAL,False,ZERO,NORMAL,LOW
HIGH,NORMAL,LOW,False,False,False,False,False,HIGH,NORMAL,LOW,LOW,NORMAL,NORMAL,ZERO,HIGH,HIGH,HIGH,False,ZERO,NORMAL,HIGH
HIGH,NORMAL,LOW,False,False,False,False,False,HIGH,NORMAL,LOW,LOW,NORMAL,HIGH,NORMAL,HIGH,HIGH,HIGH,False,ZERO,NORMAL,HIGH
HIGH,NORMAL,LOW,False,False,False,True,False,NORMAL,NORMAL,LOW,LOW,LOW,HIGH,ZERO,HIGH,HIGH,NORMAL,False,ZERO,NORMAL,LOW
HIGH,NORMAL,HIGH,False,False,False,False,False,NORMAL,NORMAL,HIGH,LOW,NORMAL,HIGH,LOW,HIGH,HIGH,NORMAL,False,LOW,NORMAL,NORMAL
HIGH,NORMAL,LOW,False,False,False,False,False,NORMAL,NORMAL,LOW,LOW,LOW,HIGH,LOW,HIGH,HIGH,NORMAL,False,ZERO,NORMAL,NORMAL
HIGH,NORMAL,LOW,False,False,False,False,False,NORMAL,NORMAL,LOW,LOW,NORMAL,HIGH,ZERO,HIGH,HIGH,NORMAL,False,ZERO,NORMAL,NORMAL
HIGH,NORMAL,LOW,False,False,False,False,False,NORMAL,NORMAL,LOW,LOW,NORMAL,HIGH,ZERO,HIGH,HIGH,NORMAL,False,ZERO,NORMAL,HIGH
HIGH,NORMAL,LOW,False,False,False,False,False,NORMAL,ONESIDED,NORMAL,LOW,NORMAL,HIGH,ZERO,HIGH,HIGH,HIGH,False,LOW,HIGH,NORMAL
LOW,NORMAL,ZERO,False,False,False,False,False,NORMAL,NORMAL,LOW,HIGH,NORMAL,NORMAL,HIGH,LOW,LOW,NORMAL,False,HIGH,NORMAL,HIGH
HIGH,NORMAL,LOW,False,False,False,False,False,NORMAL,NORMAL,LOW,LOW,NORMAL,HIGH,ZERO,HIGH,HIGH,NORMAL,False,ZERO,NORMAL,HIGH
HIGH,NORMAL,LOW,False,False,True,False,False,HIGH,NORMAL,LOW,LOW,NORMAL,HIGH,ZERO,NORMAL,NORMAL,HIGH,False,ZERO,NORMAL,LOW
HIGH,NORMAL,ZERO,False,False,False,True,False,NORMAL,NORMAL,LOW,LOW,LOW,HIGH,ZERO,HIGH,HIGH,NORMAL,True,ZERO,NORMAL,LOW
LOW,NORMAL,LOW,False,False,False,False,False,HIGH,NORMAL,LOW,LOW,NORMAL,NORMAL,ZERO,LOW,LOW,HIGH,False,ZERO,NORMAL,HIGH
HIGH,NORMAL,LOW,False,False,False,False,False,NORMAL,NORMAL,LOW,LOW,NORMAL,HIGH,ZERO,HIGH,HIGH,NORMAL,False,ZERO,NORMAL,LOW
LOW,HIGH,HIGH,False,False,False,False,False,NORMAL,NORMAL,LOW,HIGH,NORMAL,NORMAL,HIGH,LOW,LOW,NORMAL,False,HIGH,NORMAL,HIGH
HIGH,NORMAL,LOW,False,False,False,False,True,LOW,NORMAL,LOW,LOW,LOW,HIGH,ZERO,HIGH,HIGH,LOW,False,ZERO,NORMAL,LOW
HIGH,NORMAL,LOW,False,False,False,False,False,HIGH,NORMAL,LOW,LOW,NORMAL,NORMAL,ZERO,HIGH,HIGH,HIGH,True,ZERO,NORMAL,NORMAL
HIGH,NORMAL,LOW,False,False,False,False,False,NORMAL,NORMAL,HIGH,LOW,NORMAL,HIGH,ZERO,HIGH,HIGH,NORMAL,False,ZERO,NORMAL,NORMAL
NORMAL,NORMAL,LOW,False,False,False,False,False,NORMAL,NORMAL,LOW,LOW,NORMAL,HIGH,ZERO,HIGH,HIGH,NORMAL,True,ZERO,NORMAL,HIGH
LOW,LOW,ZERO,False,False,False,False,False,NORMAL,NORMAL,LOW,HIGH,NORMAL,NORMAL,HIGH,LOW,LOW,NORMAL,False,HIGH,NORMAL,HIGH
HIGH,NORMAL,LOW,False,False,False,False,False,NORMAL,NORMAL,LOW,LOW,NORMAL,HIGH,ZERO,HIGH,HIGH,NORMAL,False,ZERO,NORMAL,LOW
NORMAL,NORMAL,LOW,False,False,False,True,False,NORMAL,ONESIDED,LOW,LOW,NORMAL,HIGH,NORMAL,HIGH,HIGH,NORMAL,False,NORMAL,HIGH,NORMAL
NORMAL,NORMAL,LOW,False,False,False,False,False,HIGH,NORMAL,LOW,LOW,NORMAL,LOW,ZERO,LOW,LOW,HIGH,False,ZERO,NORMAL,HIGH
HIGH,NORMAL,LOW,False,False,False,False,False,NORMAL,NORMAL,LOW,LOW,NORMAL,HIGH,ZERO,HIGH,HIGH,NORMAL,False,ZERO,NORMAL,LOW
HIGH,NORMAL,LOW,False,False,True,False,False,NORMAL,NORMAL,LOW,LOW,NORMAL,HIGH,LOW,NORMAL,NORMAL,NORMAL,False,ZERO,NORMAL,LOW
NORMAL,LOW,ZERO,False,False,False,False,False,NORMAL,ONESIDED,LOW,NORMAL,NORMAL,NORMAL,NORMAL,LOW,LOW,NORMAL,False,NORMAL,HIGH,HIGH
LOW,HIGH,HIGH,False,False,False,False,False,NORMAL,NORMAL,LOW,HIGH,NORMAL,NORMAL,HIGH,LOW,LOW,LOW,False,HIGH,NORMAL,HIGH
HIGH,NORMAL,LOW,False,False,False,False,False,NORMAL,NORMAL,LOW,LOW,NORMAL,HIGH,ZERO,HIGH,HIGH,NORMAL,False,ZERO,NORMAL,NORMAL
LOW,NORMAL,LOW,False,False,True,False,False,NORMAL,NORMAL,LOW,LOW,NORMAL,NORMAL,ZERO,HIGH,HIGH,NORMAL,False,ZERO,NORMAL,NORMAL
HIGH,NORMAL,LOW,False,False,False,False,False,HIGH,NORMAL,LOW,LOW,NORMAL,HIGH,ZERO,HIGH,HIGH,NORMAL,False,ZERO,NORMAL,NORMAL
HIGH,NORMAL,LOW,False,False,False,False,False,NORMAL,NORMAL,LOW,LOW,NORMAL,HIGH,ZERO,HIGH,HIGH,NORMAL,False,ZERO,NORMAL,LOW
NORMAL,NORMAL,LOW,False,False,False,False,False,NORMAL,NORMAL,LOW,LOW,NORMAL,HIGH,ZERO,HIGH,HIGH,NORMAL,False,ZERO,NORMAL,LOW
HIGH,NORMAL,LOW,False,False,False,False,False,HIGH,NORMAL,NORMAL,LOW,NORMAL,LOW,LOW,HIGH,HIGH,HIGH,False,NORMAL,NORMAL,NORMAL
HIGH,NORMAL,LOW,False,False,False,False,False,NORMAL,NORMAL,LOW,LOW,NORMAL,HIGH,ZERO,HIGH,HIGH,NORMAL,False,ZERO,NORMAL,HIGH
LOW,HIGH,HIGH,False,False,False,False,False,NORMAL,NORMAL,ZERO,HIGH,HIGH,NORMAL,HIGH,LOW,LOW,NORMAL,False,HIGH,NORMAL,LOW
HIGH,NORMAL,LOW,False,False,False,False,False,NORMAL,NORMAL,LOW,LOW,NORMAL,HIGH,ZERO,HIGH,HIGH,NORMAL,False,ZERO,NORMAL,HIGH
HIGH,NORMAL,LOW,False,False,False,False,False,NORMAL,NORMAL,LOW,NORMAL,NORMAL,HIGH,ZERO,HIGH,HIGH,NORMAL,False,ZERO,NORMAL,LOW
HIGH,HIGH,HIGH,False,False,False,False,False,NORMAL,NORMAL,ZERO,HIGH,HIGH,NORMAL,HIGH,HIGH,HIGH,NORMAL,False,HIGH,NORMAL,NORMAL
HIGH,NORMAL,LOW,False,False,False,True,False,NORMAL,NORMAL,LOW,LOW,NORMAL,HIGH,ZERO,HIGH,HIGH,LOW,False,ZERO,NORMAL,LOW
HIGH,HIGH,HIGH,False,False,False,False,False,NORMAL,NORMAL,LOW,HIGH,NORMAL,HIGH,HIGH,HIGH,HIGH,LOW,False,HIGH,NORMAL,LOW
HIGH,LOW,ZERO,False,False,False,False,True,LOW,NORMAL,LOW,LOW,NORMAL,NORMAL,ZERO,HIGH,HIGH,LOW,True,ZERO,NORMAL,LOW
HIGH,NORMAL,LOW,False,False,False,False,False,NORMAL,NORMAL,LOW,LOW,NORMAL,HIGH,ZERO,HIGH,HIGH,NORMAL,False,ZERO,NORMAL,LOW
HIGH,NORMAL,LOW,False,False,False,False,False,NORMAL,NORMAL,LOW,LOW,NORMAL,HIGH,HIGH,HIGH,HIGH,NORMAL,False,ZERO,NORMAL,LOW
HIGH,NORMAL,LOW,False,False,True,False,False,NORMAL,ONESIDED,NORMAL,LOW,NORMAL,HIGH,ZERO,NORMAL,NORMAL,NORMAL,False,LOW,HIGH,HIGH
HIGH,ZERO,ZERO,False,False,False,False,False,NORMAL,NORMAL,LOW,LOW,HIGH,HIGH,ZERO,HIGH,HIGH,NORMAL,False,ZERO,NORMAL,HIGH
HIGH,NORMAL,LOW,False,False,True,False,False,HIGH,NORMAL,LOW,LOW,NORMAL,LOW,ZERO,NORMAL,NORMAL,HIGH,False,ZERO,NORMAL,LOW
HIGH,NORMAL,LOW,False,False,False,False,False,HIGH,NORMAL,LOW,LOW,NORMAL,LOW,ZERO,HIGH,HIGH,HIGH,False,ZERO,NORMAL,HIGH
HIGH,NORMAL,LOW,False,False,False,False,False,NORMAL,NORMAL,LOW,LOW,LOW,HIGH,ZERO,HIGH,HIGH,NORMAL,False,ZERO,HIGH,HIGH
HIGH,NORMAL,LOW,False,False,False,False,False,NORMAL,NORMAL,LOW,LOW,NORMAL,HIGH,ZERO,HIGH,HIGH,NORMAL,False,ZERO,NORMAL,NORMAL
LOW,NORMAL,LOW,False,False,False,False,False,NORMAL,NORMAL,LOW,LOW,NORMAL,NORMAL,ZERO,LOW,LOW,NORMAL,False,ZERO,NORMAL,NORMAL
HIGH,ZERO,ZERO,False,False,False,False,False,NORMAL,NORMAL,LOW,HIGH,NORMAL,HIGH,HIGH,HIGH,HIGH,NORMAL,False,HIGH,NORMAL,NORMAL
NORMAL,NORMAL,LOW,False,False,False,False,False,HIGH,NORMAL,HIGH,LOW,NORMAL,HIGH,LOW,HIGH,HIGH,HIGH,True,LOW,NORMAL,NORMAL
HIGH,LOW,ZERO,False,False,False,False,False,NORMAL,NORMAL,LOW,LOW,NORMAL,HIGH,ZERO,HIGH,HIGH,NORMAL,False,ZERO,NORMAL,NORMAL
HIGH,LOW,ZERO,False,False,False,False,False,NORMAL,NORMAL,LOW,LOW,NORMAL,LOW,ZERO,HIGH,NORMAL,LOW,False,ZERO,NORMAL,NORMAL
HIGH,NORMAL,ZERO,False,False,False,False,False,NORMAL,NORMAL,ZERO,HIGH,NORMAL,HIGH,HIGH,HIGH,HIGH,NORMAL,False,HIGH,NORMAL,NORMAL
HIGH,NORMAL,LOW,False,False,False,False,True,LOW,NORMAL,LOW,LOW,NORMAL,LOW,ZERO,HIGH,HIGH,NORMAL,False,ZERO,NORMAL,NORMAL
LOW,NORMAL,LOW,False,False,False,False,False,NORMAL,ONESIDED,LOW,LOW,NORMAL,NORMAL,NORMAL,LOW,LOW,NORMAL,False,NORMAL,HIGH,HIGH
HIGH,ZERO,ZERO,False,False,False,False,False,NORMAL,NORMAL,LOW,HIGH,NORMAL,HIGH,HIGH,HIGH,HIGH,NORMAL,False,HIGH,NORMAL,NORMAL
HIGH,HIGH,HIGH,False,False,False,False,False,NORMAL,NORMAL,ZERO,HIGH,NORMAL,HIGH,HIGH,HIGH,HIGH,NORMAL,False,HIGH,NORMAL,LOW
HIGH,NORMAL,LOW,False,False,False,True,False,NORMAL,NORMAL,LOW,LOW,NORMAL,HIGH,ZERO,HIGH,HIGH,NORMAL,False,ZERO,NORMAL,HIGH
HIGH,NORMAL,LOW,False,False,False,False,False,NORMAL,NORMAL,LOW,LOW,NORMAL,HIGH,ZERO,HIGH,HIGH,NORMAL,False,ZERO,NORMAL,LOW
HIGH,NORMAL,LOW,False,False,False,False,False,NORMAL,NORMAL,LOW,LOW,NORMAL,HIGH,ZERO,HIGH,HIGH,NORMAL,False,ZERO,NORMAL,NORMAL
HIGH,NORMAL,LOW,False,False,False,False,False,NORMAL,NORMAL,LOW,LOW,NORMAL,HIGH,ZERO,HIGH,HIGH,NORMAL,False,ZERO,NORMAL,NORMAL
HIGH,NORMAL,LOW,False,False,True,False,False,NORMAL,NORMAL,LOW,LOW,LOW,HIGH,ZERO,NORMAL,NORMAL,NORMAL,False,ZERO,NORMAL,LOW
HIGH,NORMAL,LOW,False,False,True,False,False,NORMAL,NORMAL,LOW,LOW,HIGH,HIGH,ZERO,NORMAL,NORMAL,NORMAL,False,ZERO,NORMAL,HIGH
HIGH,NORMAL,LOW,False,False,True,False,False,NORMAL,NORMAL,LOW,LOW,NORMAL,HIGH,ZERO,NORMAL,NORMAL,NORMAL,False,ZERO,NORMAL,HIGH
HIGH,NORMAL,LOW,False,False,False,False,False,NORMAL,NORMAL,LOW,LOW,NORMAL,HIGH,ZERO,HIGH,HIGH,NORMAL,False,ZERO,NORMAL,LOW
HIGH,NORMAL,LOW,False,False,False,False,True,LOW,NORMAL,LOW,LOW,NORMAL,NORMAL,ZERO,HIGH,HIGH,LOW,False,ZERO,NORMAL,HIGH
LOW,NORMAL,LOW,False,False,True,False,False,NORMAL,ESOPHAGEAL,ZERO,LOW,NORMAL,LOW,LOW,HIGH,HIGH,NORMAL,False,LOW,NORMAL,LOW
HIGH,NORMAL,LOW,False,False,True,False,True,LOW,NORMAL,LOW,LOW,NORMAL,LOW,ZERO,NORMAL,NORMAL,LOW,False,ZERO,NORMAL,NORMAL
HIGH,NORMAL,LOW,False,False,False,False,False,NORMAL,NORMAL,LOW,LOW,NORMAL,NORMAL,ZERO,HIGH,HIGH,NORMAL,False,ZERO,NORMAL,HIGH
HIGH,NORMAL,LOW,False,False,False,False,False,NORMAL,NORMAL,LOW,LOW,NORMAL,HIGH,ZERO,HIGH,HIGH,NORMAL,False,ZERO,NORMAL,LOW
HIGH,NORMAL,LOW,False,True,False,False,False,NORMAL,NORMAL,LOW,LOW,HIGH,HIGH,ZERO,HIGH,HIGH,NORMAL,False,ZERO,HIGH,LOW
HIGH,NORMAL,LOW,False,False,False,False,False,NORMAL,NORMAL,LOW,LOW,NORMAL,HIGH,ZERO,HIGH,HIGH,NORMAL,False,ZERO,NORMAL,HIGH
NORMAL,NORMAL,LOW,False,False,False,False,False,HIGH,NORMAL,LOW,LOW,NORMAL,HIGH,ZERO,HIGH,HIGH,HIGH,False,ZERO,NORMAL,LOW
HIGH,NORMAL,ZERO,False,False,False,False,False,NORMAL,NORMAL,LOW,HIGH,NORMAL,HIGH,HIGH,HIGH,HIGH,NORMAL,False,HIGH,NORMAL,NORMAL
HIGH,NORMAL,LOW,False,False,False,False,False,HIGH,NORMAL,LOW,LOW,NORMAL,LOW,ZERO,HIGH,HIGH,HIGH,False,ZERO,NORMAL,NORMAL
HIGH,NORMAL,LOW,False,False,False,True,False,NORMAL,NORMAL,LOW,LOW,NORMAL,HIGH,ZERO,HIGH,HIGH,NORMAL,False,ZERO,NORMAL,HIGH
HIGH,NORMAL,ZERO,False,False,False,False,False,NORMAL,NORMAL,LOW,HIGH,NORMAL,HIGH,HIGH,HIGH,HIGH,NORMAL,False,HIGH,NORMAL,NORMAL
HIGH,NORMAL,LOW,False,False,False,False,False,NORMAL,NORMAL,LOW,LOW,NORMAL,LOW,ZERO,HIGH,HIGH,NORMAL,False,ZERO,NORMAL,HIGH
NORMAL,NORMAL,LOW,False,False,False,True,False,NORMAL,NORMAL,LOW,LOW,NORMAL,HIGH,ZERO,HIGH,HIGH,NORMAL,False,ZERO,NORMAL,LOW
HIGH,NORMAL,LOW,False,False,False,False,False,NORMAL,NORMAL,LOW,LOW,HIGH,HIGH,ZERO,HIGH,HIGH,NORMAL,False,ZERO,NORMAL,NORMAL
HIGH,HIGH,HIGH,False,False,False,False,False,NORMAL,NORMAL,LOW,HIGH,NORMAL,HIGH,HIGH,HIGH,HIGH,NORMAL,False,HIGH,NORMAL,LOW
LOW,NORMAL,LOW,False,False,False,False,False,HIGH,NORMAL,LOW,LOW,NORMAL,LOW,ZERO,LOW,LOW,HIGH,False,ZERO,NORMAL,LOW
LOW,NORMAL,LOW,False,False,False,False,False,NORMAL,NORMAL,LOW,LOW,NORMAL,NORMAL,ZERO,LOW,LOW,NORMAL,False,ZERO,NORMAL,NORMAL
HIGH,NORMAL,LOW,False,False,False,True,False,NORMAL,NORMAL,LOW,LOW,NORMAL,HIGH,ZERO,HIGH,HIGH,NORMAL,True,ZERO,NORMAL,LOW
HIGH,NORMAL,LOW,False,False,False,True,False,NORMAL,NORMAL,LOW,LOW,NORMAL,HIGH,ZERO,HIGH,HIGH,LOW,False,ZERO,NORMAL,NORMAL
HIGH,NORMAL,LOW,False,False,False,False,False,HIGH,ONESIDED,LOW,LOW,NORMAL,HIGH,NORMAL,HIGH,HIGH,HIGH,False,NORMAL,HIGH,LOW
LOW,LOW,ZERO,False,False,False,False,False,LOW,NORMAL,NORMAL,HIGH,NORMAL,LOW,HIGH,NORMAL,NORMAL,LOW,False,HIGH,NORMAL,NORMAL
HIGH,NORMAL,LOW,False,False,True,True,False,HIGH,NORMAL,LOW,LOW,NORMAL,HIGH,ZERO,NORMAL,NORMAL,HIGH,False,ZERO,NORMAL,LOW
HIGH,NORMAL,LOW,False,False,False,True,False,NORMAL,NORMAL,LOW,LOW,NORMAL,HIGH,ZERO,HIGH,HIGH,NORMAL,False,ZERO,HIGH,HIGH
HIGH,NORMAL,LOW,False,False,False,False,False,NORMAL,NORMAL,LOW,LOW,NORMAL,HIGH,ZERO,HIGH,HIGH,NORMAL,False,ZERO,NORMAL,HIGH
HIGH,NORMAL,LOW,False,False,False,False,False,NORMAL,NORMAL,LOW,LOW,NORMAL,HIGH,ZERO,HIGH,HIGH,NORMAL,False,ZERO,NORMAL,LOW
LOW,NORMAL,LOW,False,False,False,False,False,NORMAL,NORMAL,LOW,LOW,NORMAL,NORMAL,ZERO,LOW,LOW,NORMAL,False,ZERO,HIGH,NORMAL
HIGH,HIGH,HIGH,False,False,False,False,True,LOW,ONESIDED,HIGH,LOW,NORMAL,LOW,HIGH,HIGH,HIGH,LOW,False,LOW,HIGH,LOW
HIGH,HIGH,HIGH,False,False,False,False,False,NORMAL,NORMAL,LOW,HIGH,NORMAL,HIGH,HIGH,HIGH,HIGH,NORMAL,False,HIGH,NORMAL,NORMAL
HIGH,NORMAL,HIGH,False,False,False,False,False,NORMAL,ONESIDED,HIGH,LOW,NORMAL,HIGH,HIGH,HIGH,HIGH,NORMAL,False,LOW,NORMAL,LOW
LOW,HIGH,LOW,False,False,False,False,False,NORMAL,NORMAL,LOW,LOW,NORMAL,HIGH,ZERO,LOW,LOW,NORMAL,False,ZERO,NORMAL,LOW
LOW,NORMAL,LOW,False,False,False,False,False,NORMAL,NORMAL,LOW,LOW,NORMAL,LOW,ZERO,HIGH,HIGH,NORMAL,False,ZERO,NORMAL,NORMAL
HIGH,NORMAL,LOW,False,False,False,False,False,NORMAL,NORMAL,LOW,LOW,NORMAL,HIGH,ZERO,HIGH,HIGH,NORMAL,False,ZERO,NORMAL,NORMAL
HIGH,ZERO,ZERO,False,False,False,False,False,NORMAL,NORMAL,LOW,HIGH,NORMAL,HIGH,HIGH,HIGH,HIGH,NORMAL,False,HIGH,NORMAL,LOW
HIGH,NORMAL,LOW,False,False,False,False,False,NORMAL,NORMAL,LOW,LOW,NORMAL,HIGH,ZERO,HIGH,HIGH,NORMAL,False,ZERO,HIGH,HIGH
HIGH,NORMAL,LOW,False,False,False,False,False,NORMAL,NORMAL,LOW,LOW,NORMAL,HIGH,ZERO,HIGH,HIGH,NORMAL,False,ZERO,NORMAL,LOW
NORMAL,NORMAL,LOW,False,False,False,True,False,NORMAL,NORMAL,LOW,HIGH,NORMAL,HIGH,ZERO,HIGH,HIGH,NORMAL,False,HIGH,NORMAL,NORMAL
HIGH,NORMAL,LOW,False,False,False,False,False,NORMAL,ONESIDED,ZERO,LOW,NORMAL,HIGH,ZERO,HIGH,HIGH,NORMAL,False,NORMAL,HIGH,HIGH
HIGH,ZERO,ZERO,False,False,False,False,False,NORMAL,NORMAL,LOW,HIGH,NORMAL,HIGH,HIGH,HIGH,HIGH,NORMAL,False,HIGH,NORMAL,NORMAL
HIGH,NORMAL,LOW,False,False,False,False,False,NORMAL,NORMAL,LOW,LOW,NORMAL,HIGH,ZERO,HIGH,HIGH,NORMAL,False,ZERO,NORMAL,LOW
HIGH,NORMAL,LOW,False,False,False,False,False,NORMAL,NORMAL,LOW,LOW,NORMAL,HIGH,ZERO,HIGH,HIGH,NORMAL,False,ZERO,NORMAL,HIGH
LOW,NORMAL,LOW,False,False,False,False,False,NORMAL,ONESIDED,NORMAL,LOW,NORMAL,LOW,ZERO,LOW,LOW,NORMAL,False,LOW,HIGH,HIGH
HIGH,NORMAL,LOW,False,False,False,False,False,NORMAL,NORMAL,LOW,LOW,NORMAL,HIGH,ZERO,HIGH,HIGH,NORMAL,False,ZERO,NORMAL,HIGH
HIGH,NORMAL,LOW,False,False,False,False,False,NORMAL,NORMAL,LOW,LOW,NORMAL,HIGH,ZERO,HIGH,HIGH,HIGH,False,ZERO,NORMAL,HIGH
NORMAL,NORMAL,LOW,False,False,False,True,False,NORMAL,NORMAL,LOW,LOW,NORMAL,LOW,ZERO,HIGH,HIGH,NORMAL,False,ZERO,NORMAL,NORMAL
HIGH,NORMAL,LOW,False,False,False,False,False,NORMAL,NORMAL,LOW,LOW,NORMAL,HIGH,ZERO,NORMAL,HIGH,NORMAL,False,ZERO,NORMAL,LOW
HIGH,NORMAL,LOW,False,False,False,False,False,NORMAL,NORMAL,LOW,LOW,NORMAL,HIGH,ZERO,HIGH,HIGH,NORMAL,False,ZERO,NORMAL,LOW
HIGH,NORMAL,LOW,False,False,False,False,False,HIGH,NORMAL,LOW,LOW,NORMAL,HIGH,ZERO,HIGH,HIGH,HIGH,False,ZERO,NORMAL,HIGH
HIGH,NORMAL,LOW,False,False,False,False,False,NORMAL,NORMAL,LOW,LOW,NORMAL,HIGH,ZERO,HIGH,HIGH,NORMAL,False,ZERO,NORMAL,HIGH
NORMAL,NORMAL,LOW,False,False,False,False,False,NORMAL,NORMAL,ZERO,HIGH,NORMAL,LOW,ZERO,NORMAL,NORMAL,NORMAL,False,HIGH,NORMAL,HIGH
HIGH,NORMAL,LOW,False,False,False,False,False,NORMAL,ONESIDED,NORMAL,LOW,NORMAL,HIGH,ZERO,HIGH,HIGH,NORMAL,False,LOW,HIGH,HIGH
HIGH,NORMAL,LOW,False,False,False,False,False,NORMAL,NORMAL,LOW,LOW,NORMAL,HIGH,ZERO,HIGH,HIGH,NORMAL,False,ZERO,NORMAL,HIGH
HIGH,NORMAL,LOW,False,False,False,False,False,NORMAL,NORMAL,LOW,LOW,NORMAL,HIGH,ZERO,HIGH,HIGH,NORMAL,False,ZERO,NORMAL,LOW
HIGH,NORMAL,LOW,False,False,False,False,False,NORMAL,NORMAL,LOW,LOW,NORMAL,HIGH,ZERO,HIGH,HIGH,NORMAL,False,ZERO,NORMAL,HIGH
HIGH,NORMAL,LOW,False,False,False,False,False,HIGH,NORMAL,LOW,LOW,NORMAL,HIGH,ZERO,HIGH,HIGH,HIGH,False,ZERO,NORMAL,NORMAL
LOW,NORMAL,LOW,False,False,False,False,False,NORMAL,NORMAL,LOW,LOW,NORMAL,NORMAL,ZERO,LOW,LOW,NORMAL,False,ZERO,NORMAL,NORMAL
HIGH,NORMAL,LOW,False,False,False,True,False,NORMAL,NORMAL,LOW,LOW,NORMAL,HIGH,ZERO,HIGH,HIGH,NORMAL,False,ZERO,NORMAL,NORMAL
HIGH,NORMAL,ZERO,False,False,False,False,False,NORMAL,NORMAL,LOW,HIGH,NORMAL,HIGH,HIGH,HIGH,LOW,NORMAL,False,HIGH,NORMAL,LOW
LOW,NORMAL,LOW,False,False,False,False,False,NORMAL,NORMAL,ZERO,LOW,NORMAL,NORMAL,ZERO,LOW,LOW,NORMAL,False,ZERO,NORMAL,HIGH
HIGH,NORMAL,LOW,False,False,True,False,False,LOW,NORMAL,LOW,LOW,NORMAL,HIGH,ZERO,NORMAL,NORMAL,LOW,False,ZERO,NORMAL,HIGH
HIGH,NORMAL,LOW,False,False,False,True,False,NORMAL,NORMAL,LOW,LOW,NORMAL,HIGH,ZERO,HIGH,HIGH,NORMAL,False,ZERO,NORMAL,NORMAL
HIGH,ZERO,ZERO,False,False,False,False,False,NORMAL,NORMAL,LOW,LOW,NORMAL,HIGH,ZERO,HIGH,HIGH,NORMAL,False,ZERO,NORMAL,LOW
HIGH,NORMAL,ZERO,False,False,False,False,False,NORMAL,NORMAL,LOW,LOW,NORMAL,HIGH,ZERO,HIGH,HIGH,NORMAL,False,NORMAL,NORMAL,NORMAL
NORMAL,NORMAL,LOW,False,False,False,False,False,NORMAL,NORMAL,LOW,LOW,NORMAL,HIGH,ZERO,HIGH,HIGH,NORMAL,False,ZERO,NORMAL,NORMAL
HIGH,NORMAL,LOW,False,False,False,False,False,HIGH,NORMAL,LOW,LOW,NORMAL,HIGH,ZERO,HIGH,HIGH,HIGH,False,ZERO,NORMAL,NORMAL
HIGH,HIGH,NORMAL,False,False,False,False,False,NORMAL,NORMAL,HIGH,LOW,NORMAL,HIGH,LOW,HIGH,HIGH,NORMAL,False,LOW,NORMAL,LOW
HIGH,LOW,ZERO,False,False,False,False,False,NORMAL,NORMAL,LOW,HIGH,NORMAL,HIGH,HIGH,HIGH,HIGH,LOW,False,HIGH,NORMAL,LOW
HIGH,NORMAL,LOW,False,False,True,False,False,NORMAL,NORMAL,LOW,LOW,NORMAL,HIGH,ZERO,NORMAL,NORMAL,NORMAL,False,ZERO,NORMAL,HIGH
LOW,NORMAL,LOW,False,False,False,False,False,NORMAL,NORMAL,LOW,LOW,LOW,NORMAL,ZERO,LOW,LOW,NORMAL,False,ZERO,NORMAL,LOW
HIGH,NORMAL,LOW,False,False,False,False,False,NORMAL,NORMAL,LOW,LOW,NORMAL,NORMAL,ZERO,HIGH,HIGH,NORMAL,False,ZERO,NORMAL,NORMAL
HIGH,NORMAL,ZERO,False,False,False,False,False,HIGH,NORMAL,NORMAL,LOW,NORMAL,HIGH,HIGH,HIGH,HIGH,HIGH,False,ZERO,NORMAL,LOW
HIGH,NORMAL,ZERO,False,False,True,True,False,HIGH,NORMAL,ZERO,HIGH,NORMAL,HIGH,HIGH,NORMAL,NORMAL,HIGH,False,HIGH,NORMAL,NORMAL
HIGH,HIGH,HIGH,False,False,False,False,False,HIGH,NORMAL,LOW,HIGH,NORMAL,HIGH,HIGH,HIGH,HIGH,LOW,False,HIGH,NORMAL,NORMAL
HIGH,NORMAL,LOW,False,False,False,False,False,NORMAL,NORMAL,LOW,LOW,LOW,HIGH,ZERO,HIGH,HIGH,NORMAL,False,ZERO,NORMAL,HIGH
HIGH,NORMAL,LOW,False,False,False,False,False,NORMAL,NORMAL,LOW,LOW,NORMAL,HIGH,ZERO,HIGH,HIGH,NORMAL,False,ZERO,NORMAL,HIGH
HIGH,LOW,ZERO,False,False,False,False,False,HIGH,NORMAL,LOW,LOW,NORMAL,HIGH,ZERO,HIGH,HIGH,HIGH,True,ZERO,NORMAL,NORMAL
LOW,NORMAL,LOW,False,False,False,False,False,NORMAL,NORMAL,LOW,LOW,NORMAL,HIGH,ZERO,HIGH,HIGH,NORMAL,False,ZERO,NORMAL,HIGH
HIGH,ZERO,ZERO,False,False,False,False,False,NORMAL,ONESIDED,LOW,LOW,NORMAL,NORMAL,NORMAL,HIGH,HIGH,NORMAL,False,NORMAL,HIGH,NORMAL
HIGH,NORMAL,LOW,False,False,False,False,False,NORMAL,NORMAL,LOW,LOW,NORMAL,NORMAL,ZERO,HIGH,HIGH,NORMAL,False,ZERO,NORMAL,LOW
HIGH,NORMAL,LOW,False,False,False,False,False,NORMAL,NORMAL,LOW,LOW,NORMAL,LOW,ZERO,HIGH,LOW,NORMAL,False,ZERO,NORMAL,LOW
NORMAL,NORMAL,LOW,False,False,False,True,False,HIGH,NORMAL,LOW,LOW,NORMAL,NORMAL,ZERO,HIGH,HIGH,HIGH,False,ZERO,NORMAL,HIGH
HIGH,NORMAL,LOW,False,False,True,False,False,NORMAL,NORMAL,LOW,LOW,NORMAL,HIGH,ZERO,NORMAL,NORMAL,NORMAL,False,ZERO,NORMAL,HIGH
HIGH,NORMAL,LOW,False,False,False,False,False,HIGH,NORMAL,LOW,LOW,NORMAL,HIGH,ZERO,HIGH,HIGH,HIGH,False,ZERO,NORMAL,NORMAL
NORMAL,NORMAL,LOW,False,False,False,False,False,NORMAL,NORMAL,LOW,LOW,NORMAL,HIGH,ZERO,HIGH,HIGH,NORMAL,False,LOW,NORMAL,NORMAL
HIGH,NORMAL,LOW,False,False,False,False,False,NORMAL,NORMAL,LOW,LOW,NORMAL,HIGH,ZERO,HIGH,HIGH,LOW,False,ZERO,NORMAL,HIGH
HIGH,LOW,ZERO,False,False,False,False,False,NORMAL,ESOPHAGEAL,LOW,LOW,NORMAL,HIGH,LOW,HIGH,HIGH,NORMAL,False,LOW,HIGH,NORMAL
LOW,NORMAL,LOW,False,False,False,True,False,NORMAL,NORMAL,LOW,LOW,NORMAL,HIGH,NORMAL,HIGH,HIGH,NORMAL,False,ZERO,NORMAL,HIGH
HIGH,NORMAL,LOW,False,False,False,False,False,NORMAL,NORMAL,LOW,LOW,NORMAL,HIGH,ZERO,HIGH,HIGH,NORMAL,False,ZERO,NORMAL,LOW
LOW,LOW,ZERO,False,False,True,False,False,NORMAL,NORMAL,LOW,HIGH,NORMAL,NORMAL,HIGH,LOW,LOW,NORMAL,False,HIGH,NORMAL,HIGH
LOW,NORMAL,LOW,False,True,False,False,False,NORMAL,NORMAL,LOW,LOW,NORMAL,NORMAL,ZERO,LOW,LOW,NORMAL,False,NORMAL,HIGH,NORMAL
HIGH,NORMAL,LOW,False,False,False,False,False,NORMAL,NORMAL,LOW,LOW,NORMAL,HIGH,ZERO,HIGH,HIGH,NORMAL,False,ZERO,NORMAL,LOW
HIGH,NORMAL,LOW,False,False,False,False,False,NORMAL,NORMAL,LOW,LOW,NORMAL,HIGH,ZERO,HIGH,HIGH,NORMAL,False,ZERO,NORMAL,NORMAL
HIGH,NORMAL,LOW,False,False,False,False,True,LOW,NORMAL,LOW,LOW,NORMAL,LOW,ZERO,HIGH,HIGH,LOW,False,ZERO,NORMAL,NORMAL
HIGH,NORMAL,LOW,False,False,False,False,False,NORMAL,NORMAL,LOW,LOW,NORMAL,HIGH,ZERO,HIGH,HIGH,NORMAL,False,ZERO,HIGH,NORMAL
HIGH,NORMAL,LOW,False,False,False,False,True,LOW,NORMAL,LOW,LOW,NORMAL,LOW,LOW,HIGH,HIGH,LOW,False,ZERO,NORMAL,HIGH
HIGH,NORMAL,LOW,False,False,False,False,False,LOW,ONESIDED,NORMAL,LOW,NORMAL,HIGH,ZERO,HIGH,HIGH,LOW,False,LOW,HIGH,HIGH
LOW,LOW,ZERO,False,False,False,False,False,LOW,NORMAL,LOW,HIGH,NORMAL,NORMAL,HIGH,LOW,LOW,LOW,False,HIGH,NORMAL,LOW
NORMAL,NORMAL,LOW,False,False,False,False,False,NORMAL,NORMAL,LOW,LOW,NORMAL,LOW,ZERO,HIGH,HIGH,NORMAL,False,ZERO,NORMAL,LOW
HIGH,ZERO,ZERO,False,True,False,False,False,NORMAL,NORMAL,NORMAL,HIGH,HIGH,NORMAL,HIGH,HIGH,HIGH,NORMAL,False,HIGH,HIGH,LOW
NORMAL,NORMAL,LOW,False,False,False,False,False,NORMAL,NORMAL,LOW,LOW,NORMAL,HIGH,ZERO,HIGH,HIGH,NORMAL,False,ZERO,HIGH,LOW
HIGH,NORMAL,LOW,False,False,False,False,False,NORMAL,NORMAL,LOW,LOW,NORMAL,LOW,ZERO,HIGH,HIGH,NORMAL,False,NORMAL,NORMAL,NORMAL
HIGH,NORMAL,LOW,False,False,False,False,True,LOW,NORMAL,LOW,LOW,NORMAL,LOW,ZERO,HIGH,HIGH,LOW,False,ZERO,NORMAL,LOW
HIGH,NORMAL,LOW,False,False,True,False,False,NORMAL,NORMAL,LOW,LOW,NORMAL,HIGH,ZERO,NORMAL,NORMAL,NORMAL,False,ZERO,NORMAL,NORMAL
HIGH,NORMAL,LOW,False,False,False,False,False,LOW,NORMAL,LOW,LOW,NORMAL,HIGH,ZERO,HIGH,HIGH,LOW,False,ZERO,NORMAL,NORMAL
NORMAL,NORMAL,LOW,False,False,False,False,False,NORMAL,NORMAL,LOW,LOW,NORMAL,HIGH,ZERO,HIGH,HIGH,NORMAL,False,ZERO,NORMAL,HIGH
LOW,NORMAL,LOW,False,False,False,False,False,HIGH,NORMAL,LOW,LOW,NORMAL,LOW,ZERO,LOW,LOW,HIGH,False,ZERO,NORMAL,HIGH
HIGH,NORMAL,LOW,False,False,False,True,False,HIGH,NORMAL,LOW,LOW,NORMAL,HIGH,ZERO,HIGH,HIGH,HIGH,False,ZERO,HIGH,LOW
HIGH,NORMAL,LOW,False,False,False,False,False,NORMAL,NORMAL,LOW,LOW,NORMAL,HIGH,ZERO,HIGH,HIGH,NORMAL,False,ZERO,NORMAL,HIGH
NORMAL,NORMAL,LOW,False,False,False,False,False,NORMAL,NORMAL,LOW,LOW,NORMAL,HIGH,ZERO,HIGH,HIGH,NORMAL,False,ZERO,NORMAL,LOW
HIGH,LOW,ZERO,False,False,False,False,False,NORMAL,ESOPHAGEAL,LOW,LOW,NORMAL,HIGH,LOW,HIGH,HIGH,NORMAL,False,LOW,NORMAL,HIGH
HIGH,NORMAL,LOW,False,False,False,True,False,HIGH,NORMAL,LOW,LOW,NORMAL,LOW,ZERO,HIGH,HIGH,HIGH,False,ZERO,NORMAL,LOW
HIGH,NORMAL,LOW,False,False,False,False,False,HIGH,NORMAL,LOW,LOW,NORMAL,HIGH,ZERO,HIGH,HIGH,HIGH,False,ZERO,NORMAL,LOW
LOW,NORMAL,LOW,False,False,False,False,False,NORMAL,NORMAL,LOW,LOW,NORMAL,NORMAL,ZERO,LOW,LOW,NORMAL,False,ZERO,NORMAL,HIGH
HIGH,NORMAL,LOW,True,False,True,False,False,HIGH,NORMAL,HIGH,LOW,NORMAL,NORMAL,ZERO,NORMAL,NORMAL,HIGH,False,ZERO,NORMAL,LOW
HIGH,NORMAL,ZERO,False,False,False,False,False,NORMAL,NORMAL,LOW,LOW,NORMAL,HIGH,ZERO,HIGH,HIGH,NORMAL,False,ZERO,NORMAL,HIGH
HIGH,ZERO,ZERO,False,False,False,False,False,NORMAL,NORMAL,LOW,HIGH,NORMAL,HIGH,HIGH,HIGH,HIGH,NORMAL,False,HIGH,NORMAL,LOW
HIGH,NORMAL,LOW,False,False,False,False,False,NORMAL,NORMAL,LOW,LOW,NORMAL,HIGH,ZERO,HIGH,HIGH,NORMAL,False,ZERO,NORMAL,LOW
HIGH,NORMAL,LOW,False,False,False,False,False,NORMAL,NORMAL,HIGH,LOW,NORMAL,HIGH,ZERO,HIGH,HIGH,NORMAL,False,ZERO,NORMAL,HIGH
HIGH,NORMAL,LOW,False,False,False,False,False,NORMAL,NORMAL,LOW,LOW,NORMAL,HIGH,ZERO,HIGH,HIGH,NORMAL,False,ZERO,NORMAL,NORMAL
LOW,LOW,ZERO,False,False,False,True,False,NORMAL,NORMAL,LOW,LOW,NORMAL,NORMAL,ZERO,LOW,LOW,NORMAL,False,ZERO,NORMAL,LOW
HIGH,NORMAL,LOW,False,False,False,True,False,NORMAL,NORMAL,LOW,LOW,NORMAL,HIGH,ZERO,HIGH,HIGH,NORMAL,True,ZERO,NORMAL,NORMAL
HIGH,NORMAL,LOW,False,False,True,False,False,NORMAL,NORMAL,LOW,LOW,NORMAL,HIGH,ZERO,NORMAL,NORMAL,LOW,False,LOW,NORMAL,NORMAL
HIGH,NORMAL,LOW,False,False,True,False,False,NORMAL,NORMAL,LOW,LOW,NORMAL,HIGH,ZERO,NORMAL,NORMAL,NORMAL,False,ZERO,NORMAL,NORMAL
HIGH,ZERO,ZERO,False,False,False,False,False,HIGH,NORMAL,LOW,HIGH,NORMAL,NORMAL,HIGH,HIGH,HIGH,HIGH,False,HIGH,NORMAL,NORMAL
HIGH,NORMAL,LOW,False,False,False,False,False,NORMAL,NORMAL,LOW,LOW,NORMAL,HIGH,ZERO,HIGH,HIGH,NORMAL,False,ZERO,NORMAL,NORMAL
HIGH,NORMAL,LOW,False,False,False,False,False,HIGH,NORMAL,LOW,HIGH,NORMAL,LOW,HIGH,HIGH,HIGH,HIGH,False,HIGH,NORMAL,LOW
HIGH,NORMAL,LOW,False,False,False,False,False,HIGH,NORMAL,LOW,LOW,NORMAL,HIGH,ZERO,HIGH,HIGH,HIGH,False,ZERO,NORMAL,LOW
HIGH,NORMAL,LOW,False,False,False,False,True,LOW,NORMAL,LOW,LOW,NORMAL,LOW,ZERO,HIGH,HIGH,LOW,False,ZERO,NORMAL,HIGH
HIGH,NORMAL,LOW,False,False,False,False,False,NORMAL,NORMAL,LOW,LOW,NORMAL,HIGH,ZERO,HIGH,HIGH,LOW,False,ZERO,NORMAL,NORMAL
HIGH,NORMAL,LOW,False,False,False,False,False,NORMAL,NORMAL,LOW,LOW,NORMAL,HIGH,ZERO,HIGH,HIGH,NORMAL,False,ZERO,NORMAL,NORMAL
HIGH,NORMAL,LOW,False,False,False,False,False,HIGH,NORMAL,LOW,LOW,LOW,HIGH,ZERO,HIGH,HIGH,HIGH,False,ZERO,HIGH,NORMAL
HIGH,NORMAL,LOW,False,False,False,False,False,NORMAL,NORMAL,LOW,LOW,NORMAL,HIGH,ZERO,HIGH,HIGH,NORMAL,False,ZERO,NORMAL,NORMAL
LOW,ZERO,ZERO,False,False,False,False,False,NORMAL,NORMAL,LOW,HIGH,NORMAL,NORMAL,HIGH,LOW,LOW,NORMAL,False,HIGH,NORMAL,HIGH
HIGH,NORMAL,LOW,False,False,False,False,False,NORMAL,NORMAL,LOW,LOW,NORMAL,HIGH,NORMAL,HIGH,HIGH,NORMAL,False,ZERO,NORMAL,NORMAL
LOW,NORMAL,LOW,False,False,False,False,False,NORMAL,NORMAL,LOW,LOW,HIGH,LOW,ZERO,LOW,LOW,NORMAL,False,ZERO,NORMAL,HIGH
HIGH,NORMAL,ZERO,False,False,False,False,False,NORMAL,NORMAL,LOW,LOW,NORMAL,HIGH,ZERO,HIGH,HIGH,NORMAL,False,ZERO,NORMAL,NORMAL
LOW,NORMAL,LOW,False,False,True,False,False,NORMAL,NORMAL,LOW,LOW,NORMAL,NORMAL,ZERO,LOW,NORMAL,NORMAL,False,ZERO,NORMAL,HIGH
NORMAL,LOW,ZERO,False,False,False,True,False,NORMAL,NORMAL,LOW,LOW,NORMAL,LOW,ZERO,LOW,LOW,NORMAL,False,ZERO,NORMAL,HIGH
HIGH,ZERO,ZERO,False,False,False,False,False,NORMAL,NORMAL,ZERO,LOW,NORMAL,HIGH,HIGH,HIGH,HIGH,NORMAL,False,NORMAL,NORMAL,NORMAL
HIGH,NORMAL,LOW,False,False,False,False,False,NORMAL,NORMAL,LOW,LOW,NORMAL,HIGH,LOW,HIGH,HIGH,NORMAL,False,ZERO,NORMAL,NORMAL
LOW,ZERO,ZERO,False,False,False,False,False,NORMAL,ONESIDED,LOW,LOW,NORMAL,NORMAL,NORMAL,LOW,LOW,NORMAL,False,NORMAL,HIGH,HIGH
HIGH,NORMAL,ZERO,False,True,False,True,False,NORMAL,NORMAL,LOW,LOW,NORMAL,HIGH,ZERO,HIGH,HIGH,NORMAL,True,ZERO,NORMAL,NORMAL
HIGH,NORMAL,LOW,False,False,False,False,False,NORMAL,ESOPHAGEAL,LOW,LOW,NORMAL,HIGH,LOW,HIGH,HIGH,NORMAL,False,LOW,NORMAL,NORMAL
HIGH,NORMAL,LOW,False,False,False,True,False,NORMAL,NORMAL,LOW,LOW,NORMAL,LOW,ZERO,HIGH,HIGH,NORMAL,False,ZERO,NORMAL,NORMAL
HIGH,NORMAL,LOW,False,False,False,False,False,LOW,NORMAL,LOW,LOW,NORMAL,LOW,ZERO,HIGH,HIGH,LOW,False,ZERO,NORMAL,NORMAL
HIGH,HIGH,HIGH,False,False,False,False,False,HIGH,NORMAL,NORMAL,LOW,NORMAL,NORMAL,HIGH,HIGH,HIGH,HIGH,False,LOW,NORMAL,NORMAL
HIGH,NORMAL,LOW,False,False,False,False,False,NORMAL,NORMAL,LOW,LOW,NORMAL,HIGH,ZERO,HIGH,HIGH,NORMAL,False,ZERO,NORMAL,LOW
HIGH,NORMAL,LOW,False,False,False,False,False,NORMAL,NORMAL,LOW,LOW,NORMAL,HIGH,ZERO,HIGH,HIGH,NORMAL,False,ZERO,NORMAL,HIGH
NORMAL,NORMAL,LOW,False,False,False,True,False,NORMAL,NORMAL,LOW,LOW,NORMAL,HIGH,ZERO,HIGH,HIGH,NORMAL,False,ZERO,NORMAL,HIGH
LOW,NORMAL,ZERO,False,False,False,False,False,HIGH,NORMAL,LOW,HIGH,NORMAL,LOW,HIGH,LOW,LOW,HIGH,False,HIGH,NORMAL,HIGH
HIGH,ZERO,ZERO,False,False,False,False,False,HIGH,ESOPHAGEAL,LOW,LOW,NORMAL,LOW,LOW,HIGH,HIGH,HIGH,False,LOW,NORMAL,NORMAL
LOW,NORMAL,LOW,False,False,False,False,False,LOW,NORMAL,LOW,LOW,NORMAL,NORMAL,ZERO,LOW,LOW,LOW,False,ZERO,NORMAL,LOW
LOW,NORMAL,ZERO,False,False,False,False,False,NORMAL,NORMAL,LOW,HIGH,NORMAL,NORMAL,HIGH,LOW,LOW,NORMAL,False,HIGH,NORMAL,HIGH
HIGH,NORMAL,LOW,False,False,False,False,False,NORMAL,NORMAL,LOW,LOW,NORMAL,HIGH,ZERO,HIGH,HIGH,NORMAL,False,ZERO,NORMAL,NORMAL
HIGH,NORMAL,LOW,False,False,False,False,False,NORMAL,NORMAL,LOW,LOW,NORMAL,HIGH,ZERO,NORMAL,HIGH,NORMAL,True,ZERO,NORMAL,NORMAL
HIGH,NORMAL,LOW,False,False,False,False,False,NORMAL,NORMAL,LOW,LOW,HIGH,LOW,ZERO,HIGH,NORMAL,NORMAL,False,ZERO,NORMAL,LOW
LOW,NORMAL,LOW,False,False,False,False,False,HIGH,NORMAL,LOW,NORMAL,NORMAL,NORMAL,ZERO,LOW,LOW,HIGH,False,ZERO,NORMAL,HIGH
HIGH,ZERO,ZERO,False,False,True,False,False,HIGH,NORMAL,LOW,HIGH,NORMAL,LOW,HIGH,NORMAL,NORMAL,HIGH,False,HIGH,NORMAL,LOW
HIGH,HIGH,HIGH,False,False,False,False,False,NORMAL,NORMAL,LOW,HIGH,NORMAL,HIGH,HIGH,HIGH,HIGH,NORMAL,False,HIGH,NORMAL,LOW
HIGH,NORMAL,LOW,False,False,False,False,False,NORMAL,NORMAL,LOW,LOW,NORMAL,HIGH,ZERO,HIGH,HIGH,NORMAL,False,ZERO,NORMAL,NORMAL
HIGH,NORMAL,LOW,False,False,False,False,False,NORMAL,NORMAL,NORMAL,LOW,NORMAL,NORMAL,HIGH,HIGH,HIGH,NORMAL,False,ZERO,NORMAL,HIGH
HIGH,NORMAL,LOW,False,False,False,False,False,LOW,NORMAL,LOW,LOW,NORMAL,HIGH,ZERO,HIGH,HIGH,LOW,False,ZERO,HIGH,NORMAL
HIGH,NORMAL,ZERO,False,False,True,False,False,NORMAL,NORMAL,LOW,LOW,NORMAL,HIGH,ZERO,NORMAL,NORMAL,NORMAL,True,ZERO,NORMAL,HIGH
HIGH,NORMAL,LOW,False,False,False,False,False,NORMAL,NORMAL,LOW,LOW,NORMAL,HIGH,ZERO,HIGH,HIGH,NORMAL,False,ZERO,NORMAL,HIGH
LOW,NORMAL,LOW,False,False,False,False,False,HIGH,NORMAL,LOW,LOW,NORMAL,NORMAL,ZERO,LOW,LOW,HIGH,False,ZERO,NORMAL,HIGH
HIGH,NORMAL,LOW,False,False,False,False,False,NORMAL,NORMAL,LOW,LOW,NORMAL,HIGH,ZERO,HIGH,HIGH,NORMAL,False,ZERO,NORMAL,HIGH
HIGH,NORMAL,LOW,False,False,False,False,False,NORMAL,NORMAL,ZERO,NORMAL,NORMAL,HIGH,ZERO,HIGH,HIGH,NORMAL,False,ZERO,NORMAL,NORMAL
HIGH,NORMAL,LOW,False,False,False,False,False,NORMAL,NORMAL,LOW,LOW,NORMAL,HIGH,ZERO,HIGH,HIGH,NORMAL,False,ZERO,NORMAL,NORMAL
HIGH,NORMAL,LOW,False,False,False,False,False,NORMAL,NORMAL,LOW,LOW,NORMAL,HIGH,ZERO,HIGH,HIGH,NORMAL,False,ZERO,NORMAL,LOW
HIGH,LOW,ZERO,False,False,False,False,False,NORMAL,NORMAL,LOW,HIGH,HIGH,HIGH,HIGH,HIGH,HIGH,NORMAL,False,HIGH,NORMAL,NORMAL
HIGH,NORMAL,LOW,False,False,False,False,False,HIGH,NORMAL,LOW,LOW,NORMAL,LOW,ZERO,HIGH,HIGH,HIGH,False,ZERO,HIGH,HIGH
NORMAL,NORMAL,ZERO,False,False,False,False,False,HIGH,NORMAL,NORMAL,LOW,NORMAL,NORMAL,HIGH,HIGH,HIGH,HIGH,False,ZERO,NORMAL,HIGH
NORMAL,NORMAL,LOW,False,False,False,False,False,HIGH,NORMAL,LOW,LOW,NORMAL,HIGH,ZERO,HIGH,HIGH,HIGH,False,ZERO,NORMAL,NORMAL
HIGH,NORMAL,ZERO,False,False,False,False,False,NORMAL,NORMAL,ZERO,LOW,NORMAL,HIGH,ZERO,HIGH,HIGH,NORMAL,False,LOW,NORMAL,NORMAL
HIGH,NORMAL,LOW,False,False,False,False,False,NORMAL,NORMAL,LOW,LOW,NORMAL,HIGH,ZERO,HIGH,HIGH,LOW,False,ZERO,NORMAL,HIGH
HIGH,NORMAL,LOW,False,False,True,False,False,NORMAL,NORMAL,LOW,LOW,NORMAL,HIGH,ZERO,NORMAL,NORMAL,NORMAL,False,ZERO,NORMAL,LOW
LOW,NORMAL,LOW,False,False,False,False,False,NORMAL,NORMAL,HIGH,LOW,NORMAL,LOW,ZERO,LOW,LOW,NORMAL,False,ZERO,NORMAL,LOW
HIGH,NORMAL,LOW,False,False,False,False,False,NORMAL,NORMAL,LOW,LOW,NORMAL,HIGH,ZERO,HIGH,HIGH,NORMAL,False,ZERO,NORMAL,NORMAL
HIGH,NORMAL,LOW,False,False,False,False,False,HIGH,NORMAL,LOW,LOW,NORMAL,HIGH,ZERO,HIGH,HIGH,HIGH,False,ZERO,NORMAL,HIGH
HIGH,NORMAL,LOW,False,False,False,False,False,NORMAL,NORMAL,LOW,LOW,NORMAL,HIGH,LOW,HIGH,HIGH,NORMAL,False,ZERO,NORMAL,NORMAL
HIGH,NORMAL,LOW,False,False,False,False,False,NORMAL,NORMAL,LOW,LOW,NORMAL,NORMAL,ZERO,HIGH,HIGH,NORMAL,True,ZERO,NORMAL,LOW
LOW,NORMAL,LOW,False,False,False,True,False,NORMAL,NORMAL,LOW,LOW,NORMAL,NORMAL,ZERO,LOW,LOW,NORMAL,False,ZERO,NORMAL,HIGH
HIGH,NORMAL,LOW,False,False,False,False,False,NORMAL,NORMAL,LOW,LOW,NORMAL,NORMAL,ZERO,HIGH,HIGH,NORMAL,False,ZERO,NORMAL,NORMAL
HIGH,NORMAL,LOW,False,False,False,False,True,LOW,NORMAL,LOW,LOW,LOW,LOW,ZERO,HIGH,HIGH,LOW,False,ZERO,NORMAL,HIGH
HIGH,NORMAL,LOW,False,False,False,False,False,NORMAL,NORMAL,LOW,LOW,NORMAL,HIGH,ZERO,NORMAL,HIGH,NORMAL,False,ZERO,NORMAL,LOW
HIGH,NORMAL,LOW,False,False,False,False,False,NORMAL,NORMAL,LOW,LOW,NORMAL,HIGH,ZERO,HIGH,HIGH,NORMAL,False,ZERO,NORMAL,NORMAL
HIGH,HIGH,HIGH,False,False,False,True,False,NORMAL,NORMAL,LOW,HIGH,NORMAL,HIGH,HIGH,HIGH,HIGH,NORMAL,False,HIGH,NORMAL,LOW
HIGH,NORMAL,LOW,False,False,False,False,False,NORMAL,NORMAL,LOW,LOW,NORMAL,HIGH,ZERO,HIGH,HIGH,NORMAL,False,ZERO,NORMAL,LOW
HIGH,NORMAL,ZERO,False,False,False,False,False,HIGH,ONESIDED,LOW,LOW,NORMAL,LOW,NORMAL,HIGH,HIGH,HIGH,False,NORMAL,HIGH,NORMAL
NORMAL,NORMAL,LOW,False,False,False,True,False,HIGH,NORMAL,LOW,LOW,NORMAL,NORMAL,ZERO,HIGH,HIGH,HIGH,False,ZERO,NORMAL,LOW
NORMAL,NORMAL,LOW,False,False,False,False,False,LOW,NORMAL,LOW,LOW,NORMAL,HIGH,ZERO,HIGH,HIGH,LOW,True,ZERO,NORMAL,NORMAL
NORMAL,NORMAL,LOW,False,False,False,False,False,HIGH,NORMAL,LOW,LOW,NORMAL,HIGH,ZERO,HIGH,HIGH,HIGH,False,ZERO,NORMAL,NORMAL
HIGH,NORMAL,ZERO,False,False,False,False,False,HIGH,NORMAL,LOW,LOW,LOW,NORMAL,ZERO,HIGH,HIGH,HIGH,False,ZERO,NORMAL,LOW
LOW,NORMAL,ZERO,False,False,False,False,False,NORMAL,NORMAL,LOW,HIGH,NORMAL,NORMAL,HIGH,HIGH,NORMAL,NORMAL,False,HIGH,NORMAL,NORMAL
HIGH,NORMAL,LOW,False,False,True,False,False,NORMAL,ESOPHAGEAL,LOW,LOW,NORMAL,HIGH,LOW,NORMAL,NORMAL,NORMAL,True,LOW,NORMAL,NORMAL
HIGH,NORMAL,ZERO,False,False,False,True,False,NORMAL,NORMAL,LOW,LOW,NORMAL,HIGH,ZERO,HIGH,HIGH,NORMAL,False,ZERO,NORMAL,NORMAL
HIGH,NORMAL,LOW,False,False,False,False,False,NORMAL,NORMAL,LOW,LOW,NORMAL,HIGH,ZERO,HIGH,HIGH,HIGH,False,ZERO,NORMAL,HIGH
HIGH,NORMAL,ZERO,False,False,False,False,False,LOW,NORMAL,LOW,HIGH,NORMAL,HIGH,HIGH,HIGH,HIGH,LOW,False,HIGH,NORMAL,NORMAL
HIGH,NORMAL,LOW,False,False,False,False,False,HIGH,NORMAL,LOW,LOW,NORMAL,HIGH,ZERO,HIGH,HIGH,HIGH,False,ZERO,NORMAL,HIGH
HIGH,NORMAL,LOW,False,False,True,False,False,NORMAL,NORMAL,HIGH,LOW,HIGH,HIGH,LOW,NORMAL,NORMAL,NORMAL,False,LOW,NORMAL,NORMAL
HIGH,NORMAL,LOW,False,False,False,False,False,NORMAL,NORMAL,LOW,LOW,NORMAL,HIGH,ZERO,HIGH,HIGH,NORMAL,True,ZERO,NORMAL,NORMAL
HIGH,ZERO,ZERO,False,False,False,False,False,LOW,ONESIDED,LOW,LOW,LOW,HIGH,NORMAL,HIGH,HIGH,LOW,False,NORMAL,HIGH,HIGH
HIGH,NORMAL,LOW,False,False,True,False,False,HIGH,NORMAL,LOW,LOW,NORMAL,LOW,ZERO,NORMAL,NORMAL,HIGH,False,ZERO,NORMAL,NORMAL
HIGH,NORMAL,LOW,False,False,False,False,False,NORMAL,NORMAL,LOW,LOW,NORMAL,LOW,ZERO,HIGH,HIGH,HIGH,False,ZERO,NORMAL,LOW
HIGH,NORMAL,LOW,False,False,False,False,False,NORMAL,NORMAL,LOW,LOW,NORMAL,HIGH,ZERO,HIGH,HIGH,NORMAL,False,ZERO,NORMAL,HIGH
HIGH,NORMAL,ZERO,False,False,False,False,False,HIGH,NORMAL,LOW,HIGH,NORMAL,HIGH,HIGH,HIGH,HIGH,HIGH,False,HIGH,NORMAL,LOW
LOW,NORMAL,LOW,False,False,False,False,False,NORMAL,NORMAL,LOW,LOW,NORMAL,NORMAL,ZERO,LOW,LOW,NORMAL,False,ZERO,NORMAL,NORMAL
NORMAL,NORMAL,LOW,False,False,False,False,False,NORMAL,ONESIDED,NORMAL,LOW,LOW,LOW,ZERO,LOW,LOW,NORMAL,False,LOW,HIGH,LOW
HIGH,NORMAL,LOW,False,False,False,False,False,HIGH,ESOPHAGEAL,NORMAL,LOW,NORMAL,HIGH,ZERO,HIGH,HIGH,HIGH,False,ZERO,NORMAL,NORMAL
HIGH,NORMAL,LOW,False,False,False,False,False,NORMAL,ESOPHAGEAL,LOW,LOW,LOW,HIGH,LOW,HIGH,HIGH,NORMAL,False,LOW,NORMAL,LOW
HIGH,NORMAL,LOW,False,False,False,False,False,NORMAL,NORMAL,LOW,LOW,NORMAL,HIGH,ZERO,HIGH,HIGH,NORMAL,False,ZERO,NORMAL,LOW
HIGH,NORMAL,LOW,False,False,False,False,False,HIGH,NORMAL,LOW,LOW,NORMAL,LOW,ZERO,HIGH,HIGH,HIGH,False,ZERO,NORMAL,LOW
HIGH,NORMAL,LOW,False,False,False,False,False,NORMAL,NORMAL,LOW,LOW,NORMAL,HIGH,ZERO,HIGH,HIGH,NORMAL,False,ZERO,NORMAL,NORMAL
LOW,NORMAL,LOW,False,False,False,False,False,NORMAL,NORMAL,LOW,LOW,NORMAL,NORMAL,ZERO,LOW,LOW,NORMAL,False,ZERO,HIGH,HIGH
LOW,NORMAL,LOW,False,False,False,False,False,NORMAL,NORMAL,NORMAL,LOW,NORMAL,NORMAL,LOW,LOW,LOW,NORMAL,False,NORMAL,NORMAL,HIGH
HIGH,NORMAL,LOW,False,True,False,True,True,LOW,NORMAL,LOW,LOW,HIGH,NORMAL,ZERO,HIGH,HIGH,LOW,False,ZERO,HIGH,NORMAL
LOW,NORMAL,LOW,False,False,False,False,False,NORMAL,NORMAL,ZERO,HIGH,NORMAL,NORMAL,ZERO,LOW,LOW,NORMAL,False,HIGH,NORMAL,HIGH
HIGH,NORMAL,LOW,False,False,False,False,False,NORMAL,NORMAL,LOW,LOW,NORMAL,HIGH,ZERO,HIGH,HIGH,NORMAL,False,ZERO,NORMAL,HIGH
HIGH,NORMAL,LOW,False,True,False,False,False,HIGH,ESOPHAGEAL,LOW,LOW,HIGH,LOW,LOW,HIGH,HIGH,HIGH,False,LOW,HIGH,NORMAL
HIGH,NORMAL,LOW,False,False,False,True,False,NORMAL,NORMAL,LOW,LOW,NORMAL,HIGH,ZERO,HIGH,HIGH,NORMAL,False,ZERO,NORMAL,LOW
LOW,NORMAL,LOW,False,False,False,False,False,NORMAL,NORMAL,LOW,LOW,NORMAL,LOW,ZERO,LOW,HIGH,NORMAL,False,ZERO,NORMAL,NORMAL
HIGH,HIGH,HIGH,False,False,False,False,False,NORMAL,ONESIDED,HIGH,LOW,NORMAL,HIGH,HIGH,HIGH,HIGH,NORMAL,False,LOW,HIGH,NORMAL
HIGH,NORMAL,LOW,False,False,False,False,False,NORMAL,NORMAL,LOW,LOW,NORMAL,HIGH,ZERO,HIGH,HIGH,NORMAL,False,ZERO,NORMAL,HIGH
HIGH,NORMAL,LOW,False,False,False,False,False,NORMAL,NORMAL,LOW,LOW,NORMAL,HIGH,ZERO,HIGH,HIGH,NORMAL,False,ZERO,NORMAL,NORMAL
HIGH,NORMAL,LOW,False,False,False,False,False,HIGH,NORMAL,LOW,LOW,NORMAL,LOW,ZERO,HIGH,HIGH,HIGH,False,ZERO,NORMAL,LOW
HIGH,NORMAL,LOW,False,False,False,False,False,NORMAL,NORMAL,LOW,LOW,LOW,HIGH,ZERO,HIGH,HIGH,NORMAL,False,ZERO,NORMAL,NORMAL
HIGH,ZERO,ZERO,False,False,False,False,False,NORMAL,NORMAL,LOW,LOW,NORMAL,HIGH,ZERO,HIGH,HIGH,NORMAL,False,ZERO,NORMAL,LOW
HIGH,NORMAL,LOW,False,False,False,False,False,NORMAL,NORMAL,LOW,LOW,NORMAL,NORMAL,ZERO,HIGH,HIGH,NORMAL,False,ZERO,NORMAL,NORMAL
HIGH,NORMAL,ZERO,False,False,False,False,False,NORMAL,NORMAL,LOW,HIGH,NORMAL,HIGH,HIGH,HIGH,HIGH,NORMAL,False,HIGH,NORMAL,NORMAL
HIGH,LOW,ZERO,False,False,False,False,False,NORMAL,NORMAL,LOW,HIGH,NORMAL,HIGH,HIGH,HIGH,HIGH,NORMAL,False,HIGH,NORMAL,NORMAL
HIGH,NORMAL,LOW,False,False,False,False,False,HIGH,NORMAL,LOW,LOW,NORMAL,NORMAL,ZERO,HIGH,HIGH,LOW,False,ZERO,NORMAL,NORMAL
HIGH,NORMAL,LOW,False,False,False,False,False,NORMAL,NORMAL,LOW,LOW,NORMAL,HIGH,ZERO,HIGH,HIGH,NORMAL,False,ZERO,NORMAL,NORMAL
LOW,NORMAL,ZERO,False,False,False,False,True,LOW,NORMAL,LOW,LOW,NORMAL,LOW,ZERO,LOW,LOW,LOW,False,ZERO,HIGH,NORMAL
LOW,NORMAL,ZERO,False,False,False,False,False,HIGH,NORMAL,LOW,HIGH,NORMAL,NORMAL,HIGH,LOW,LOW,NORMAL,False,HIGH,NORMAL,HIGH
LOW,NORMAL,LOW,False,False,False,False,False,NORMAL,NORMAL,LOW,LOW,NORMAL,NORMAL,ZERO,LOW,LOW,NORMAL,False,ZERO,NORMAL,HIGH
LOW,NORMAL,ZERO,False,False,False,False,False,NORMAL,NORMAL,LOW,HIGH,LOW,NORMAL,HIGH,LOW,LOW,NORMAL,False,HIGH,NORMAL,HIGH
HIGH,NORMAL,LOW,False,False,False,False,False,NORMAL,NORMAL,LOW,LOW,NORMAL,HIGH,ZERO,HIGH,HIGH,NORMAL,False,ZERO,NORMAL,HIGH
LOW,ZERO,ZERO,False,False,True,False,False,NORMAL,NORMAL,LOW,HIGH,LOW,NORMAL,HIGH,LOW,NORMAL,NORMAL,False,HIGH,NORMAL,HIGH
HIGH,LOW,ZERO,False,False,True,True,False,NORMAL,NORMAL,LOW,HIGH,NORMAL,HIGH,HIGH,NORMAL,NORMAL,NORMAL,False,HIGH,NORMAL,NORMAL
HIGH,NORMAL,LOW,False,False,False,False,False,HIGH,NORMAL,LOW,LOW,NORMAL,HIGH,ZERO,HIGH,HIGH,HIGH,False,ZERO,NORMAL,HIGH
NORMAL,NORMAL,LOW,False,False,False,False,False,NORMAL,NORMAL,LOW,LOW,HIGH,HIGH,ZERO,HIGH,HIGH,NORMAL,False,ZERO,NORMAL,LOW
LOW,NORMAL,ZERO,False,False,False,False,False,NORMAL,ONESIDED,LOW,LOW,NORMAL,HIGH,NORMAL,HIGH,HIGH,NORMAL,False,NORMAL,NORMAL,LOW
HIGH,NORMAL,LOW,False,False,False,False,False,NORMAL,NORMAL,LOW,LOW,NORMAL,HIGH,ZERO,HIGH,HIGH,NORMAL,False,ZERO,NORMAL,HIGH
HIGH,NORMAL,LOW,False,False,False,False,False,NORMAL,NORMAL,LOW,LOW,NORMAL,HIGH,ZERO,HIGH,HIGH,NORMAL,False,ZERO,NORMAL,NORMAL
HIGH,NORMAL,LOW,False,False,False,False,False,HIGH,NORMAL,HIGH,LOW,NORMAL,LOW,LOW,HIGH,HIGH,HIGH,False,LOW,NORMAL,NORMAL
HIGH,NORMAL,LOW,False,False,False,False,False,NORMAL,NORMAL,LOW,LOW,HIGH,HIGH,ZERO,HIGH,HIGH,NORMAL,False,ZERO,NORMAL,NORMAL
HIGH,NORMAL,LOW,False,True,True,False,False,NORMAL,NORMAL,LOW,LOW,HIGH,HIGH,ZERO,NORMAL,NORMAL,NORMAL,False,ZERO,HIGH,NORMAL
HIGH,NORMAL,LOW,False,False,False,False,False,NORMAL,NORMAL,LOW,LOW,NORMAL,HIGH,ZERO,HIGH,HIGH,NORMAL,False,ZERO,NORMAL,LOW
HIGH,HIGH,NORMAL,False,False,False,False,False,HIGH,NORMAL,HIGH,LOW,HIGH,LOW,LOW,HIGH,HIGH,HIGH,False,LOW,NORMAL,NORMAL
HIGH,NORMAL,LOW,False,False,False,False,False,NORMAL,ESOPHAGEAL,ZERO,HIGH,NORMAL,HIGH,LOW,HIGH,HIGH,NORMAL,True,HIGH,NORMAL,NORMAL
LOW,NORMAL,ZERO,False,False,False,False,False,NORMAL,NORMAL,LOW,HIGH,NORMAL,NORMAL,HIGH,LOW,LOW,NORMAL,False,HIGH,NORMAL,HIGH
NORMAL,NORMAL,LOW,False,False,False,False,False,NORMAL,NORMAL,LOW,LOW,NORMAL,HIGH,ZERO,HIGH,LOW,NORMAL,False,ZERO,NORMAL,LOW
NORMAL,NORMAL,LOW,False,False,False,False,False,NORMAL,NORMAL,LOW,LOW,NORMAL,HIGH,ZERO,HIGH,HIGH,NORMAL,False,ZERO,NORMAL,NORMAL
LOW,NORMAL,LOW,False,False,False,False,False,NORMAL,ONESIDED,HIGH,LOW,NORMAL,NORMAL,ZERO,LOW,LOW,NORMAL,False,LOW,HIGH,HIGH
LOW,HIGH,HIGH,False,False,False,False,False,NORMAL,NORMAL,LOW,HIGH,NORMAL,NORMAL,HIGH,LOW,LOW,NORMAL,False,HIGH,NORMAL,LOW
LOW,NORMAL,HIGH,False,False,False,False,False,HIGH,NORMAL,LOW,HIGH,NORMAL,LOW,HIGH,LOW,LOW,HIGH,False,HIGH,HIGH,HIGH
HIGH,NORMAL,LOW,False,False,False,True,False,NORMAL,NORMAL,LOW,HIGH,NORMAL,HIGH,HIGH,HIGH,HIGH,NORMAL,False,HIGH,NORMAL,LOW
HIGH,NORMAL,LOW,False,False,False,False,False,HIGH,NORMAL,LOW,LOW,NORMAL,LOW,ZERO,HIGH,HIGH,HIGH,False,ZERO,NORMAL,HIGH
NORMAL,NORMAL,LOW,False,False,False,True,True,LOW,NORMAL,NORMAL,LOW,NORMAL,LOW,LOW,HIGH,HIGH,LOW,False,NORMAL,NORMAL,NORMAL
HIGH,NORMAL,LOW,False,False,False,False,False,NORMAL,NORMAL,LOW,LOW,LOW,HIGH,ZERO,HIGH,HIGH,NORMAL,False,ZERO,NORMAL,NORMAL
LOW,NORMAL,LOW,False,False,True,False,False,NORMAL,NORMAL,LOW,LOW,NORMAL,NORMAL,ZERO,LOW,NORMAL,NORMAL,False,ZERO,NORMAL,NORMAL
HIGH,NORMAL,LOW,False,False,False,False,False,NORMAL,NORMAL,LOW,LOW,NORMAL,HIGH,ZERO,HIGH,HIGH,NORMAL,False,ZERO,NORMAL,LOW
HIGH,ZERO,ZERO,False,False,False,False,False,NORMAL,ESOPHAGEAL,LOW,LOW,NORMAL,HIGH,LOW,HIGH,HIGH,NORMAL,False,LOW,NORMAL,NORMAL
HIGH,NORMAL,LOW,False,False,True,False,False,NORMAL,NORMAL,LOW,HIGH,NORMAL,HIGH,HIGH,NORMAL,NORMAL,NORMAL,False,HIGH,NORMAL,NORMAL
LOW,NORMAL,ZERO,False,False,False,False,False,HIGH,NORMAL,LOW,HIGH,NORMAL,NORMAL,HIGH,LOW,LOW,HIGH,False,HIGH,NORMAL,NORMAL
HIGH,NORMAL,LOW,False,False,False,False,False,NORMAL,NORMAL,LOW,LOW,NORMAL,HIGH,ZERO,HIGH,HIGH,NORMAL,False,ZERO,NORMAL,HIGH
HIGH,NORMAL,ZERO,False,False,True,False,False,NORMAL,NORMAL,ZERO,NORMAL,NORMAL,HIGH,HIGH,NORMAL,NORMAL,NORMAL,False,HIGH,NORMAL,NORMAL
HIGH,NORMAL,LOW,False,False,False,True,False,NORMAL,NORMAL,LOW,LOW,NORMAL,HIGH,ZERO,HIGH,HIGH,NORMAL,False,ZERO,NORMAL,HIGH
HIGH,NORMAL,LOW,False,False,True,False,False,HIGH,NORMAL,ZERO,LOW,NORMAL,HIGH,ZERO,NORMAL,NORMAL,HIGH,False,ZERO,NORMAL,HIGH
HIGH,NORMAL,LOW,False,False,False,False,False,NORMAL,NORMAL,LOW,LOW,NORMAL,LOW,ZERO,HIGH,HIGH,NORMAL,False,ZERO,NORMAL,LOW
HIGH,LOW,ZERO,False,False,False,True,False,NORMAL,NORMAL,LOW,HIGH,NORMAL,HIGH,HIGH,HIGH,LOW,NORMAL,False,HIGH,NORMAL,NORMAL
HIGH,NORMAL,LOW,False,False,False,False,False,HIGH,ONESIDED,NORMAL,LOW,NORMAL,LOW,ZERO,HIGH,HIGH,LOW,False,LOW,HIGH,HIGH
HIGH,NORMAL,LOW,False,False,False,False,False,NORMAL,NORMAL,LOW,LOW,LOW,HIGH,ZERO,HIGH,HIGH,NORMAL,False,ZERO,NORMAL,HIGH
HIGH,NORMAL,LOW,False,False,True,False,False,HIGH,NORMAL,ZERO,HIGH,NORMAL,HIGH,ZERO,NORMAL,NORMAL,HIGH,False,HIGH,NORMAL,LOW
HIGH,HIGH,NORMAL,False,False,False,False,False,NORMAL,NORMAL,HIGH,LOW,NORMAL,HIGH,LOW,HIGH,HIGH,NORMAL,False,LOW,NORMAL,NORMAL
LOW,NORMAL,LOW,False,False,False,False,False,HIGH,NORMAL,LOW,LOW,NORMAL,NORMAL,ZERO,LOW,LOW,HIGH,False,ZERO,NORMAL,LOW
HIGH,NORMAL,LOW,False,False,False,False,False,HIGH,ONESIDED,NORMAL,LOW,NORMAL,HIGH,ZERO,HIGH,HIGH,HIGH,False,LOW,HIGH,LOW
HIGH,NORMAL,LOW,False,False,False,True,False,NORMAL,NORMAL,LOW,LOW,NORMAL,HIGH,ZERO,HIGH,HIGH,NORMAL,False,ZERO,NORMAL,LOW
HIGH,NORMAL,LOW,False,False,False,False,False,NORMAL,NORMAL,LOW,LOW,NORMAL,HIGH,ZERO,HIGH,HIGH,NORMAL,False,ZERO,NORMAL,HIGH
HIGH,NORMAL,LOW,False,False,False,False,False,NORMAL,NORMAL,LOW,LOW,NORMAL,HIGH,ZERO,HIGH,HIGH,NORMAL,False,ZERO,NORMAL,LOW
HIGH,HIGH,NORMAL,False,False,True,False,False,NORMAL,NORMAL,HIGH,NORMAL,NORMAL,HIGH,LOW,NORMAL,NORMAL,NORMAL,False,LOW,NORMAL,NORMAL
HIGH,NORMAL,LOW,False,False,False,False,False,HIGH,NORMAL,LOW,LOW,NORMAL,HIGH,ZERO,HIGH,HIGH,HIGH,False,ZERO,NORMAL,NORMAL
HIGH,NORMAL,LOW,False,False,False,False,False,NORMAL,NORMAL,LOW,LOW,HIGH,HIGH,ZERO,HIGH,HIGH,NORMAL,False,ZERO,NORMAL,NORMAL
HIGH,NORMAL,LOW,False,False,False,False,False,HIGH,NORMAL,LOW,LOW,NORMAL,LOW,ZERO,HIGH,HIGH,HIGH,False,ZERO,NORMAL,NORMAL
LOW,ZERO,ZERO,False,False,False,False,False,NORMAL,NORMAL,LOW,HIGH,NORMAL,NORMAL,HIGH,LOW,LOW,NORMAL,False,HIGH,NORMAL,NORMAL
HIGH,NORMAL,LOW,False,False,True,False,False,NORMAL,NORMAL,LOW,LOW,LOW,LOW,ZERO,NORMAL,NORMAL,NORMAL,False,ZERO,NORMAL,NORMAL
HIGH,NORMAL,ZERO,False,False,False,False,False,LOW,NORMAL,LOW,LOW,NORMAL,HIGH,ZERO,HIGH,HIGH,LOW,False,ZERO,NORMAL,LOW
HIGH,NORMAL,LOW,False,False,False,False,False,NORMAL,NORMAL,LOW,LOW,HIGH,HIGH,ZERO,HIGH,HIGH,NORMAL,False,ZERO,NORMAL,LOW
HIGH,NORMAL,LOW,False,False,False,True,False,NORMAL,NORMAL,LOW,LOW,NORMAL,HIGH,ZERO,HIGH,HIGH,NORMAL,False,ZERO,NORMAL,NORMAL
HIGH,NORMAL,LOW,False,False,False,False,False,NORMAL,NORMAL,LOW,LOW,NORMAL,NORMAL,ZERO,HIGH,HIGH,NORMAL,False,ZERO,NORMAL,HIGH
HIGH,NORMAL,LOW,False,False,True,False,False,LOW,NORMAL,LOW,LOW,NORMAL,HIGH,ZERO,NORMAL,NORMAL,LOW,False,ZERO,NORMAL,NORMAL
HIGH,NORMAL,LOW,False,False,False,False,False,NORMAL,NORMAL,NORMAL,LOW,NORMAL,HIGH,LOW,HIGH,HIGH,NORMAL,False,NORMAL,HIGH,NORMAL
HIGH,NORMAL,LOW,False,False,False,False,False,HIGH,NORMAL,LOW,LOW,NORMAL,LOW,ZERO,HIGH,HIGH,HIGH,False,LOW,NORMAL,LOW
LOW,NORMAL,LOW,False,False,False,False,False,NORMAL,NORMAL,ZERO,HIGH,NORMAL,NORMAL,ZERO,LOW,LOW,NORMAL,False,HIGH,NORMAL,HIGH
HIGH,NORMAL,LOW,False,False,False,False,False,NORMAL,NORMAL,LOW,LOW,NORMAL,LOW,ZERO,HIGH,HIGH,NORMAL,False,ZERO,NORMAL,NORMAL
NORMAL,NORMAL,LOW,False,False,False,False,False,LOW,NORMAL,LOW,LOW,NORMAL,HIGH,ZERO,HIGH,HIGH,LOW,False,ZERO,NORMAL,NORMAL
HIGH,NORMAL,LOW,False,False,False,False,False,NORMAL,NORMAL,LOW,LOW,NORMAL,HIGH,ZERO,HIGH,HIGH,NORMAL,False,ZERO,NORMAL,LOW
HIGH,NORMAL,LOW,False,False,True,False,False,NORMAL,NORMAL,LOW,LOW,NORMAL,HIGH,ZERO,NORMAL,NORMAL,NORMAL,False,ZERO,NORMAL,LOW
HIGH,NORMAL,LOW,False,False,False,False,False,NORMAL,NORMAL,LOW,LOW,NORMAL,HIGH,ZERO,HIGH,HIGH,NORMAL,False,ZERO,NORMAL,NORMAL
LOW,NORMAL,LOW,False,False,False,False,False,NORMAL,NORMAL,HIGH,NORMAL,NORMAL,NORMAL,ZERO,LOW,LOW,NORMAL,False,HIGH,NORMAL,NORMAL
LOW,NORMAL,LOW,False,False,False,False,False,HIGH,NORMAL,LOW,LOW,NORMAL,LOW,ZERO,LOW,LOW,HIGH,False,ZERO,NORMAL,HIGH
HIGH,NORMAL,LOW,False,False,False,False,False,NORMAL,ESOPHAGEAL,LOW,LOW,NORMAL,HIGH,LOW,HIGH,HIGH,NORMAL,False,LOW,NORMAL,NORMAL
HIGH,NORMAL,LOW,False,False,False,False,False,NORMAL,NORMAL,LOW,LOW,NORMAL,HIGH,ZERO,HIGH,LOW,NORMAL,False,ZERO,NORMAL,NORMAL
HIGH,ZERO,ZERO,False,False,False,False,False,NORMAL,NORMAL,LOW,LOW,NORMAL,HIGH,ZERO,HIGH,HIGH,NORMAL,False,ZERO,NORMAL,NORMAL
HIGH,NORMAL,LOW,False,False,False,False,False,HIGH,NORMAL,LOW,LOW,NORMAL,HIGH,LOW,HIGH,HIGH,HIGH,False,ZERO,NORMAL,HIGH
LOW,NORMAL,LOW,False,False,False,False,False,NORMAL,NORMAL,LOW,LOW,NORMAL,NORMAL,ZERO,LOW,LOW,NORMAL,False,ZERO,NORMAL,HIGH
HIGH,NORMAL,LOW,False,False,False,False,False,NORMAL,NORMAL,NORMAL,LOW,NORMAL,NORMAL,ZERO,HIGH,HIGH,NORMAL,True,ZERO,HIGH,LOW
LOW,HIGH,HIGH,False,False,False,False,False,HIGH,NORMAL,LOW,HIGH,NORMAL,HIGH,HIGH,LOW,LOW,HIGH,False,HIGH,NORMAL,HIGH
HIGH,NORMAL,ZERO,False,False,False,False,False,NORMAL,NORMAL,LOW,LOW,HIGH,LOW,ZERO,HIGH,HIGH,NORMAL,False,ZERO,NORMAL,NORMAL
HIGH,NORMAL,LOW,False,False,False,False,False,LOW,NORMAL,LOW,LOW,NORMAL,HIGH,ZERO,HIGH,HIGH,LOW,False,ZERO,NORMAL,LOW
HIGH,NORMAL,LOW,False,False,False,False,False,NORMAL,NORMAL,LOW,LOW,NORMAL,LOW,ZERO,HIGH,LOW,NORMAL,False,ZERO,NORMAL,HIGH
HIGH,NORMAL,ZERO,False,False,False,False,False,NORMAL,NORMAL,LOW,LOW,HIGH,HIGH,ZERO,HIGH,HIGH,NORMAL,False,ZERO,NORMAL,HIGH
HIGH,NORMAL,ZERO,False,False,False,True,False,NORMAL,NORMAL,LOW,LOW,HIGH,HIGH,ZERO,HIGH,HIGH,NORMAL,True,ZERO,NORMAL,LOW
HIGH,NORMAL,LOW,False,False,False,False,False,NORMAL,NORMAL,LOW,LOW,NORMAL,HIGH,ZERO,HIGH,HIGH,NORMAL,False,ZERO,NORMAL,LOW
LOW,NORMAL,LOW,False,False,False,False,False,NORMAL,NORMAL,LOW,LOW,NORMAL,NORMAL,HIGH,LOW,LOW,NORMAL,False,ZERO,NORMAL,HIGH
HIGH,NORMAL,LOW,False,False,False,True,False,HIGH,NORMAL,LOW,LOW,NORMAL,HIGH,ZERO,HIGH,HIGH,HIGH,False,ZERO,NORMAL,LOW
LOW,ZERO,ZERO,False,False,False,True,False,NORMAL,NORMAL,LOW,HIGH,NORMAL,NORMAL,HIGH,LOW,LOW,NORMAL,False,HIGH,NORMAL,HIGH
NORMAL,HIGH,HIGH,False,False,False,False,False,HIGH,NORMAL,LOW,HIGH,NORMAL,NORMAL,HIGH,LOW,LOW,HIGH,False,HIGH,NORMAL,HIGH
HIGH,NORMAL,LOW,False,False,False,False,False,NORMAL,NORMAL,LOW,LOW,LOW,HIGH,ZERO,HIGH,HIGH,NORMAL,False,ZERO,NORMAL,NORMAL
HIGH,NORMAL,LOW,False,False,False,True,False,NORMAL,NORMAL,LOW,LOW,NORMAL,HIGH,ZERO,HIGH,HIGH,NORMAL,False,ZERO,NORMAL,NORMAL
HIGH,NORMAL,LOW,False,False,False,False,False,NORMAL,NORMAL,LOW,LOW,NORMAL,HIGH,ZERO,HIGH,HIGH,NORMAL,False,ZERO,NORMAL,HIGH
HIGH,NORMAL,LOW,False,False,False,False,False,HIGH,NORMAL,LOW,LOW,NORMAL,HIGH,ZERO,HIGH,HIGH,HIGH,False,ZERO,NORMAL,LOW
LOW,NORMAL,LOW,False,False,False,False,False,NORMAL,ONESIDED,LOW,LOW,NORMAL,HIGH,NORMAL,HIGH,HIGH,NORMAL,False,NORMAL,NORMAL,NORMAL
LOW,LOW,ZERO,False,False,True,False,False,NORMAL,NORMAL,LOW,HIGH,NORMAL,LOW,HIGH,HIGH,NORMAL,NORMAL,False,HIGH,NORMAL,HIGH
HIGH,NORMAL,LOW,False,False,False,True,False,NORMAL,NORMAL,LOW,LOW,HIGH,HIGH,ZERO,HIGH,HIGH,LOW,False,ZERO,NORMAL,NORMAL
HIGH,NORMAL,LOW,False,False,False,False,False,NORMAL,NORMAL,LOW,LOW,NORMAL,HIGH,ZERO,HIGH,HIGH,NORMAL,False,ZERO,NORMAL,NORMAL
LOW,HIGH,HIGH,False,False,False,True,False,HIGH,NORMAL,LOW,HIGH,NORMAL,NORMAL,HIGH,LOW,LOW,HIGH,False,HIGH,HIGH,NORMAL
HIGH,NORMAL,LOW,False,False,False,True,False,NORMAL,ONESIDED,NORMAL,LOW,NORMAL,HIGH,ZERO,HIGH,HIGH,NORMAL,False,LOW,HIGH,NORMAL
HIGH,NORMAL,LOW,False,False,False,True,False,NORMAL,NORMAL,LOW,LOW,LOW,HIGH,ZERO,HIGH,HIGH,NORMAL,False,ZERO,NORMAL,NORMAL
HIGH,NORMAL,LOW,False,False,False,False,False,NORMAL,NORMAL,LOW,LOW,NORMAL,HIGH,ZERO,HIGH,HIGH,NORMAL,False,ZERO,NORMAL,NORMAL
LOW,LOW,ZERO,False,False,True,False,False,NORMAL,NORMAL,LOW,HIGH,NORMAL,NORMAL,HIGH,NORMAL,NORMAL,NORMAL,False,HIGH,NORMAL,HIGH
LOW,HIGH,HIGH,False,False,False,False,False,NORMAL,NORMAL,LOW,HIGH,NORMAL,NORMAL,HIGH,HIGH,LOW,NORMAL,False,HIGH,NORMAL,HIGH
HIGH,NORMAL,LOW,False,False,False,False,False,NORMAL,NORMAL,LOW,LOW,NORMAL,HIGH,ZERO,HIGH,NORMAL,NORMAL,False,ZERO,NORMAL,NORMAL
HIGH,NORMAL,LOW,False,False,False,True,False,HIGH,NORMAL,LOW,LOW,NORMAL,LOW,ZERO,HIGH,HIGH,HIGH,False,ZERO,NORMAL,HIGH
HIGH,NORMAL,LOW,False,False,False,False,False,NORMAL,NORMAL,LOW,LOW,NORMAL,HIGH,ZERO,HIGH,HIGH,NORMAL,False,ZERO,NORMAL,LOW
LOW,NORMAL,ZERO,False,False,True,False,False,NORMAL,NORMAL,LOW,LOW,NORMAL,NORMAL,ZERO,HIGH,LOW,NORMAL,False,ZERO,NORMAL,LOW
HIGH,NORMAL,LOW,False,True,False,False,False,NORMAL,NORMAL,LOW,LOW,HIGH,HIGH,ZERO,HIGH,HIGH,NORMAL,False,ZERO,HIGH,LOW
HIGH,NORMAL,LOW,False,False,False,False,False,NORMAL,NORMAL,LOW,LOW,NORMAL,LOW,ZERO,HIGH,HIGH,NORMAL,False,ZERO,NORMAL,NORMAL
HIGH,NORMAL,LOW,False,False,False,False,False,NORMAL,NORMAL,LOW,LOW,NORMAL,HIGH,ZERO,HIGH,HIGH,NORMAL,False,ZERO,NORMAL,HIGH
HIGH,NORMAL,LOW,False,False,False,False,False,NORMAL,NORMAL,LOW,LOW,NORMAL,HIGH,ZERO,HIGH,HIGH,NORMAL,False,ZERO,NORMAL,NORMAL
HIGH,NORMAL,LOW,False,False,False,False,False,NORMAL,NORMAL,LOW,LOW,NORMAL,HIGH,ZERO,HIGH,HIGH,NORMAL,False,ZERO,NORMAL,HIGH
HIGH,LOW,ZERO,False,False,False,False,False,NORMAL,NORMAL,LOW,LOW,NORMAL,HIGH,ZERO,HIGH,HIGH,NORMAL,True,ZERO,HIGH,LOW
LOW,NORMAL,LOW,False,False,False,True,False,NORMAL,NORMAL,LOW,LOW,NORMAL,NORMAL,ZERO,LOW,LOW,NORMAL,False,ZERO,NORMAL,HIGH
HIGH,NORMAL,LOW,False,False,False,False,False,HIGH,NORMAL,LOW,LOW,HIGH,HIGH,ZERO,HIGH,HIGH,HIGH,False,ZERO,NORMAL,LOW
HIGH,LOW,ZERO,True,False,False,False,False,HIGH,NORMAL,LOW,HIGH,HIGH,NORMAL,HIGH,HIGH,HIGH,HIGH,False,HIGH,NORMAL,LOW
HIGH,HIGH,HIGH,False,False,False,False,False,NORMAL,NORMAL,LOW,HIGH,NORMAL,HIGH,HIGH,HIGH,HIGH,NORMAL,False,HIGH,NORMAL,LOW
HIGH,NORMAL,ZERO,False,False,False,False,False,NORMAL,NORMAL,LOW,HIGH,NORMAL,HIGH,HIGH,LOW,HIGH,NORMAL,False,HIGH,NORMAL,NORMAL
NORMAL,NORMAL,NORMAL,False,False,False,False,False,NORMAL,NORMAL,HIGH,LOW,HIGH,HIGH,LOW,HIGH,HIGH,NORMAL,False,LOW,NORMAL,HIGH
HIGH,ZERO,ZERO,False,False,False,False,False,HIGH,NORMAL,LOW,LOW,NORMAL,HIGH,ZERO,HIGH,HIGH,HIGH,True,ZERO,NORMAL,HIGH
HIGH,NORMAL,LOW,False,False,False,False,False,NORMAL,NORMAL,LOW,LOW,NORMAL,LOW,ZERO,HIGH,HIGH,NORMAL,False,NORMAL,NORMAL,LOW
HIGH,NORMAL,LOW,False,False,False,False,False,HIGH,ONESIDED,NORMAL,LOW,NORMAL,NORMAL,ZERO,HIGH,HIGH,HIGH,False,LOW,HIGH,LOW
HIGH,NORMAL,LOW,False,False,True,False,False,NORMAL,NORMAL,LOW,LOW,NORMAL,HIGH,ZERO,NORMAL,NORMAL,NORMAL,False,ZERO,NORMAL,NORMAL
HIGH,LOW,ZERO,False,False,False,False,False,NORMAL,NORMAL,LOW,LOW,NORMAL,LOW,ZERO,HIGH,HIGH,NORMAL,False,ZERO,NORMAL,NORMAL
NORMAL,ZERO,ZERO,False,False,True,False,False,NORMAL,NORMAL,LOW,HIGH,NORMAL,LOW,HIGH,HIGH,HIGH,NORMAL,False,HIGH,NORMAL,HIGH
HIGH,NORMAL,LOW,False,False,False,False,False,NORMAL,NORMAL,LOW,LOW,NORMAL,HIGH,ZERO,HIGH,HIGH,NORMAL,False,ZERO,NORMAL,NORMAL
HIGH,NORMAL,LOW,False,False,False,False,False,NORMAL,NORMAL,ZERO,HIGH,NORMAL,HIGH,ZERO,HIGH,HIGH,NORMAL,False,HIGH,NORMAL,NORMAL
HIGH,NORMAL,LOW,False,False,False,False,False,NORMAL,NORMAL,LOW,LOW,NORMAL,HIGH,ZERO,HIGH,HIGH,NORMAL,False,ZERO,NORMAL,HIGH
LOW,LOW,ZERO,False,False,False,False,False,NORMAL,NORMAL,LOW,LOW,NORMAL,NORMAL,HIGH,HIGH,LOW,NORMAL,False,HIGH,NORMAL,HIGH
HIGH,NORMAL,LOW,False,False,False,False,False,NORMAL,NORMAL,LOW,LOW,NORMAL,HIGH,ZERO,HIGH,HIGH,NORMAL,False,ZERO,NORMAL,NORMAL
HIGH,NORMAL,LOW,False,False,True,False,False,NORMAL,NORMAL,LOW,LOW,NORMAL,HIGH,ZERO,NORMAL,NORMAL,NORMAL,False,ZERO,NORMAL,LOW
HIGH,NORMAL,LOW,False,False,False,False,False,NORMAL,ESOPHAGEAL,LOW,LOW,NORMAL,HIGH,LOW,LOW,HIGH,NORMAL,False,ZERO,NORMAL,NORMAL
HIGH,LOW,ZERO,False,False,False,False,False,NORMAL,NORMAL,LOW,LOW,NORMAL,HIGH,ZERO,HIGH,HIGH,NORMAL,False,ZERO,NORMAL,NORMAL
HIGH,NORMAL,LOW,False,False,False,False,True,LOW,NORMAL,LOW,LOW,NORMAL,NORMAL,ZERO,HIGH,HIGH,LOW,False,ZERO,NORMAL,HIGH
HIGH,LOW,ZERO,False,False,False,False,False,NORMAL,NORMAL,HIGH,LOW,NORMAL,HIGH,LOW,HIGH,HIGH,NORMAL,False,LOW,NORMAL,HIGH
HIGH,NORMAL,LOW,False,False,False,True,False,NORMAL,NORMAL,LOW,LOW,NORMAL,HIGH,ZERO,HIGH,HIGH,NORMAL,False,ZERO,NORMAL,LOW
HIGH,NORMAL,LOW,False,False,False,False,False,NORMAL,ONESIDED,LOW,LOW,NORMAL,HIGH,ZERO,HIGH,HIGH,NORMAL,False,LOW,HIGH,HIGH
LOW,NORMAL,LOW,False,False,False,False,False,HIGH,NORMAL,ZERO,LOW,NORMAL,NORMAL,ZERO,LOW,LOW,HIGH,False,ZERO,HIGH,HIGH
LOW,ZERO,ZERO,False,False,False,False,False,NORMAL,NORMAL,LOW,HIGH,NORMAL,NORMAL,HIGH,LOW,LOW,NORMAL,False,HIGH,NORMAL,LOW
HIGH,LOW,ZERO,False,False,False,True,False,LOW,NORMAL,ZERO,LOW,NORMAL,HIGH,HIGH,HIGH,HIGH,LOW,False,NORMAL,NORMAL,NORMAL
HIGH,LOW,ZERO,False,False,False,False,False,NORMAL,NORMAL,LOW,HIGH,NORMAL,LOW,HIGH,HIGH,HIGH,NORMAL,False,HIGH,NORMAL,NORMAL
HIGH,NORMAL,ZERO,False,False,False,False,False,NORMAL,NORMAL,LOW,HIGH,NORMAL,HIGH,HIGH,HIGH,HIGH,NORMAL,False,HIGH,NORMAL,NORMAL
HIGH,NORMAL,LOW,False,False,False,False,False,HIGH,ESOPHAGEAL,LOW,LOW,LOW,NORMAL,LOW,HIGH,HIGH,HIGH,False,LOW,NORMAL,NORMAL
HIGH,NORMAL,LOW,False,False,False,False,True,LOW,NORMAL,LOW,LOW,NORMAL,LOW,ZERO,HIGH,HIGH,LOW,False,ZERO,NORMAL,LOW
LOW,LOW,ZERO,False,False,False,False,True,LOW,NORMAL,HIGH,HIGH,NORMAL,LOW,HIGH,LOW,LOW,LOW,False,HIGH,NORMAL,NORMAL
NORMAL,NORMAL,LOW,False,False,False,False,False,NORMAL,NORMAL,LOW,LOW,NORMAL,HIGH,ZERO,HIGH,HIGH,NORMAL,False,ZERO,NORMAL,NORMAL
HIGH,NORMAL,LOW,False,False,False,False,False,NORMAL,NORMAL,HIGH,LOW,NORMAL,HIGH,ZERO,NORMAL,HIGH,NORMAL,False,ZERO,NORMAL,NORMAL
HIGH,LOW,ZERO,False,False,False,False,False,HIGH,NORMAL,LOW,HIGH,HIGH,HIGH,HIGH,HIGH,HIGH,HIGH,False,HIGH,NORMAL,NORMAL
HIGH,NORMAL,LOW,False,False,False,False,False,NORMAL,NORMAL,LOW,LOW,NORMAL,HIGH,ZERO,HIGH,HIGH,NORMAL,False,ZERO,NORMAL,LOW
HIGH,NORMAL,LOW,False,False,False,False,False,NORMAL,NORMAL,LOW,LOW,HIGH,HIGH,ZERO,HIGH,HIGH,NORMAL,False,ZERO,NORMAL,HIGH
HIGH,ZERO,ZERO,False,False,False,False,False,LOW,NORMAL,LOW,HIGH,NORMAL,HIGH,HIGH,HIGH,HIGH,LOW,False,HIGH,NORMAL,LOW
HIGH,NORMAL,LOW,False,False,False,False,False,NORMAL,NORMAL,LOW,LOW,NORMAL,NORMAL,ZERO,HIGH,HIGH,NORMAL,False,LOW,HIGH,HIGH
HIGH,NORMAL,LOW,False,False,False,False,False,NORMAL,NORMAL,LOW,LOW,NORMAL,HIGH,ZERO,HIGH,HIGH,NORMAL,False,ZERO,NORMAL,HIGH
HIGH,LOW,ZERO,False,False,False,False,False,NORMAL,NORMAL,NORMAL,LOW,HIGH,HIGH,HIGH,HIGH,HIGH,NORMAL,False,ZERO,NORMAL,NORMAL
HIGH,NORMAL,LOW,False,False,False,False,False,NORMAL,NORMAL,LOW,LOW,NORMAL,HIGH,ZERO,HIGH,HIGH,NORMAL,False,ZERO,NORMAL,LOW
HIGH,NORMAL,LOW,False,False,False,False,False,NORMAL,NORMAL,LOW,LOW,NORMAL,HIGH,ZERO,HIGH,HIGH,NORMAL,False,ZERO,HIGH,NORMAL
LOW,LOW,ZERO,False,False,False,False,False,NORMAL,ESOPHAGEAL,LOW,LOW,NORMAL,NORMAL,LOW,LOW,LOW,NORMAL,False,LOW,NORMAL,HIGH
HIGH,NORMAL,LOW,False,False,False,False,True,LOW,NORMAL,LOW,LOW,NORMAL,LOW,ZERO,HIGH,HIGH,LOW,False,ZERO,NORMAL,LOW
NORMAL,NORMAL,LOW,False,False,False,True,False,NORMAL,ONESIDED,NORMAL,LOW,NORMAL,HIGH,ZERO,HIGH,HIGH,NORMAL,False,LOW,HIGH,NORMAL
NORMAL,ZERO,ZERO,False,False,False,False,False,NORMAL,NORMAL,NORMAL,HIGH,NORMAL,HIGH,HIGH,HIGH,HIGH,NORMAL,False,HIGH,NORMAL,NORMAL
HIGH,NORMAL,LOW,False,False,False,False,False,LOW,NORMAL,LOW,LOW,NORMAL,HIGH,ZERO,HIGH,HIGH,LOW,False,ZERO,NORMAL,HIGH
LOW,NORMAL,LOW,False,False,False,True,True,LOW,NORMAL,LOW,NORMAL,NORMAL,LOW,HIGH,LOW,LOW,LOW,False,HIGH,NORMAL,NORMAL
HIGH,NORMAL,LOW,False,False,False,False,False,NORMAL,NORMAL,LOW,LOW,NORMAL,HIGH,ZERO,HIGH,HIGH,NORMAL,False,ZERO,NORMAL,HIGH
HIGH,LOW,ZERO,False,False,False,False,False,NORMAL,NORMAL,LOW,LOW,NORMAL,HIGH,ZERO,HIGH,HIGH,NORMAL,False,ZERO,NORMAL,NORMAL
LOW,NORMAL,ZERO,False,False,False,False,False,NORMAL,NORMAL,LOW,HIGH,NORMAL,NORMAL,HIGH,LOW,LOW,NORMAL,False,HIGH,NORMAL,HIGH
HIGH,NORMAL,LOW,False,False,False,False,False,HIGH,NORMAL,LOW,LOW,NORMAL,HIGH,ZERO,HIGH,HIGH,HIGH,False,ZERO,NORMAL,LOW
HIGH,NORMAL,LOW,False,False,False,False,False,NORMAL,NORMAL,LOW,LOW,NORMAL,HIGH,ZERO,HIGH,HIGH,NORMAL,False,ZERO,NORMAL,HIGH
HIGH,NORMAL,LOW,False,False,False,False,False,NORMAL,NORMAL,LOW,LOW,NORMAL,HIGH,ZERO,HIGH,HIGH,NORMAL,False,ZERO,NORMAL,LOW
HIGH,NORMAL,LOW,False,False,False,False,False,NORMAL,NORMAL,LOW,LOW,NORMAL,HIGH,ZERO,HIGH,HIGH,NORMAL,False,ZERO,NORMAL,NORMAL
HIGH,NORMAL,LOW,False,False,False,False,False,HIGH,NORMAL,LOW,LOW,NORMAL,HIGH,ZERO,HIGH,HIGH,HIGH,False,ZERO,NORMAL,HIGH
HIGH,HIGH,HIGH,False,False,False,False,False,NORMAL,ONESIDED,HIGH,LOW,NORMAL,HIGH,HIGH,HIGH,HIGH,NORMAL,False,LOW,HIGH,NORMAL
HIGH,NORMAL,LOW,False,False,False,False,False,HIGH,NORMAL,LOW,LOW,NORMAL,NORMAL,ZERO,HIGH,HIGH,HIGH,False,ZERO,NORMAL,LOW
NORMAL,NORMAL,LOW,False,False,True,False,False,NORMAL,NORMAL,LOW,LOW,NORMAL,HIGH,ZERO,NORMAL,NORMAL,LOW,False,ZERO,NORMAL,NORMAL
HIGH,ZERO,ZERO,False,False,False,False,False,NORMAL,NORMAL,LOW,HIGH,NORMAL,HIGH,HIGH,HIGH,HIGH,NORMAL,False,HIGH,NORMAL,NORMAL
HIGH,NORMAL,LOW,False,False,False,False,False,HIGH,NORMAL,LOW,LOW,NORMAL,HIGH,ZERO,HIGH,HIGH,HIGH,False,ZERO,NORMAL,LOW
HIGH,LOW,ZERO,False,False,False,False,False,LOW,NORMAL,LOW,LOW,NORMAL,HIGH,ZERO,HIGH,HIGH,LOW,False,ZERO,NORMAL,NORMAL
HIGH,NORMAL,LOW,False,False,False,True,False,HIGH,NORMAL,LOW,LOW,NORMAL,HIGH,ZERO,HIGH,HIGH,HIGH,False,ZERO,NORMAL,HIGH
NORMAL,NORMAL,ZERO,False,False,False,True,False,NORMAL,NORMAL,LOW,HIGH,NORMAL,HIGH,HIGH,NORMAL,NORMAL,NORMAL,False,HIGH,NORMAL,HIGH
HIGH,NORMAL,LOW,False,False,False,False,False,NORMAL,NORMAL,LOW,LOW,NORMAL,LOW,ZERO,HIGH,HIGH,NORMAL,False,NORMAL,NORMAL,NORMAL
HIGH,NORMAL,LOW,False,False,True,False,False,NORMAL,NORMAL,LOW,LOW,NORMAL,HIGH,ZERO,NORMAL,NORMAL,NORMAL,False,ZERO,NORMAL,LOW
HIGH,NORMAL,LOW,False,False,False,True,False,NORMAL,NORMAL,LOW,LOW,NORMAL,LOW,ZERO,HIGH,HIGH,NORMAL,False,ZERO,NORMAL,NORMAL
NORMAL,NORMAL,LOW,False,False,False,False,False,NORMAL,NORMAL,LOW,LOW,NORMAL,LOW,ZERO,HIGH,HIGH,NORMAL,False,ZERO,NORMAL,LOW
HIGH,NORMAL,LOW,False,False,False,False,False,NORMAL,NORMAL,LOW,LOW,NORMAL,HIGH,ZERO,HIGH,HIGH,NORMAL,False,ZERO,NORMAL,LOW
HIGH,NORMAL,ZERO,False,False,False,False,False,NORMAL,NORMAL,LOW,LOW,NORMAL,HIGH,ZERO,HIGH,HIGH,NORMAL,False,ZERO,NORMAL,HIGH
LOW,HIGH,HIGH,False,False,False,False,False,HIGH,NORMAL,ZERO,HIGH,NORMAL,NORMAL,HIGH,LOW,LOW,HIGH,False,HIGH,NORMAL,HIGH
HIGH,NORMAL,LOW,False,False,False,True,False,NORMAL,NORMAL,LOW,LOW,NORMAL,HIGH,NORMAL,NORMAL,HIGH,NORMAL,False,ZERO,NORMAL,HIGH
HIGH,NORMAL,ZERO,False,False,True,False,False,NORMAL,NORMAL,LOW,LOW,NORMAL,HIGH,ZERO,NORMAL,NORMAL,NORMAL,False,ZERO,NORMAL,NORMAL
HIGH,NORMAL,LOW,False,False,True,False,True,LOW,NORMAL,LOW,LOW,NORMAL,LOW,ZERO,NORMAL,NORMAL,LOW,False,ZERO,NORMAL,NORMAL
HIGH,NORMAL,LOW,False,False,True,True,False,NORMAL,NORMAL,LOW,LOW,NORMAL,HIGH,ZERO,NORMAL,NORMAL,NORMAL,False,ZERO,HIGH,HIGH
HIGH,ZERO,ZERO,False,False,False,False,False,NORMAL,NORMAL,ZERO,HIGH,NORMAL,HIGH,HIGH,HIGH,HIGH,NORMAL,False,HIGH,NORMAL,NORMAL
HIGH,NORMAL,ZERO,False,False,False,True,False,NORMAL,NORMAL,LOW,HIGH,NORMAL,HIGH,HIGH,HIGH,NORMAL,NORMAL,False,HIGH,NORMAL,NORMAL
HIGH,NORMAL,ZERO,False,False,False,False,False,NORMAL,NORMAL,LOW,HIGH,NORMAL,HIGH,HIGH,HIGH,HIGH,NORMAL,False,HIGH,NORMAL,LOW
HIGH,LOW,ZERO,False,False,False,False,False,NORMAL,NORMAL,LOW,LOW,NORMAL,HIGH,ZERO,HIGH,HIGH,NORMAL,False,ZERO,NORMAL,NORMAL
HIGH,NORMAL,LOW,False,False,False,False,False,NORMAL,ESOPHAGEAL,LOW,LOW,NORMAL,HIGH,LOW,HIGH,HIGH,NORMAL,False,LOW,NORMAL,NORMAL
HIGH,NORMAL,LOW,False,False,False,False,False,NORMAL,NORMAL,LOW,LOW,NORMAL,LOW,ZERO,HIGH,HIGH,NORMAL,False,ZERO,NORMAL,LOW
HIGH,NORMAL,ZERO,False,False,False,False,False,NORMAL,NORMAL,LOW,HIGH,NORMAL,HIGH,HIGH,HIGH,HIGH,LOW,False,HIGH,NORMAL,LOW
HIGH,NORMAL,LOW,False,False,False,False,False,NORMAL,NORMAL,LOW,LOW,NORMAL,LOW,ZERO,HIGH,HIGH,NORMAL,False,ZERO,NORMAL,NORMAL
HIGH,NORMAL,LOW,False,False,False,False,False,HIGH,NORMAL,LOW,LOW,NORMAL,LOW,ZERO,HIGH,HIGH,HIGH,False,ZERO,NORMAL,NORMAL
NORMAL,HIGH,HIGH,False,False,False,False,False,NORMAL,NORMAL,LOW,HIGH,NORMAL,LOW,HIGH,HIGH,HIGH,NORMAL,False,HIGH,NORMAL,NORMAL
HIGH,NORMAL,LOW,False,False,False,False,False,NORMAL,NORMAL,LOW,LOW,NORMAL,HIGH,ZERO,HIGH,HIGH,NORMAL,False,ZERO,NORMAL,HIGH
LOW,NORMAL,LOW,False,False,False,False,False,NORMAL,NORMAL,LOW,LOW,NORMAL,LOW,ZERO,LOW,LOW,NORMAL,False,ZERO,NORMAL,HIGH
HIGH,NORMAL,LOW,False,False,False,False,False,NORMAL,NORMAL,LOW,LOW,NORMAL,HIGH,ZERO,HIGH,HIGH,NORMAL,False,ZERO,NORMAL,HIGH
HIGH,NORMAL,LOW,False,False,False,False,False,HIGH,NORMAL,ZERO,LOW,LOW,NORMAL,ZERO,HIGH,HIGH,HIGH,False,ZERO,NORMAL,LOW
HIGH,NORMAL,LOW,False,False,False,False,False,HIGH,NORMAL,LOW,LOW,NORMAL,HIGH,NORMAL,HIGH,HIGH,HIGH,False,ZERO,NORMAL,LOW
LOW,ZERO,ZERO,False,False,False,False,False,NORMAL,NORMAL,LOW,NORMAL,NORMAL,LOW,HIGH,LOW,NORMAL,NORMAL,False,HIGH,NORMAL,NORMAL
HIGH,NORMAL,LOW,False,False,False,False,False,NORMAL,NORMAL,LOW,LOW,NORMAL,HIGH,ZERO,HIGH,HIGH,NORMAL,False,ZERO,NORMAL,NORMAL
HIGH,LOW,ZERO,False,False,False,False,False,NORMAL,NORMAL,LOW,HIGH,NORMAL,LOW,HIGH,HIGH,HIGH,NORMAL,False,HIGH,HIGH,LOW
HIGH,NORMAL,LOW,False,False,False,False,False,NORMAL,NORMAL,LOW,LOW,NORMAL,HIGH,ZERO,HIGH,HIGH,NORMAL,False,ZERO,NORMAL,NORMAL
HIGH,NORMAL,ZERO,False,False,False,False,False,NORMAL,ESOPHAGEAL,LOW,LOW,NORMAL,HIGH,LOW,HIGH,HIGH,NORMAL,False,LOW,NORMAL,NORMAL
NORMAL,LOW,ZERO,False,False,False,False,False,NORMAL,ONESIDED,LOW,LOW,NORMAL,NORMAL,NORMAL,LOW,LOW,NORMAL,False,NORMAL,HIGH,HIGH
HIGH,NORMAL,LOW,False,False,False,True,False,NORMAL,NORMAL,LOW,LOW,NORMAL,HIGH,ZERO,HIGH,HIGH,NORMAL,False,ZERO,NORMAL,HIGH
HIGH,NORMAL,LOW,False,False,False,True,False,NORMAL,ONESIDED,LOW,LOW,NORMAL,HIGH,NORMAL,HIGH,HIGH,NORMAL,False,NORMAL,HIGH,NORMAL
HIGH,LOW,ZERO,False,False,False,False,False,NORMAL,NORMAL,LOW,LOW,NORMAL,HIGH,ZERO,HIGH,HIGH,NORMAL,False,ZERO,NORMAL,HIGH
LOW,NORMAL,LOW,False,False,False,False,False,HIGH,NORMAL,LOW,HIGH,NORMAL,NORMAL,HIGH,LOW,LOW,HIGH,False,HIGH,NORMAL,HIGH
HIGH,NORMAL,LOW,False,False,False,False,True,LOW,NORMAL,LOW,LOW,NORMAL,LOW,ZERO,HIGH,HIGH,LOW,False,ZERO,NORMAL,LOW
HIGH,NORMAL,LOW,False,False,False,False,False,NORMAL,NORMAL,LOW,LOW,NORMAL,HIGH,ZERO,HIGH,HIGH,NORMAL,False,ZERO,NORMAL,NORMAL
HIGH,NORMAL,LOW,False,False,False,False,False,NORMAL,NORMAL,LOW,LOW,NORMAL,HIGH,ZERO,LOW,HIGH,NORMAL,False,ZERO,NORMAL,NORMAL
HIGH,NORMAL,LOW,False,False,False,False,False,NORMAL,NORMAL,LOW,LOW,NORMAL,HIGH,ZERO,HIGH,HIGH,NORMAL,False,ZERO,NORMAL,NORMAL
HIGH,NORMAL,ZERO,False,False,False,False,False,NORMAL,NORMAL,NORMAL,LOW,NORMAL,HIGH,LOW,HIGH,HIGH,NORMAL,False,NORMAL,NORMAL,LOW
HIGH,NORMAL,LOW,False,False,False,False,False,NORMAL,NORMAL,LOW,LOW,HIGH,NORMAL,ZERO,LOW,LOW,NORMAL,False,NORMAL,NORMAL,HIGH
HIGH,NORMAL,LOW,False,False,False,False,False,NORMAL,NORMAL,LOW,LOW,NORMAL,HIGH,ZERO,HIGH,HIGH,NORMAL,True,ZERO,NORMAL,NORMAL
HIGH,NORMAL,LOW,False,False,False,False,False,NORMAL,NORMAL,LOW,LOW,NORMAL,HIGH,ZERO,HIGH,HIGH,NORMAL,False,ZERO,NORMAL,LOW
LOW,ZERO,ZERO,False,False,False,False,False,LOW,NORMAL,LOW,HIGH,NORMAL,LOW,NORMAL,LOW,LOW,LOW,False,HIGH,NORMAL,NORMAL
HIGH,NORMAL,LOW,False,False,False,False,False,NORMAL,NORMAL,LOW,LOW,NORMAL,HIGH,ZERO,HIGH,HIGH,NORMAL,False,ZERO,NORMAL,LOW
HIGH,NORMAL,LOW,True,False,False,False,False,NORMAL,NORMAL,NORMAL,LOW,NORMAL,LOW,ZERO,HIGH,HIGH,NORMAL,False,ZERO,NORMAL,LOW
HIGH,NORMAL,LOW,False,False,False,False,False,NORMAL,NORMAL,LOW,LOW,NORMAL,HIGH,ZERO,HIGH,HIGH,NORMAL,False,ZERO,NORMAL,NORMAL
HIGH,NORMAL,LOW,False,False,False,False,False,NORMAL,NORMAL,LOW,LOW,NORMAL,HIGH,ZERO,HIGH,HIGH,NORMAL,False,ZERO,NORMAL,NORMAL
NORMAL,NORMAL,LOW,False,False,False,True,False,NORMAL,NORMAL,LOW,LOW,NORMAL,HIGH,ZERO,HIGH,HIGH,NORMAL,False,ZERO,NORMAL,NORMAL
HIGH,NORMAL,LOW,False,False,False,False,False,LOW,NORMAL,LOW,LOW,NORMAL,HIGH,ZERO,HIGH,HIGH,LOW,False,ZERO,NORMAL,NORMAL
HIGH,NORMAL,LOW,False,False,False,False,False,NORMAL,NORMAL,LOW,LOW,HIGH,HIGH,ZERO,HIGH,HIGH,NORMAL,False,ZERO,NORMAL,HIGH
HIGH,HIGH,HIGH,False,False,False,False,False,NORMAL,NORMAL,LOW,HIGH,NORMAL,HIGH,HIGH,HIGH,HIGH,NORMAL,False,HIGH,NORMAL,NORMAL
HIGH,NORMAL,LOW,False,False,False,False,False,NORMAL,NORMAL,LOW,LOW,NORMAL,HIGH,ZERO,HIGH,HIGH,LOW,True,ZERO,HIGH,HIGH
LOW,NORMAL,LOW,False,False,False,False,False,NORMAL,ESOPHAGEAL,LOW,LOW,NORMAL,NORMAL,LOW,LOW,LOW,NORMAL,False,LOW,NORMAL,NORMAL
HIGH,NORMAL,LOW,False,False,False,False,False,NORMAL,NORMAL,LOW,LOW,HIGH,HIGH,NORMAL,HIGH,HIGH,NORMAL,False,ZERO,NORMAL,NORMAL
HIGH,NORMAL,LOW,False,False,False,False,False,NORMAL,NORMAL,LOW,LOW,NORMAL,HIGH,ZERO,HIGH,HIGH,NORMAL,False,ZERO,NORMAL,NORMAL
HIGH,NORMAL,ZERO,False,False,False,True,False,NORMAL,NORMAL,ZERO,HIGH,LOW,HIGH,ZERO,HIGH,HIGH,NORMAL,False,HIGH,NORMAL,HIGH
HIGH,NORMAL,LOW,False,False,False,True,False,NORMAL,NORMAL,LOW,LOW,LOW,HIGH,ZERO,HIGH,HIGH,NORMAL,False,ZERO,HIGH,HIGH
LOW,NORMAL,LOW,False,False,False,False,False,HIGH,NORMAL,LOW,LOW,NORMAL,NORMAL,ZERO,LOW,LOW,HIGH,False,ZERO,NORMAL,HIGH
HIGH,NORMAL,LOW,False,False,False,True,False,HIGH,NORMAL,LOW,LOW,NORMAL,LOW,ZERO,HIGH,HIGH,HIGH,False,ZERO,NORMAL,NORMAL
LOW,NORMAL,LOW,False,False,False,False,False,NORMAL,NORMAL,LOW,LOW,LOW,NORMAL,LOW,LOW,LOW,NORMAL,False,ZERO,NORMAL,LOW
LOW,HIGH,HIGH,False,False,False,False,False,NORMAL,NORMAL,LOW,HIGH,NORMAL,LOW,HIGH,LOW,LOW,NORMAL,False,HIGH,NORMAL,HIGH
HIGH,NORMAL,ZERO,False,False,False,False,False,NORMAL,NORMAL,LOW,HIGH,NORMAL,HIGH,HIGH,HIGH,HIGH,NORMAL,False,HIGH,NORMAL,NORMAL
HIGH,HIGH,HIGH,False,False,False,False,False,NORMAL,NORMAL,LOW,HIGH,NORMAL,LOW,HIGH,HIGH,HIGH,NORMAL,False,HIGH,NORMAL,LOW
LOW,NORMAL,LOW,False,False,False,False,False,NORMAL,NORMAL,LOW,LOW,LOW,HIGH,ZERO,HIGH,HIGH,NORMAL,False,ZERO,NORMAL,NORMAL
HIGH,LOW,ZERO,False,False,False,False,False,NORMAL,NORMAL,LOW,HIGH,NORMAL,HIGH,HIGH,HIGH,HIGH,NORMAL,False,HIGH,NORMAL,NORMAL
HIGH,NORMAL,LOW,False,False,False,False,False,NORMAL,NORMAL,LOW,LOW,HIGH,HIGH,ZERO,HIGH,HIGH,NORMAL,False,ZERO,NORMAL,NORMAL
HIGH,NORMAL,LOW,False,False,False,False,False,NORMAL,NORMAL,LOW,LOW,LOW,HIGH,ZERO,HIGH,HIGH,NORMAL,False,ZERO,NORMAL,LOW
HIGH,NORMAL,LOW,False,False,False,False,False,NORMAL,NORMAL,LOW,LOW,NORMAL,HIGH,ZERO,HIGH,HIGH,NORMAL,False,ZERO,NORMAL,LOW
LOW,NORMAL,LOW,False,False,False,True,False,NORMAL,NORMAL,LOW,LOW,NORMAL,NORMAL,ZERO,LOW,LOW,NORMAL,False,ZERO,NORMAL,HIGH
HIGH,NORMAL,LOW,False,False,False,False,False,NORMAL,ONESIDED,ZERO,LOW,NORMAL,HIGH,LOW,HIGH,HIGH,NORMAL,False,LOW,HIGH,HIGH
HIGH,NORMAL,LOW,False,False,False,False,False,NORMAL,NORMAL,LOW,LOW,HIGH,HIGH,ZERO,HIGH,HIGH,NORMAL,False,ZERO,NORMAL,NORMAL
LOW,NORMAL,LOW,False,False,False,False,False,NORMAL,NORMAL,LOW,LOW,NORMAL,NORMAL,ZERO,LOW,LOW,LOW,False,ZERO,NORMAL,LOW
NORMAL,NORMAL,LOW,False,False,False,False,True,LOW,NORMAL,LOW,LOW,NORMAL,LOW,ZERO,HIGH,HIGH,LOW,False,ZERO,NORMAL,LOW
HIGH,NORMAL,ZERO,False,False,False,False,False,NORMAL,NORMAL,LOW,HIGH,NORMAL,HIGH,HIGH,LOW,HIGH,NORMAL,False,HIGH,NORMAL,NORMAL
HIGH,NORMAL,LOW,False,False,True,False,False,NORMAL,NORMAL,LOW,LOW,NORMAL,HIGH,ZERO,NORMAL,NORMAL,NORMAL,False,ZERO,NORMAL,NORMAL
HIGH,NORMAL,ZERO,False,False,False,False,False,NORMAL,NORMAL,NORMAL,LOW,NORMAL,LOW,HIGH,HIGH,HIGH,NORMAL,False,ZERO,HIGH,NORMAL
HIGH,NORMAL,LOW,False,False,False,False,False,NORMAL,NORMAL,LOW,LOW,NORMAL,NORMAL,ZERO,HIGH,HIGH,NORMAL,False,ZERO,NORMAL,LOW
HIGH,HIGH,NORMAL,False,False,False,False,False,NORMAL,NORMAL,HIGH,LOW,NORMAL,HIGH,LOW,HIGH,HIGH,NORMAL,False,LOW,NORMAL,LOW
NORMAL,NORMAL,LOW,False,False,True,False,False,NORMAL,NORMAL,LOW,LOW,NORMAL,LOW,ZERO,HIGH,HIGH,NORMAL,False,ZERO,NORMAL,LOW
HIGH,NORMAL,ZERO,False,False,False,True,False,NORMAL,NORMAL,LOW,HIGH,NORMAL,HIGH,HIGH,HIGH,HIGH,NORMAL,False,HIGH,NORMAL,NORMAL
NORMAL,NORMAL,LOW,False,False,False,False,False,NORMAL,NORMAL,LOW,LOW,NORMAL,HIGH,ZERO,HIGH,HIGH,NORMAL,False,ZERO,NORMAL,HIGH
LOW,LOW,ZERO,False,False,False,False,False,NORMAL,NORMAL,LOW,LOW,NORMAL,NORMAL,ZERO,LOW,LOW,NORMAL,False,ZERO,NORMAL,HIGH
HIGH,NORMAL,LOW,False,False,False,True,False,NORMAL,ESOPHAGEAL,NORMAL,LOW,NORMAL,HIGH,HIGH,HIGH,HIGH,NORMAL,False,ZERO,NORMAL,NORMAL
HIGH,NORMAL,LOW,False,False,False,False,False,NORMAL,NORMAL,LOW,LOW,HIGH,HIGH,ZERO,HIGH,HIGH,LOW,False,ZERO,NORMAL,LOW
HIGH,NORMAL,LOW,False,False,False,False,False,HIGH,NORMAL,LOW,LOW,NORMAL,LOW,ZERO,HIGH,HIGH,HIGH,False,ZERO,NORMAL,HIGH
LOW,LOW,ZERO,False,False,False,False,False,LOW,NORMAL,LOW,HIGH,NORMAL,NORMAL,HIGH,LOW,LOW,LOW,False,HIGH,NORMAL,HIGH
HIGH,ZERO,ZERO,False,False,False,False,False,HIGH,NORMAL,LOW,LOW,NORMAL,NORMAL,ZERO,HIGH,HIGH,HIGH,True,ZERO,NORMAL,LOW
LOW,NORMAL,LOW,False,False,False,False,False,NORMAL,NORMAL,LOW,LOW,NORMAL,LOW,ZERO,HIGH,LOW,NORMAL,False,ZERO,NORMAL,NORMAL
LOW,NORMAL,LOW,False,False,True,False,False,NORMAL,NORMAL,LOW,LOW,NORMAL,NORMAL,ZERO,NORMAL,HIGH,NORMAL,False,ZERO,NORMAL,HIGH
HIGH,ZERO,ZERO,False,False,False,False,False,NORMAL,NORMAL,LOW,HIGH,NORMAL,HIGH,HIGH,HIGH,HIGH,NORMAL,False,HIGH,HIGH,HIGH
HIGH,HIGH,NORMAL,False,False,False,False,False,LOW,NORMAL,HIGH,LOW,LOW,HIGH,LOW,HIGH,HIGH,LOW,False,LOW,NORMAL,NORMAL
LOW,NORMAL,LOW,False,False,True,False,False,HIGH,NORMAL,LOW,LOW,NORMAL,NORMAL,ZERO,LOW,NORMAL,HIGH,False,ZERO,NORMAL,LOW
HIGH,NORMAL,LOW,False,False,False,False,False,NORMAL,NORMAL,LOW,NORMAL,NORMAL,HIGH,ZERO,HIGH,HIGH,NORMAL,False,ZERO,NORMAL,HIGH
HIGH,NORMAL,LOW,False,False,False,False,False,NORMAL,NORMAL,LOW,LOW,NORMAL,HIGH,ZERO,HIGH,HIGH,NORMAL,False,ZERO,NORMAL,HIGH
HIGH,LOW,ZERO,False,False,True,False,False,HIGH,NORMAL,LOW,HIGH,NORMAL,LOW,HIGH,NORMAL,NORMAL,HIGH,False,HIGH,NORMAL,NORMAL
HIGH,NORMAL,NORMAL,False,False,True,False,False,NORMAL,NORMAL,HIGH,LOW,NORMAL,HIGH,LOW,NORMAL,NORMAL,NORMAL,False,LOW,NORMAL,NORMAL
HIGH,NORMAL,ZERO,False,False,False,False,True,LOW,NORMAL,LOW,LOW,NORMAL,LOW,ZERO,HIGH,HIGH,LOW,True,ZERO,NORMAL,NORMAL
HIGH,NORMAL,LOW,False,False,False,False,False,NORMAL,NORMAL,LOW,LOW,NORMAL,HIGH,ZERO,HIGH,HIGH,NORMAL,False,ZERO,NORMAL,HIGH
LOW,NORMAL,LOW,False,False,True,False,False,NORMAL,NORMAL,LOW,LOW,NORMAL,HIGH,ZERO,HIGH,NORMAL,NORMAL,False,ZERO,NORMAL,HIGH
HIGH,HIGH,HIGH,False,False,False,True,False,NORMAL,NORMAL,LOW,HIGH,LOW,HIGH,HIGH,HIGH,HIGH,NORMAL,False,HIGH,NORMAL,LOW
HIGH,NORMAL,LOW,False,False,False,False,False,NORMAL,NORMAL,LOW,LOW,NORMAL,HIGH,ZERO,HIGH,HIGH,NORMAL,False,ZERO,NORMAL,LOW
HIGH,NORMAL,LOW,False,False,True,False,False,NORMAL,ONESIDED,NORMAL,LOW,NORMAL,HIGH,ZERO,NORMAL,NORMAL,NORMAL,False,LOW,HIGH,LOW
HIGH,NORMAL,LOW,False,False,False,True,False,HIGH,NORMAL,LOW,LOW,NORMAL,HIGH,ZERO,HIGH,HIGH,HIGH,False,ZERO,NORMAL,LOW
LOW,NORMAL,LOW,False,False,False,False,False,HIGH,NORMAL,LOW,LOW,HIGH,LOW,ZERO,LOW,LOW,HIGH,False,ZERO,NORMAL,HIGH
LOW,NORMAL,LOW,False,True,False,False,False,HIGH,NORMAL,LOW,LOW,NORMAL,NORMAL,HIGH,LOW,LOW,NORMAL,False,NORMAL,HIGH,NORMAL
HIGH,NORMAL,ZERO,False,False,False,False,False,NORMAL,NORMAL,LOW,LOW,NORMAL,HIGH,ZERO,HIGH,HIGH,NORMAL,False,ZERO,NORMAL,HIGH
HIGH,HIGH,HIGH,False,False,False,False,False,NORMAL,NORMAL,LOW,HIGH,LOW,HIGH,HIGH,HIGH,LOW,NORMAL,False,HIGH,NORMAL,LOW
LOW,LOW,ZERO,False,False,False,False,False,NORMAL,NORMAL,LOW,HIGH,NORMAL,LOW,ZERO,LOW,LOW,NORMAL,False,HIGH,NORMAL,HIGH
HIGH,NORMAL,LOW,False,False,True,False,False,NORMAL,NORMAL,LOW,LOW,NORMAL,HIGH,ZERO,NORMAL,NORMAL,NORMAL,False,ZERO,NORMAL,NORMAL
LOW,NORMAL,LOW,False,False,False,False,False,LOW,NORMAL,LOW,LOW,NORMAL,NORMAL,ZERO,LOW,LOW,LOW,False,NORMAL,NORMAL,HIGH
HIGH,NORMAL,LOW,False,False,False,False,False,NORMAL,NORMAL,LOW,LOW,NORMAL,HIGH,ZERO,HIGH,HIGH,NORMAL,False,ZERO,NORMAL,HIGH
LOW,LOW,ZERO,False,False,False,False,False,HIGH,NORMAL,LOW,HIGH,NORMAL,LOW,HIGH,LOW,LOW,NORMAL,False,HIGH,NORMAL,LOW
HIGH,NORMAL,LOW,False,False,False,False,False,HIGH,NORMAL,LOW,LOW,NORMAL,LOW,ZERO,HIGH,NORMAL,HIGH,False,ZERO,NORMAL,NORMAL
HIGH,NORMAL,LOW,False,False,False,False,False,NORMAL,NORMAL,LOW,LOW,HIGH,LOW,ZERO,HIGH,HIGH,NORMAL,False,ZERO,NORMAL,HIGH
HIGH,NORMAL,LOW,False,False,False,False,False,NORMAL,NORMAL,LOW,LOW,LOW,HIGH,ZERO,LOW,HIGH,NORMAL,False,NORMAL,NORMAL,NORMAL
LOW,NORMAL,LOW,False,False,True,True,False,NORMAL,NORMAL,LOW,LOW,NORMAL,NORMAL,ZERO,LOW,NORMAL,NORMAL,False,ZERO,HIGH,NORMAL
HIGH,NORMAL,LOW,False,False,False,True,False,NORMAL,NORMAL,LOW,LOW,NORMAL,HIGH,ZERO,HIGH,HIGH,NORMAL,False,ZERO,NORMAL,LOW
HIGH,NORMAL,LOW,False,False,False,False,False,NORMAL,NORMAL,LOW,HIGH,NORMAL,NORMAL,HIGH,HIGH,HIGH,NORMAL,False,HIGH,NORMAL,LOW
HIGH,NORMAL,LOW,False,False,False,False,False,NORMAL,NORMAL,LOW,LOW,NORMAL,HIGH,ZERO,HIGH,HIGH,NORMAL,False,ZERO,NORMAL,LOW
HIGH,NORMAL,LOW,False,False,False,False,False,HIGH,NORMAL,ZERO,LOW,NORMAL,LOW,ZERO,HIGH,HIGH,HIGH,False,ZERO,NORMAL,LOW
HIGH,ZERO,LOW,False,False,False,False,False,HIGH,NORMAL,NORMAL,LOW,NORMAL,LOW,HIGH,HIGH,HIGH,HIGH,False,LOW,NORMAL,NORMAL
HIGH,NORMAL,LOW,False,False,False,False,False,NORMAL,NORMAL,LOW,LOW,NORMAL,HIGH,ZERO,HIGH,HIGH,NORMAL,False,ZERO,NORMAL,LOW
HIGH,NORMAL,ZERO,False,False,False,False,False,NORMAL,NORMAL,LOW,HIGH,NORMAL,HIGH,HIGH,HIGH,HIGH,NORMAL,False,HIGH,NORMAL,LOW
HIGH,NORMAL,LOW,False,False,False,False,False,NORMAL,NORMAL,LOW,LOW,NORMAL,HIGH,ZERO,NORMAL,HIGH,NORMAL,False,ZERO,NORMAL,LOW
HIGH,NORMAL,LOW,False,False,False,False,True,LOW,ONESIDED,LOW,LOW,NORMAL,LOW,NORMAL,HIGH,HIGH,LOW,False,NORMAL,HIGH,LOW
HIGH,NORMAL,LOW,False,False,False,False,False,NORMAL,NORMAL,LOW,LOW,NORMAL,HIGH,ZERO,HIGH,HIGH,NORMAL,False,ZERO,NORMAL,NORMAL
NORMAL,NORMAL,LOW,False,False,False,False,False,HIGH,NORMAL,LOW,LOW,NORMAL,NORMAL,ZERO,LOW,LOW,HIGH,False,ZERO,NORMAL,HIGH
HIGH,HIGH,HIGH,False,False,False,False,False,HIGH,NORMAL,LOW,HIGH,NORMAL,HIGH,HIGH,HIGH,HIGH,HIGH,False,HIGH,NORMAL,NORMAL
HIGH,NORMAL,LOW,False,False,True,False,False,NORMAL,NORMAL,LOW,LOW,NORMAL,LOW,ZERO,NORMAL,NORMAL,NORMAL,False,ZERO,NORMAL,NORMAL
NORMAL,NORMAL,ZERO,False,False,False,False,False,NORMAL,ONESIDED,LOW,LOW,NORMAL,NORMAL,NORMAL,LOW,LOW,NORMAL,False,NORMAL,HIGH,LOW
HIGH,LOW,ZERO,False,False,False,False,False,HIGH,NORMAL,LOW,LOW,NORMAL,LOW,ZERO,HIGH,HIGH,HIGH,False,ZERO,NORMAL,NORMAL
LOW,ZERO,ZERO,False,False,False,False,False,HIGH,ONESIDED,LOW,LOW,NORMAL,LOW,NORMAL,LOW,LOW,HIGH,False,LOW,HIGH,LOW
HIGH,NORMAL,LOW,False,False,False,False,False,NORMAL,NORMAL,LOW,LOW,NORMAL,HIGH,HIGH,HIGH,HIGH,NORMAL,False,ZERO,NORMAL,NORMAL
LOW,NORMAL,LOW,False,False,False,False,False,NORMAL,NORMAL,LOW,LOW,NORMAL,NORMAL,ZERO,LOW,LOW,NORMAL,False,ZERO,NORMAL,NORMAL
HIGH,NORMAL,LOW,False,False,False,False,False,NORMAL,NORMAL,LOW,LOW,NORMAL,HIGH,ZERO,HIGH,HIGH,NORMAL,False,ZERO,NORMAL,LOW
HIGH,NORMAL,LOW,False,False,False,False,False,NORMAL,NORMAL,LOW,LOW,NORMAL,HIGH,ZERO,HIGH,HIGH,NORMAL,False,ZERO,NORMAL,NORMAL
HIGH,NORMAL,LOW,False,False,False,False,False,HIGH,NORMAL,LOW,LOW,NORMAL,LOW,ZERO,HIGH,HIGH,HIGH,False,ZERO,NORMAL,LOW
HIGH,HIGH,HIGH,False,False,False,False,False,NORMAL,NORMAL,LOW,HIGH,LOW,LOW,HIGH,HIGH,HIGH,NORMAL,False,HIGH,NORMAL,LOW
HIGH,NORMAL,LOW,False,False,False,False,False,HIGH,NORMAL,LOW,LOW,NORMAL,LOW,ZERO,HIGH,HIGH,HIGH,False,NORMAL,NORMAL,NORMAL
HIGH,NORMAL,LOW,False,False,False,False,False,LOW,NORMAL,NORMAL,LOW,NORMAL,LOW,ZERO,HIGH,HIGH,LOW,False,ZERO,NORMAL,HIGH
HIGH,NORMAL,ZERO,False,False,False,False,False,HIGH,NORMAL,LOW,HIGH,NORMAL,LOW,HIGH,HIGH,HIGH,HIGH,False,HIGH,NORMAL,NORMAL
HIGH,NORMAL,LOW,False,False,False,False,False,NORMAL,NORMAL,LOW,LOW,NORMAL,HIGH,ZERO,HIGH,HIGH,NORMAL,False,ZERO,NORMAL,LOW
HIGH,NORMAL,LOW,False,False,False,False,False,HIGH,NORMAL,LOW,LOW,NORMAL,NORMAL,ZERO,HIGH,HIGH,HIGH,False,ZERO,NORMAL,NORMAL
HIGH,LOW,ZERO,False,False,False,False,False,NORMAL,NORMAL,NORMAL,LOW,NORMAL,HIGH,HIGH,HIGH,HIGH,NORMAL,False,LOW,NORMAL,LOW
LOW,NORMAL,LOW,False,True,False,False,False,NORMAL,ESOPHAGEAL,LOW,LOW,HIGH,NORMAL,LOW,LOW,LOW,NORMAL,True,LOW,NORMAL,HIGH
HIGH,NORMAL,ZERO,False,False,False,False,False,NORMAL,NORMAL,LOW,LOW,NORMAL,LOW,ZERO,HIGH,HIGH,NORMAL,False,ZERO,NORMAL,HIGH
HIGH,NORMAL,LOW,False,False,True,False,False,NORMAL,NORMAL,NORMAL,NORMAL,NORMAL,HIGH,LOW,NORMAL,NORMAL,LOW,False,NORMAL,NORMAL,NORMAL
LOW,NORMAL,ZERO,False,False,False,False,False,HIGH,ONESIDED,ZERO,LOW,NORMAL,LOW,NORMAL,LOW,LOW,HIGH,False,NORMAL,HIGH,HIGH
HIGH,NORMAL,LOW,False,False,False,False,False,NORMAL,NORMAL,LOW,LOW,NORMAL,LOW,ZERO,HIGH,HIGH,NORMAL,False,ZERO,NORMAL,HIGH
HIGH,NORMAL,LOW,False,False,False,False,False,HIGH,NORMAL,LOW,LOW,NORMAL,HIGH,ZERO,HIGH,HIGH,HIGH,False,ZERO,NORMAL,LOW
HIGH,NORMAL,LOW,False,False,False,False,False,NORMAL,NORMAL,LOW,LOW,NORMAL,NORMAL,ZERO,HIGH,HIGH,NORMAL,False,ZERO,NORMAL,HIGH
LOW,NORMAL,LOW,False,False,False,False,False,NORMAL,NORMAL,LOW,LOW,NORMAL,NORMAL,ZERO,LOW,LOW,NORMAL,False,ZERO,NORMAL,LOW
HIGH,NORMAL,ZERO,False,False,False,False,False,NORMAL,NORMAL,LOW,HIGH,NORMAL,NORMAL,HIGH,LOW,LOW,NORMAL,False,HIGH,NORMAL,HIGH
LOW,NORMAL,HIGH,False,False,False,False,False,NORMAL,NORMAL,LOW,HIGH,NORMAL,LOW,HIGH,LOW,NORMAL,NORMAL,False,HIGH,NORMAL,HIGH
HIGH,NORMAL,LOW,False,False,False,False,False,NORMAL,NORMAL,LOW,LOW,NORMAL,HIGH,ZERO,HIGH,HIGH,NORMAL,False,ZERO,NORMAL,LOW
HIGH,NORMAL,LOW,False,False,False,False,True,LOW,NORMAL,LOW,LOW,NORMAL,LOW,ZERO,HIGH,HIGH,LOW,False,ZERO,NORMAL,LOW
HIGH,NORMAL,LOW,False,False,False,False,False,NORMAL,NORMAL,LOW,LOW,HIGH,HIGH,ZERO,HIGH,HIGH,NORMAL,False,ZERO,NORMAL,LOW
LOW,NORMAL,LOW,False,False,False,False,False,HIGH,NORMAL,LOW,LOW,NORMAL,LOW,ZERO,LOW,LOW,HIGH,False,ZERO,NORMAL,NORMAL
HIGH,NORMAL,LOW,False,False,False,False,True,LOW,NORMAL,LOW,LOW,NORMAL,LOW,ZERO,HIGH,HIGH,LOW,False,ZERO,NORMAL,NORMAL
HIGH,NORMAL,LOW,False,False,True,False,False,NORMAL,NORMAL,LOW,LOW,NORMAL,HIGH,ZERO,NORMAL,NORMAL,NORMAL,False,ZERO,NORMAL,LOW
LOW,NORMAL,LOW,False,False,False,False,False,NORMAL,NORMAL,LOW,LOW,NORMAL,NORMAL,ZERO,LOW,LOW,NORMAL,False,ZERO,NORMAL,NORMAL
HIGH,NORMAL,LOW,False,False,False,False,False,NORMAL,NORMAL,LOW,LOW,NORMAL,HIGH,ZERO,HIGH,HIGH,NORMAL,False,ZERO,NORMAL,NORMAL
HIGH,NORMAL,LOW,False,False,False,False,False,NORMAL,NORMAL,LOW,LOW,NORMAL,HIGH,ZERO,HIGH,HIGH,NORMAL,False,ZERO,NORMAL,NORMAL
HIGH,NORMAL,LOW,False,False,False,False,False,HIGH,NORMAL,LOW,LOW,NORMAL,HIGH,ZERO,HIGH,HIGH,HIGH,False,ZERO,NORMAL,HIGH
HIGH,NORMAL,LOW,False,False,False,False,False,NORMAL,NORMAL,LOW,LOW,NORMAL,HIGH,ZERO,HIGH,HIGH,NORMAL,False,ZERO,NORMAL,HIGH
HIGH,NORMAL,LOW,False,False,False,False,False,NORMAL,NORMAL,LOW,LOW,NORMAL,HIGH,ZERO,HIGH,HIGH,NORMAL,False,ZERO,NORMAL,NORMAL
HIGH,NORMAL,ZERO,False,False,True,True,False,NORMAL,NORMAL,LOW,HIGH,NORMAL,HIGH,HIGH,NORMAL,NORMAL,NORMAL,False,HIGH,NORMAL,HIGH
LOW,NORMAL,LOW,False,False,False,False,False,NORMAL,ESOPHAGEAL,NORMAL,LOW,NORMAL,LOW,ZERO,LOW,LOW,NORMAL,False,ZERO,NORMAL,HIGH
LOW,HIGH,HIGH,False,False,False,False,False,NORMAL,NORMAL,LOW,HIGH,NORMAL,NORMAL,HIGH,LOW,LOW,NORMAL,False,HIGH,NORMAL,NORMAL
LOW,NORMAL,LOW,False,False,False,False,False,NORMAL,NORMAL,LOW,LOW,NORMAL,NORMAL,ZERO,LOW,LOW,NORMAL,False,ZERO,NORMAL,NORMAL
NORMAL,NORMAL,LOW,False,False,False,False,False,NORMAL,NORMAL,LOW,LOW,NORMAL,HIGH,ZERO,HIGH,HIGH,NORMAL,False,ZERO,NORMAL,LOW
HIGH,NORMAL,ZERO,False,False,True,False,False,NORMAL,NORMAL,LOW,HIGH,NORMAL,HIGH,HIGH,NORMAL,NORMAL,NORMAL,False,HIGH,NORMAL,NORMAL
NORMAL,HIGH,HIGH,False,False,False,False,False,HIGH,NORMAL,LOW,HIGH,LOW,HIGH,HIGH,HIGH,HIGH,HIGH,False,HIGH,NORMAL,NORMAL
HIGH,NORMAL,LOW,False,False,False,False,False,HIGH,NORMAL,LOW,LOW,NORMAL,HIGH,ZERO,HIGH,HIGH,HIGH,False,ZERO,NORMAL,NORMAL
HIGH,NORMAL,ZERO,False,False,False,False,False,NORMAL,NORMAL,LOW,LOW,NORMAL,HIGH,ZERO,HIGH,HIGH,NORMAL,False,ZERO,NORMAL,NORMAL
HIGH,NORMAL,LOW,False,False,False,True,False,LOW,NORMAL,LOW,LOW,NORMAL,HIGH,ZERO,HIGH,HIGH,LOW,False,ZERO,NORMAL,NORMAL
HIGH,NORMAL,LOW,False,False,False,False,False,NORMAL,NORMAL,LOW,LOW,NORMAL,HIGH,ZERO,HIGH,LOW,NORMAL,False,ZERO,NORMAL,HIGH
HIGH,NORMAL,ZERO,False,False,False,False,True,LOW,NORMAL,LOW,LOW,LOW,LOW,ZERO,HIGH,HIGH,LOW,False,ZERO,NORMAL,NORMAL
HIGH,NORMAL,LOW,False,False,False,False,False,NORMAL,NORMAL,LOW,LOW,NORMAL,HIGH,LOW,HIGH,HIGH,NORMAL,False,ZERO,NORMAL,LOW
HIGH,NORMAL,ZERO,False,False,False,False,False,NORMAL,NORMAL,LOW,HIGH,NORMAL,HIGH,HIGH,HIGH,HIGH,NORMAL,False,HIGH,NORMAL,LOW
HIGH,NORMAL,LOW,False,False,False,False,True,LOW,NORMAL,LOW,LOW,NORMAL,NORMAL,HIGH,HIGH,HIGH,NORMAL,False,ZERO,NORMAL,NORMAL
HIGH,LOW,ZERO,False,False,True,False,False,NORMAL,NORMAL,LOW,LOW,NORMAL,HIGH,ZERO,NORMAL,NORMAL,LOW,False,ZERO,NORMAL,NORMAL
HIGH,LOW,ZERO,False,False,False,False,False,NORMAL,NORMAL,LOW,LOW,NORMAL,HIGH,HIGH,HIGH,HIGH,NORMAL,False,ZERO,NORMAL,LOW
NORMAL,ZERO,ZERO,False,False,False,False,False,NORMAL,NORMAL,LOW,HIGH,NORMAL,NORMAL,HIGH,LOW,LOW,NORMAL,False,HIGH,NORMAL,HIGH
HIGH,NORMAL,HIGH,False,False,False,False,False,NORMAL,NORMAL,LOW,HIGH,NORMAL,HIGH,HIGH,HIGH,HIGH,NORMAL,False,HIGH,NORMAL,NORMAL
NORMAL,NORMAL,LOW,False,False,False,False,False,HIGH,NORMAL,LOW,LOW,NORMAL,HIGH,ZERO,HIGH,HIGH,HIGH,False,ZERO,HIGH,LOW
HIGH,HIGH,HIGH,False,False,False,True,False,NORMAL,NORMAL,LOW,HIGH,NORMAL,HIGH,HIGH,HIGH,HIGH,NORMAL,False,HIGH,NORMAL,LOW
HIGH,NORMAL,LOW,False,False,False,False,False,NORMAL,NORMAL,HIGH,LOW,NORMAL,HIGH,LOW,HIGH,HIGH,NORMAL,False,ZERO,NORMAL,LOW
HIGH,NORMAL,LOW,False,False,False,True,False,NORMAL,ESOPHAGEAL,LOW,LOW,NORMAL,HIGH,LOW,HIGH,HIGH,NORMAL,False,LOW,NORMAL,HIGH
LOW,HIGH,HIGH,False,False,False,False,False,NORMAL,NORMAL,LOW,HIGH,NORMAL,NORMAL,HIGH,LOW,LOW,NORMAL,False,HIGH,NORMAL,LOW
HIGH,NORMAL,LOW,False,False,False,False,False,HIGH,NORMAL,LOW,LOW,NORMAL,HIGH,ZERO,HIGH,HIGH,HIGH,False,ZERO,NORMAL,LOW
HIGH,NORMAL,LOW,False,False,False,False,False,NORMAL,ESOPHAGEAL,LOW,LOW,NORMAL,HIGH,LOW,HIGH,HIGH,NORMAL,False,LOW,NORMAL,HIGH
NORMAL,NORMAL,LOW,False,False,False,False,False,NORMAL,NORMAL,LOW,LOW,NORMAL,HIGH,ZERO,HIGH,HIGH,NORMAL,False,ZERO,NORMAL,LOW
HIGH,NORMAL,LOW,False,False,False,False,False,NORMAL,NORMAL,LOW,LOW,NORMAL,HIGH,ZERO,HIGH,HIGH,NORMAL,False,ZERO,NORMAL,LOW
HIGH,NORMAL,LOW,False,False,False,False,False,NORMAL,NORMAL,LOW,LOW,NORMAL,HIGH,ZERO,HIGH,HIGH,NORMAL,False,ZERO,NORMAL,LOW
HIGH,NORMAL,LOW,False,False,False,False,False,LOW,NORMAL,LOW,LOW,NORMAL,HIGH,HIGH,HIGH,HIGH,LOW,False,ZERO,NORMAL,NORMAL
HIGH,NORMAL,LOW,False,False,False,False,False,NORMAL,NORMAL,LOW,LOW,NORMAL,HIGH,ZERO,HIGH,HIGH,NORMAL,False,ZERO,NORMAL,LOW
LOW,NORMAL,LOW,False,False,True,False,False,NORMAL,NORMAL,LOW,LOW,NORMAL,NORMAL,ZERO,NORMAL,LOW,NORMAL,False,ZERO,NORMAL,NORMAL
HIGH,NORMAL,LOW,False,False,False,False,False,NORMAL,NORMAL,LOW,LOW,NORMAL,HIGH,ZERO,HIGH,HIGH,NORMAL,False,ZERO,NORMAL,LOW
HIGH,NORMAL,LOW,False,False,False,False,False,HIGH,NORMAL,LOW,LOW,NORMAL,LOW,ZERO,HIGH,HIGH,HIGH,False,ZERO,NORMAL,LOW
HIGH,ZERO,ZERO,False,False,False,False,False,NORMAL,NORMAL,LOW,HIGH,NORMAL,LOW,HIGH,HIGH,HIGH,NORMAL,False,HIGH,NORMAL,LOW
HIGH,NORMAL,LOW,False,False,False,True,False,NORMAL,NORMAL,LOW,LOW,NORMAL,HIGH,ZERO,HIGH,HIGH,NORMAL,False,ZERO,NORMAL,HIGH
HIGH,NORMAL,LOW,False,False,True,False,False,HIGH,NORMAL,LOW,LOW,NORMAL,NORMAL,ZERO,NORMAL,NORMAL,HIGH,False,ZERO,NORMAL,LOW
HIGH,NORMAL,LOW,False,False,False,True,False,NORMAL,NORMAL,LOW,LOW,NORMAL,HIGH,ZERO,HIGH,HIGH,NORMAL,False,ZERO,NORMAL,HIGH
HIGH,NORMAL,LOW,False,False,False,False,False,NORMAL,NORMAL,LOW,LOW,HIGH,HIGH,ZERO,HIGH,HIGH,NORMAL,False,ZERO,NORMAL,NORMAL
LOW,NORMAL,LOW,False,False,False,False,False,NORMAL,NORMAL,LOW,LOW,NORMAL,NORMAL,ZERO,LOW,LOW,NORMAL,False,ZERO,NORMAL,LOW
LOW,NORMAL,LOW,False,False,False,False,False,NORMAL,NORMAL,LOW,LOW,NORMAL,NORMAL,ZERO,LOW,LOW,NORMAL,True,ZERO,NORMAL,HIGH
HIGH,NORMAL,LOW,False,False,False,False,True,LOW,NORMAL,LOW,LOW,NORMAL,LOW,ZERO,HIGH,HIGH,LOW,False,ZERO,NORMAL,HIGH
HIGH,NORMAL,LOW,False,False,True,False,False,NORMAL,NORMAL,LOW,LOW,NORMAL,HIGH,ZERO,NORMAL,NORMAL,NORMAL,False,ZERO,NORMAL,LOW
LOW,NORMAL,LOW,False,False,False,False,False,NORMAL,ONESIDED,NORMAL,LOW,NORMAL,NORMAL,ZERO,LOW,LOW,NORMAL,False,LOW,HIGH,LOW
HIGH,NORMAL,LOW,False,False,False,False,False,NORMAL,NORMAL,LOW,LOW,NORMAL,HIGH,ZERO,HIGH,HIGH,NORMAL,False,LOW,NORMAL,HIGH
HIGH,NORMAL,LOW,False,False,True,False,False,NORMAL,NORMAL,LOW,LOW,NORMAL,LOW,ZERO,NORMAL,NORMAL,NORMAL,False,ZERO,NORMAL,LOW
HIGH,NORMAL,LOW,False,False,False,True,False,NORMAL,NORMAL,LOW,LOW,NORMAL,HIGH,ZERO,HIGH,HIGH,NORMAL,False,ZERO,NORMAL,NORMAL
HIGH,HIGH,HIGH,False,False,False,False,False,HIGH,NORMAL,LOW,NORMAL,NORMAL,HIGH,HIGH,HIGH,HIGH,HIGH,False,HIGH,NORMAL,NORMAL
HIGH,NORMAL,LOW,False,False,False,False,False,NORMAL,NORMAL,LOW,LOW,NORMAL,HIGH,ZERO,HIGH,HIGH,NORMAL,False,ZERO,NORMAL,LOW
HIGH,NORMAL,LOW,False,False,True,False,False,HIGH,NORMAL,LOW,LOW,NORMAL,LOW,ZERO,NORMAL,NORMAL,HIGH,False,ZERO,NORMAL,NORMAL
LOW,LOW,ZERO,False,False,False,False,False,NORMAL,NORMAL,LOW,HIGH,LOW,LOW,HIGH,LOW,HIGH,NORMAL,False,HIGH,NORMAL,HIGH
HIGH,ZERO,ZERO,False,False,False,False,False,LOW,NORMAL,LOW,HIGH,NORMAL,HIGH,HIGH,HIGH,HIGH,LOW,False,HIGH,HIGH,NORMAL
HIGH,NORMAL,LOW,False,False,False,False,False,NORMAL,NORMAL,LOW,LOW,NORMAL,HIGH,HIGH,HIGH,HIGH,NORMAL,False,ZERO,NORMAL,NORMAL
HIGH,ZERO,ZERO,False,False,False,False,False,NORMAL,NORMAL,LOW,HIGH,NORMAL,HIGH,HIGH,HIGH,HIGH,NORMAL,False,HIGH,NORMAL,LOW
HIGH,NORMAL,LOW,False,False,False,False,False,HIGH,NORMAL,LOW,LOW,NORMAL,LOW,ZERO,HIGH,HIGH,HIGH,False,ZERO,NORMAL,LOW
LOW,NORMAL,LOW,False,False,False,False,False,LOW,NORMAL,LOW,LOW,NORMAL,NORMAL,ZERO,LOW,LOW,LOW,False,ZERO,NORMAL,NORMAL
HIGH,LOW,ZERO,False,False,False,False,False,NORMAL,NORMAL,HIGH,HIGH,NORMAL,HIGH,HIGH,HIGH,HIGH,NORMAL,False,HIGH,NORMAL,LOW
HIGH,ZERO,ZERO,False,False,False,False,False,HIGH,NORMAL,LOW,LOW,NORMAL,HIGH,ZERO,HIGH,HIGH,HIGH,False,ZERO,NORMAL,NORMAL
LOW,NORMAL,HIGH,False,False,False,False,False,NORMAL,NORMAL,LOW,HIGH,NORMAL,NORMAL,HIGH,LOW,LOW,NORMAL,False,HIGH,NORMAL,NORMAL
HIGH,NORMAL,LOW,False,False,False,False,False,NORMAL,NORMAL,LOW,LOW,NORMAL,HIGH,ZERO,HIGH,HIGH,NORMAL,False,ZERO,HIGH,HIGH
LOW,HIGH,HIGH,False,False,False,False,False,NORMAL,NORMAL,LOW,HIGH,NORMAL,NORMAL,HIGH,LOW,LOW,NORMAL,False,HIGH,NORMAL,HIGH
HIGH,NORMAL,LOW,False,False,False,False,False,NORMAL,NORMAL,LOW,LOW,HIGH,HIGH,ZERO,HIGH,HIGH,NORMAL,False,ZERO,NORMAL,NORMAL
HIGH,NORMAL,LOW,False,False,False,False,False,HIGH,NORMAL,LOW,LOW,NORMAL,HIGH,ZERO,HIGH,HIGH,HIGH,False,ZERO,NORMAL,LOW
HIGH,NORMAL,ZERO,False,False,False,False,True,LOW,NORMAL,LOW,NORMAL,NORMAL,LOW,HIGH,HIGH,HIGH,LOW,False,HIGH,NORMAL,HIGH
HIGH,NORMAL,ZERO,False,False,False,True,False,HIGH,NORMAL,LOW,NORMAL,NORMAL,NORMAL,LOW,HIGH,HIGH,HIGH,False,ZERO,NORMAL,HIGH
HIGH,NORMAL,LOW,False,False,True,False,False,NORMAL,NORMAL,LOW,LOW,NORMAL,HIGH,ZERO,NORMAL,NORMAL,NORMAL,False,ZERO,NORMAL,LOW
HIGH,NORMAL,LOW,False,False,False,False,False,NORMAL,NORMAL,LOW,LOW,NORMAL,LOW,ZERO,HIGH,HIGH,NORMAL,False,ZERO,NORMAL,HIGH
LOW,NORMAL,ZERO,False,False,False,False,False,HIGH,ONESIDED,NORMAL,LOW,NORMAL,NORMAL,NORMAL,LOW,LOW,NORMAL,False,NORMAL,NORMAL,HIGH
HIGH,NORMAL,LOW,False,False,False,False,False,NORMAL,NORMAL,LOW,LOW,NORMAL,LOW,ZERO,HIGH,HIGH,NORMAL,False,ZERO,NORMAL,NORMAL
HIGH,NORMAL,LOW,False,False,True,False,False,NORMAL,NORMAL,LOW,LOW,LOW,HIGH,ZERO,NORMAL,NORMAL,NORMAL,False,ZERO,NORMAL,LOW
HIGH,NORMAL,LOW,False,False,False,False,False,NORMAL,NORMAL,LOW,LOW,NORMAL,NORMAL,ZERO,HIGH,HIGH,NORMAL,False,ZERO,HIGH,LOW
HIGH,NORMAL,LOW,False,False,False,False,False,NORMAL,NORMAL,LOW,LOW,NORMAL,HIGH,LOW,HIGH,HIGH,NORMAL,True,ZERO,NORMAL,HIGH
HIGH,NORMAL,LOW,False,False,False,False,False,HIGH,NORMAL,LOW,LOW,LOW,LOW,ZERO,HIGH,HIGH,HIGH,False,ZERO,NORMAL,LOW
HIGH,NORMAL,LOW,False,False,False,False,True,LOW,NORMAL,LOW,LOW,NORMAL,LOW,ZERO,HIGH,HIGH,LOW,False,ZERO,NORMAL,LOW
HIGH,NORMAL,LOW,False,False,False,False,False,HIGH,ESOPHAGEAL,LOW,LOW,NORMAL,HIGH,LOW,HIGH,HIGH,HIGH,False,LOW,HIGH,HIGH
NORMAL,LOW,ZERO,False,False,False,False,False,NORMAL,NORMAL,LOW,HIGH,NORMAL,HIGH,HIGH,HIGH,HIGH,NORMAL,False,HIGH,NORMAL,NORMAL
HIGH,NORMAL,ZERO,False,False,False,False,False,NORMAL,NORMAL,LOW,HIGH,NORMAL,HIGH,HIGH,HIGH,NORMAL,NORMAL,False,HIGH,NORMAL,HIGH
LOW,HIGH,HIGH,False,False,False,False,False,NORMAL,NORMAL,LOW,HIGH,NORMAL,NORMAL,HIGH,LOW,LOW,NORMAL,False,HIGH,NORMAL,HIGH
HIGH,NORMAL,LOW,False,False,False,False,False,HIGH,NORMAL,LOW,LOW,NORMAL,NORMAL,ZERO,HIGH,HIGH,HIGH,True,ZERO,NORMAL,NORMAL
HIGH,LOW,ZERO,False,False,False,False,False,HIGH,NORMAL,LOW,HIGH,NORMAL,HIGH,HIGH,HIGH,HIGH,HIGH,False,HIGH,NORMAL,LOW
HIGH,NORMAL,LOW,False,False,True,False,False,NORMAL,NORMAL,ZERO,LOW,LOW,HIGH,ZERO,NORMAL,NORMAL,NORMAL,True,ZERO,NORMAL,NORMAL
HIGH,LOW,ZERO,False,False,False,False,False,NORMAL,NORMAL,LOW,LOW,NORMAL,HIGH,ZERO,HIGH,HIGH,NORMAL,False,ZERO,NORMAL,NORMAL
HIGH,NORMAL,LOW,False,False,False,False,False,NORMAL,NORMAL,LOW,LOW,NORMAL,HIGH,ZERO,HIGH,HIGH,NORMAL,False,ZERO,NORMAL,NORMAL
HIGH,NORMAL,LOW,False,False,False,False,False,NORMAL,NORMAL,LOW,LOW,NORMAL,HIGH,ZERO,HIGH,HIGH,NORMAL,False,ZERO,HIGH,NORMAL
HIGH,NORMAL,LOW,False,False,False,False,False,NORMAL,NORMAL,LOW,LOW,NORMAL,HIGH,ZERO,HIGH,HIGH,NORMAL,False,ZERO,NORMAL,NORMAL
HIGH,NORMAL,LOW,False,False,False,False,False,NORMAL,NORMAL,LOW,LOW,NORMAL,HIGH,ZERO,HIGH,HIGH,NORMAL,False,ZERO,NORMAL,NORMAL
HIGH,NORMAL,LOW,False,False,False,False,False,NORMAL,NORMAL,LOW,LOW,NORMAL,HIGH,ZERO,HIGH,HIGH,NORMAL,False,ZERO,NORMAL,LOW
HIGH,NORMAL,LOW,False,False,False,False,False,NORMAL,NORMAL,LOW,LOW,NORMAL,HIGH,ZERO,HIGH,HIGH,NORMAL,False,ZERO,NORMAL,NORMAL
HIGH,NORMAL,LOW,False,False,True,False,False,HIGH,NORMAL,LOW,LOW,NORMAL,HIGH,ZERO,NORMAL,NORMAL,HIGH,False,ZERO,NORMAL,NORMAL
HIGH,NORMAL,LOW,False,False,False,False,False,NORMAL,NORMAL,LOW,LOW,NORMAL,HIGH,ZERO,HIGH,HIGH,NORMAL,False,ZERO,NORMAL,HIGH
HIGH,NORMAL,ZERO,False,False,False,True,False,NORMAL,NORMAL,ZERO,LOW,NORMAL,HIGH,ZERO,HIGH,NORMAL,NORMAL,False,ZERO,NORMAL,NORMAL
NORMAL,NORMAL,LOW,False,False,False,True,False,HIGH,NORMAL,LOW,LOW,NORMAL,HIGH,ZERO,HIGH,HIGH,HIGH,False,ZERO,NORMAL,LOW
NORMAL,NORMAL,ZERO,False,False,False,False,False,NORMAL,NORMAL,ZERO,HIGH,NORMAL,HIGH,HIGH,HIGH,HIGH,NORMAL,False,HIGH,NORMAL,NORMAL
HIGH,HIGH,NORMAL,False,False,False,False,False,NORMAL,NORMAL,HIGH,LOW,NORMAL,HIGH,LOW,HIGH,HIGH,NORMAL,False,LOW,NORMAL,HIGH
HIGH,NORMAL,LOW,False,False,True,False,False,NORMAL,NORMAL,LOW,LOW,NORMAL,HIGH,ZERO,NORMAL,NORMAL,NORMAL,False,ZERO,NORMAL,NORMAL
HIGH,NORMAL,ZERO,False,False,False,False,False,NORMAL,NORMAL,LOW,HIGH,NORMAL,HIGH,HIGH,HIGH,HIGH,NORMAL,False,HIGH,NORMAL,NORMAL
HIGH,NORMAL,LOW,False,False,False,False,False,NORMAL,NORMAL,LOW,LOW,NORMAL,NORMAL,ZERO,HIGH,HIGH,NORMAL,False,ZERO,NORMAL,LOW
HIGH,NORMAL,LOW,False,False,True,True,False,NORMAL,NORMAL,LOW,LOW,NORMAL,HIGH,ZERO,NORMAL,NORMAL,NORMAL,False,ZERO,NORMAL,LOW
NORMAL,NORMAL,LOW,False,False,False,True,False,LOW,NORMAL,LOW,LOW,NORMAL,HIGH,ZERO,HIGH,HIGH,LOW,False,ZERO,NORMAL,LOW
LOW,NORMAL,LOW,False,False,False,True,False,NORMAL,NORMAL,LOW,LOW,LOW,HIGH,ZERO,HIGH,HIGH,NORMAL,False,ZERO,NORMAL,HIGH
HIGH,NORMAL,LOW,False,False,True,False,False,NORMAL,NORMAL,LOW,LOW,NORMAL,HIGH,ZERO,NORMAL,NORMAL,NORMAL,False,ZERO,NORMAL,NORMAL
HIGH,NORMAL,ZERO,False,False,False,False,False,NORMAL,ESOPHAGEAL,LOW,LOW,LOW,HIGH,LOW,HIGH,HIGH,NORMAL,False,LOW,NORMAL,NORMAL
LOW,NORMAL,LOW,False,False,True,False,False,NORMAL,NORMAL,ZERO,HIGH,LOW,NORMAL,HIGH,NORMAL,LOW,NORMAL,False,HIGH,NORMAL,LOW
HIGH,NORMAL,LOW,False,False,True,True,False,NORMAL,NORMAL,LOW,LOW,NORMAL,HIGH,ZERO,NORMAL,NORMAL,HIGH,False,ZERO,NORMAL,NORMAL
LOW,NORMAL,LOW,False,False,True,False,False,NORMAL,NORMAL,LOW,LOW,HIGH,HIGH,ZERO,LOW,LOW,NORMAL,False,ZERO,NORMAL,LOW
HIGH,NORMAL,ZERO,False,False,False,False,False,NORMAL,NORMAL,LOW,LOW,HIGH,HIGH,ZERO,HIGH,HIGH,NORMAL,False,ZERO,HIGH,LOW
HIGH,NORMAL,ZERO,False,False,False,False,False,HIGH,NORMAL,LOW,HIGH,NORMAL,LOW,HIGH,HIGH,HIGH,HIGH,False,HIGH,NORMAL,LOW
HIGH,NORMAL,LOW,False,False,False,True,False,NORMAL,NORMAL,LOW,LOW,NORMAL,NORMAL,ZERO,HIGH,HIGH,NORMAL,True,ZERO,NORMAL,NORMAL
LOW,NORMAL,LOW,False,False,False,False,False,NORMAL,NORMAL,LOW,LOW,NORMAL,HIGH,ZERO,HIGH,HIGH,NORMAL,False,ZERO,NORMAL,HIGH
NORMAL,NORMAL,ZERO,False,False,False,False,False,NORMAL,NORMAL,LOW,LOW,LOW,HIGH,ZERO,HIGH,HIGH,NORMAL,False,ZERO,NORMAL,HIGH
HIGH,NORMAL,LOW,False,False,True,False,False,NORMAL,NORMAL,NORMAL,LOW,NORMAL,NORMAL,ZERO,NORMAL,NORMAL,NORMAL,False,ZERO,NORMAL,NORMAL
HIGH,NORMAL,LOW,False,False,True,False,False,HIGH,NORMAL,HIGH,LOW,NORMAL,HIGH,LOW,NORMAL,NORMAL,HIGH,False,LOW,NORMAL,NORMAL
HIGH,NORMAL,LOW,False,False,False,False,False,NORMAL,NORMAL,LOW,LOW,LOW,HIGH,ZERO,HIGH,HIGH,NORMAL,False,ZERO,NORMAL,HIGH
HIGH,NORMAL,LOW,False,False,False,False,False,HIGH,NORMAL,LOW,LOW,LOW,LOW,ZERO,HIGH,HIGH,HIGH,False,ZERO,NORMAL,HIGH
HIGH,NORMAL,LOW,False,False,False,False,False,NORMAL,NORMAL,LOW,LOW,NORMAL,HIGH,ZERO,HIGH,HIGH,NORMAL,False,ZERO,NORMAL,HIGH
HIGH,NORMAL,LOW,False,False,False,False,False,NORMAL,NORMAL,LOW,LOW,NORMAL,HIGH,ZERO,HIGH,HIGH,NORMAL,False,ZERO,HIGH,LOW
HIGH,NORMAL,LOW,False,False,False,False,False,NORMAL,NORMAL,LOW,LOW,NORMAL,HIGH,ZERO,HIGH,HIGH,NORMAL,False,ZERO,NORMAL,NORMAL
HIGH,NORMAL,LOW,False,False,False,False,False,NORMAL,NORMAL,LOW,LOW,NORMAL,HIGH,ZERO,HIGH,HIGH,NORMAL,False,ZERO,NORMAL,HIGH
HIGH,NORMAL,LOW,False,False,False,False,False,NORMAL,NORMAL,LOW,LOW,NORMAL,HIGH,ZERO,HIGH,HIGH,NORMAL,False,NORMAL,NORMAL,LOW
HIGH,NORMAL,LOW,False,False,False,False,False,NORMAL,ONESIDED,LOW,LOW,HIGH,HIGH,NORMAL,HIGH,HIGH,LOW,True,NORMAL,HIGH,NORMAL
HIGH,NORMAL,LOW,False,False,False,False,False,NORMAL,NORMAL,LOW,LOW,NORMAL,HIGH,ZERO,HIGH,HIGH,NORMAL,False,ZERO,NORMAL,NORMAL
HIGH,NORMAL,LOW,False,False,False,False,False,HIGH,NORMAL,LOW,LOW,NORMAL,HIGH,ZERO,HIGH,HIGH,HIGH,False,ZERO,NORMAL,HIGH
HIGH,NORMAL,LOW,False,False,False,False,False,HIGH,NORMAL,ZERO,LOW,NORMAL,LOW,ZERO,HIGH,HIGH,HIGH,False,ZERO,NORMAL,NORMAL
HIGH,HIGH,HIGH,False,False,False,False,False,NORMAL,ONESIDED,HIGH,LOW,NORMAL,HIGH,HIGH,HIGH,HIGH,NORMAL,False,LOW,HIGH,HIGH
HIGH,NORMAL,LOW,False,False,False,True,False,NORMAL,NORMAL,LOW,LOW,NORMAL,HIGH,ZERO,HIGH,HIGH,NORMAL,False,ZERO,NORMAL,NORMAL
LOW,NORMAL,LOW,False,False,False,False,False,NORMAL,ONESIDED,NORMAL,LOW,NORMAL,NORMAL,LOW,LOW,LOW,NORMAL,False,LOW,HIGH,HIGH
HIGH,NORMAL,LOW,False,False,False,False,False,NORMAL,NORMAL,LOW,LOW,NORMAL,HIGH,ZERO,HIGH,HIGH,NORMAL,False,ZERO,NORMAL,LOW
HIGH,NORMAL,ZERO,False,False,False,False,False,HIGH,NORMAL,LOW,LOW,NORMAL,NORMAL,HIGH,HIGH,HIGH,HIGH,False,HIGH,NORMAL,LOW
HIGH,NORMAL,ZERO,False,True,False,False,False,NORMAL,NORMAL,LOW,HIGH,HIGH,HIGH,HIGH,HIGH,HIGH,NORMAL,False,HIGH,HIGH,LOW
HIGH,NORMAL,LOW,False,False,False,False,False,HIGH,NORMAL,LOW,LOW,NORMAL,HIGH,ZERO,HIGH,HIGH,HIGH,False,ZERO,NORMAL,NORMAL
HIGH,NORMAL,LOW,False,False,False,False,False,NORMAL,NORMAL,LOW,LOW,NORMAL,HIGH,ZERO,HIGH,HIGH,NORMAL,False,ZERO,NORMAL,HIGH
HIGH,LOW,ZERO,False,False,False,False,False,NORMAL,NORMAL,LOW,LOW,NORMAL,HIGH,HIGH,HIGH,HIGH,NORMAL,False,ZERO,NORMAL,HIGH
HIGH,NORMAL,LOW,False,False,False,False,False,HIGH,NORMAL,LOW,LOW,NORMAL,HIGH,ZERO,HIGH,HIGH,HIGH,False,ZERO,NORMAL,HIGH
LOW,NORMAL,ZERO,False,False,False,False,False,NORMAL,NORMAL,LOW,LOW,NORMAL,HIGH,ZERO,HIGH,HIGH,NORMAL,False,ZERO,NORMAL,LOW
HIGH,NORMAL,LOW,False,False,False,False,False,NORMAL,NORMAL,LOW,LOW,NORMAL,HIGH,ZERO,HIGH,HIGH,NORMAL,True,ZERO,NORMAL,NORMAL
NORMAL,NORMAL,LOW,False,False,False,True,False,NORMAL,ONESIDED,NORMAL,LOW,NORMAL,HIGH,LOW,HIGH,HIGH,NORMAL,False,LOW,HIGH,LOW
NORMAL,NORMAL,LOW,False,False,False,False,False,HIGH,NORMAL,LOW,LOW,NORMAL,NORMAL,ZERO,HIGH,HIGH,HIGH,False,ZERO,NORMAL,NORMAL
HIGH,NORMAL,LOW,False,False,True,False,False,NORMAL,NORMAL,NORMAL,LOW,NORMAL,HIGH,ZERO,NORMAL,NORMAL,NORMAL,False,ZERO,NORMAL,LOW
HIGH,NORMAL,LOW,False,False,False,False,False,NORMAL,ESOPHAGEAL,NORMAL,LOW,NORMAL,LOW,ZERO,HIGH,HIGH,NORMAL,False,ZERO,NORMAL,NORMAL
HIGH,NORMAL,LOW,False,False,False,False,False,NORMAL,NORMAL,LOW,LOW,NORMAL,HIGH,ZERO,HIGH,HIGH,LOW,False,ZERO,NORMAL,HIGH
HIGH,HIGH,HIGH,False,False,False,False,True,LOW,NORMAL,LOW,HIGH,NORMAL,LOW,HIGH,HIGH,HIGH,LOW,False,HIGH,NORMAL,NORMAL
HIGH,LOW,ZERO,False,False,False,False,False,NORMAL,NORMAL,LOW,HIGH,NORMAL,HIGH,HIGH,HIGH,HIGH,NORMAL,False,HIGH,NORMAL,NORMAL
HIGH,NORMAL,LOW,False,False,False,False,False,NORMAL,NORMAL,LOW,LOW,LOW,HIGH,ZERO,HIGH,HIGH,NORMAL,False,ZERO,NORMAL,NORMAL
HIGH,NORMAL,LOW,False,False,False,False,False,HIGH,NORMAL,LOW,LOW,NORMAL,HIGH,ZERO,HIGH,HIGH,HIGH,False,ZERO,NORMAL,NORMAL
LOW,LOW,ZERO,False,False,False,False,False,NORMAL,NORMAL,LOW,HIGH,NORMAL,HIGH,HIGH,HIGH,HIGH,NORMAL,False,HIGH,NORMAL,LOW
HIGH,NORMAL,LOW,False,False,False,False,False,HIGH,NORMAL,LOW,LOW,NORMAL,NORMAL,ZERO,HIGH,HIGH,NORMAL,False,ZERO,NORMAL,LOW
HIGH,NORMAL,LOW,False,False,False,False,False,NORMAL,NORMAL,LOW,LOW,HIGH,HIGH,ZERO,HIGH,HIGH,NORMAL,False,ZERO,NORMAL,NORMAL
LOW,NORMAL,LOW,False,False,False,False,False,HIGH,NORMAL,LOW,LOW,NORMAL,NORMAL,ZERO,LOW,HIGH,HIGH,True,ZERO,NORMAL,HIGH
HIGH,NORMAL,ZERO,False,False,False,False,False,HIGH,NORMAL,LOW,LOW,HIGH,LOW,ZERO,HIGH,HIGH,HIGH,True,ZERO,NORMAL,LOW
HIGH,NORMAL,LOW,False,False,False,False,False,NORMAL,NORMAL,LOW,LOW,NORMAL,LOW,ZERO,HIGH,HIGH,NORMAL,False,ZERO,NORMAL,HIGH
HIGH,NORMAL,LOW,False,False,False,False,False,LOW,ONESIDED,NORMAL,LOW,NORMAL,HIGH,ZERO,HIGH,HIGH,LOW,False,LOW,HIGH,HIGH
HIGH,NORMAL,LOW,False,False,False,False,False,NORMAL,NORMAL,LOW,LOW,NORMAL,LOW,ZERO,HIGH,HIGH,NORMAL,False,ZERO,NORMAL,NORMAL
LOW,NORMAL,LOW,False,False,False,False,False,HIGH,NORMAL,LOW,HIGH,NORMAL,NORMAL,HIGH,LOW,LOW,HIGH,False,HIGH,NORMAL,HIGH
HIGH,NORMAL,LOW,True,False,False,False,False,NORMAL,NORMAL,LOW,LOW,NORMAL,HIGH,ZERO,HIGH,HIGH,NORMAL,False,ZERO,HIGH,LOW
NORMAL,NORMAL,ZERO,False,False,False,False,False,NORMAL,NORMAL,LOW,HIGH,NORMAL,LOW,HIGH,LOW,NORMAL,NORMAL,False,HIGH,NORMAL,LOW
HIGH,NORMAL,HIGH,False,False,False,False,False,HIGH,NORMAL,LOW,HIGH,NORMAL,LOW,HIGH,HIGH,HIGH,HIGH,False,HIGH,NORMAL,LOW
HIGH,HIGH,HIGH,False,False,False,False,False,NORMAL,NORMAL,LOW,HIGH,NORMAL,HIGH,LOW,HIGH,HIGH,NORMAL,False,HIGH,NORMAL,LOW
NORMAL,ZERO,ZERO,False,False,False,False,False,NORMAL,NORMAL,LOW,HIGH,NORMAL,HIGH,HIGH,HIGH,HIGH,NORMAL,False,HIGH,NORMAL,NORMAL
HIGH,NORMAL,LOW,False,False,False,False,False,NORMAL,NORMAL,LOW,LOW,NORMAL,HIGH,ZERO,HIGH,HIGH,NORMAL,False,ZERO,NORMAL,HIGH
HIGH,NORMAL,LOW,False,False,False,False,False,NORMAL,NORMAL,LOW,LOW,NORMAL,HIGH,HIGH,HIGH,HIGH,NORMAL,False,ZERO,NORMAL,LOW
HIGH,NORMAL,LOW,False,False,False,False,False,HIGH,NORMAL,LOW,LOW,NORMAL,LOW,ZERO,HIGH,HIGH,HIGH,False,ZERO,HIGH,LOW
LOW,NORMAL,HIGH,False,False,False,False,False,NORMAL,NORMAL,LOW,HIGH,NORMAL,LOW,HIGH,LOW,LOW,NORMAL,False,HIGH,NORMAL,HIGH
LOW,NORMAL,LOW,False,False,False,True,False,NORMAL,NORMAL,LOW,LOW,NORMAL,NORMAL,ZERO,LOW,LOW,NORMAL,False,ZERO,NORMAL,HIGH
LOW,NORMAL,LOW,False,False,False,False,False,NORMAL,NORMAL,LOW,LOW,NORMAL,HIGH,ZERO,HIGH,HIGH,NORMAL,False,ZERO,NORMAL,LOW
LOW,HIGH,HIGH,False,False,False,False,False,NORMAL,NORMAL,LOW,NORMAL,NORMAL,NORMAL,HIGH,LOW,LOW,NORMAL,False,HIGH,NORMAL,NORMAL
HIGH,NORMAL,LOW,False,False,False,False,False,HIGH,NORMAL,LOW,LOW,NORMAL,HIGH,ZERO,HIGH,HIGH,HIGH,True,ZERO,NORMAL,NORMAL
HIGH,NORMAL,LOW,False,False,False,False,False,NORMAL,NORMAL,LOW,LOW,NORMAL,HIGH,ZERO,HIGH,HIGH,NORMAL,False,ZERO,NORMAL,LOW
HIGH,NORMAL,LOW,False,False,False,False,False,NORMAL,NORMAL,LOW,LOW,NORMAL,HIGH,ZERO,HIGH,HIGH,NORMAL,False,ZERO,NORMAL,LOW
HIGH,NORMAL,LOW,False,False,False,False,False,HIGH,NORMAL,LOW,LOW,NORMAL,HIGH,ZERO,HIGH,HIGH,HIGH,False,LOW,NORMAL,NORMAL
HIGH,NORMAL,LOW,False,False,False,False,False,NORMAL,NORMAL,LOW,LOW,NORMAL,HIGH,ZERO,HIGH,HIGH,NORMAL,False,ZERO,NORMAL,HIGH
HIGH,NORMAL,LOW,False,False,False,False,False,HIGH,NORMAL,LOW,LOW,NORMAL,HIGH,ZERO,HIGH,HIGH,HIGH,False,ZERO,NORMAL,LOW
HIGH,NORMAL,LOW,False,False,False,False,False,NORMAL,NORMAL,LOW,LOW,NORMAL,HIGH,ZERO,NORMAL,HIGH,NORMAL,True,ZERO,NORMAL,NORMAL
LOW,NORMAL,HIGH,False,False,False,False,False,NORMAL,NORMAL,NORMAL,HIGH,NORMAL,NORMAL,HIGH,LOW,LOW,NORMAL,False,HIGH,NORMAL,HIGH
HIGH,NORMAL,LOW,False,False,False,False,False,NORMAL,NORMAL,LOW,LOW,LOW,HIGH,ZERO,HIGH,HIGH,NORMAL,False,ZERO,NORMAL,LOW
HIGH,NORMAL,LOW,False,False,False,False,False,NORMAL,NORMAL,LOW,LOW,HIGH,HIGH,LOW,HIGH,HIGH,NORMAL,False,ZERO,NORMAL,NORMAL
HIGH,NORMAL,ZERO,False,False,True,False,False,NORMAL,NORMAL,LOW,LOW,NORMAL,HIGH,ZERO,NORMAL,NORMAL,NORMAL,False,ZERO,NORMAL,LOW
HIGH,NORMAL,LOW,False,False,False,False,False,HIGH,NORMAL,LOW,LOW,NORMAL,LOW,NORMAL,HIGH,HIGH,HIGH,False,ZERO,NORMAL,NORMAL
LOW,NORMAL,ZERO,False,False,False,False,False,NORMAL,NORMAL,LOW,HIGH,HIGH,NORMAL,HIGH,NORMAL,LOW,NORMAL,False,HIGH,NORMAL,HIGH
HIGH,NORMAL,HIGH,False,False,False,False,False,NORMAL,NORMAL,HIGH,HIGH,NORMAL,HIGH,HIGH,HIGH,HIGH,NORMAL,False,HIGH,NORMAL,NORMAL
HIGH,NORMAL,LOW,False,False,False,False,False,NORMAL,NORMAL,LOW,LOW,NORMAL,HIGH,ZERO,HIGH,HIGH,NORMAL,False,ZERO,HIGH,HIGH
HIGH,NORMAL,LOW,False,False,False,False,False,NORMAL,NORMAL,LOW,LOW,NORMAL,LOW,ZERO,HIGH,HIGH,NORMAL,False,ZERO,NORMAL,NORMAL
HIGH,NORMAL,LOW,False,False,False,False,False,NORMAL,NORMAL,LOW,LOW,NORMAL,HIGH,NORMAL,HIGH,HIGH,NORMAL,False,ZERO,NORMAL,NORMAL
HIGH,LOW,ZERO,False,False,False,False,False,NORMAL,NORMAL,LOW,HIGH,NORMAL,HIGH,HIGH,HIGH,HIGH,LOW,False,HIGH,NORMAL,NORMAL
HIGH,NORMAL,LOW,False,False,False,False,False,NORMAL,NORMAL,LOW,LOW,NORMAL,HIGH,ZERO,HIGH,HIGH,NORMAL,False,ZERO,NORMAL,NORMAL
NORMAL,NORMAL,ZERO,False,False,False,True,False,NORMAL,NORMAL,LOW,HIGH,NORMAL,NORMAL,HIGH,LOW,LOW,NORMAL,False,HIGH,NORMAL,NORMAL
LOW,NORMAL,LOW,False,False,False,False,True,LOW,NORMAL,LOW,LOW,NORMAL,LOW,ZERO,LOW,HIGH,LOW,False,ZERO,NORMAL,NORMAL
HIGH,NORMAL,LOW,False,False,False,False,False,NORMAL,NORMAL,LOW,LOW,NORMAL,HIGH,ZERO,HIGH,HIGH,NORMAL,False,ZERO,NORMAL,NORMAL
LOW,NORMAL,ZERO,False,False,False,False,False,NORMAL,NORMAL,LOW,HIGH,NORMAL,LOW,HIGH,LOW,LOW,NORMAL,False,HIGH,NORMAL,HIGH
LOW,NORMAL,LOW,False,False,False,False,True,LOW,NORMAL,LOW,LOW,NORMAL,LOW,ZERO,HIGH,LOW,LOW,False,NORMAL,NORMAL,NORMAL
HIGH,NORMAL,ZERO,False,False,False,True,False,NORMAL,NORMAL,NORMAL,LOW,NORMAL,HIGH,HIGH,HIGH,HIGH,NORMAL,False,ZERO,NORMAL,LOW
HIGH,NORMAL,LOW,False,False,False,False,False,NORMAL,NORMAL,ZERO,HIGH,NORMAL,HIGH,ZERO,HIGH,HIGH,NORMAL,False,HIGH,NORMAL,NORMAL
LOW,NORMAL,ZERO,False,False,False,False,False,NORMAL,NORMAL,LOW,HIGH,HIGH,NORMAL,HIGH,LOW,LOW,NORMAL,False,HIGH,NORMAL,HIGH
HIGH,NORMAL,LOW,False,False,True,True,False,NORMAL,NORMAL,LOW,LOW,NORMAL,HIGH,ZERO,NORMAL,NORMAL,NORMAL,False,ZERO,NORMAL,LOW
LOW,LOW,ZERO,False,False,False,False,False,NORMAL,NORMAL,LOW,HIGH,NORMAL,NORMAL,HIGH,LOW,LOW,NORMAL,False,HIGH,NORMAL,HIGH
HIGH,NORMAL,LOW,False,False,False,False,False,LOW,NORMAL,LOW,LOW,NORMAL,HIGH,ZERO,HIGH,HIGH,LOW,False,ZERO,NORMAL,NORMAL
HIGH,NORMAL,LOW,False,False,False,False,False,HIGH,NORMAL,LOW,LOW,NORMAL,LOW,ZERO,HIGH,HIGH,HIGH,False,ZERO,NORMAL,NORMAL
NORMAL,ZERO,ZERO,False,False,False,False,False,HIGH,NORMAL,LOW,HIGH,NORMAL,HIGH,HIGH,HIGH,HIGH,HIGH,False,HIGH,NORMAL,NORMAL
LOW,NORMAL,ZERO,False,False,False,False,False,NORMAL,NORMAL,ZERO,HIGH,NORMAL,NORMAL,HIGH,LOW,LOW,NORMAL,False,HIGH,NORMAL,HIGH
HIGH,NORMAL,LOW,False,False,False,False,False,NORMAL,NORMAL,LOW,LOW,NORMAL,HIGH,ZERO,HIGH,HIGH,NORMAL,False,ZERO,NORMAL,NORMAL
HIGH,NORMAL,LOW,False,False,False,False,False,NORMAL,NORMAL,LOW,LOW,NORMAL,HIGH,ZERO,HIGH,HIGH,NORMAL,False,ZERO,NORMAL,NORMAL
HIGH,NORMAL,LOW,False,False,True,False,False,NORMAL,NORMAL,LOW,LOW,NORMAL,HIGH,ZERO,NORMAL,NORMAL,NORMAL,False,ZERO,NORMAL,NORMAL
LOW,NORMAL,LOW,False,False,False,False,False,NORMAL,NORMAL,LOW,LOW,NORMAL,NORMAL,ZERO,LOW,LOW,NORMAL,False,ZERO,NORMAL,NORMAL
HIGH,NORMAL,LOW,False,False,False,False,False,NORMAL,NORMAL,NORMAL,LOW,NORMAL,HIGH,ZERO,LOW,HIGH,NORMAL,False,NORMAL,NORMAL,NORMAL
HIGH,NORMAL,LOW,False,False,False,False,False,NORMAL,NORMAL,LOW,LOW,NORMAL,HIGH,ZERO,HIGH,HIGH,NORMAL,False,ZERO,NORMAL,HIGH
NORMAL,HIGH,HIGH,False,False,False,False,False,NORMAL,NORMAL,LOW,HIGH,NORMAL,HIGH,HIGH,HIGH,HIGH,NORMAL,False,HIGH,NORMAL,LOW
HIGH,NORMAL,LOW,False,False,False,False,False,NORMAL,NORMAL,LOW,LOW,NORMAL,HIGH,ZERO,HIGH,HIGH,NORMAL,False,ZERO,NORMAL,HIGH
LOW,NORMAL,LOW,False,False,False,False,False,NORMAL,NORMAL,LOW,LOW,NORMAL,NORMAL,ZERO,LOW,LOW,NORMAL,False,ZERO,NORMAL,HIGH
HIGH,NORMAL,LOW,False,False,True,False,False,NORMAL,NORMAL,LOW,LOW,NORMAL,HIGH,ZERO,NORMAL,NORMAL,NORMAL,False,ZERO,NORMAL,NORMAL
NORMAL,NORMAL,LOW,False,False,False,True,False,NORMAL,NORMAL,LOW,LOW,NORMAL,NORMAL,ZERO,LOW,LOW,NORMAL,False,ZERO,NORMAL,LOW
LOW,NORMAL,LOW,False,False,False,True,False,NORMAL,NORMAL,LOW,LOW,NORMAL,NORMAL,ZERO,LOW,LOW,LOW,False,ZERO,NORMAL,HIGH
NORMAL,NORMAL,LOW,False,False,False,False,False,NORMAL,NORMAL,LOW,LOW,NORMAL,HIGH,ZERO,HIGH,HIGH,NORMAL,False,ZERO,NORMAL,HIGH
HIGH,NORMAL,LOW,False,False,True,False,False,NORMAL,NORMAL,LOW,LOW,NORMAL,HIGH,ZERO,NORMAL,NORMAL,NORMAL,True,ZERO,NORMAL,NORMAL
HIGH,NORMAL,LOW,False,False,False,False,False,NORMAL,NORMAL,LOW,LOW,NORMAL,HIGH,ZERO,HIGH,HIGH,NORMAL,False,ZERO,NORMAL,NORMAL
HIGH,LOW,ZERO,False,False,False,False,False,HIGH,NORMAL,LOW,NORMAL,NORMAL,HIGH,HIGH,HIGH,HIGH,HIGH,False,HIGH,NORMAL,LOW
HIGH,NORMAL,LOW,False,False,False,False,False,NORMAL,NORMAL,LOW,LOW,NORMAL,HIGH,ZERO,HIGH,HIGH,NORMAL,False,ZERO,NORMAL,NORMAL
NORMAL,NORMAL,LOW,False,False,False,False,False,NORMAL,NORMAL,LOW,LOW,LOW,HIGH,ZERO,HIGH,HIGH,NORMAL,False,ZERO,NORMAL,LOW
HIGH,NORMAL,ZERO,False,False,False,False,False,NORMAL,NORMAL,LOW,HIGH,NORMAL,HIGH,HIGH,HIGH,HIGH,NORMAL,False,HIGH,NORMAL,LOW
HIGH,NORMAL,LOW,False,False,False,True,False,NORMAL,NORMAL,LOW,LOW,LOW,HIGH,ZERO,HIGH,HIGH,NORMAL,False,ZERO,NORMAL,LOW
HIGH,NORMAL,LOW,False,False,True,False,False,NORMAL,NORMAL,LOW,LOW,NORMAL,HIGH,ZERO,NORMAL,NORMAL,NORMAL,False,ZERO,NORMAL,NORMAL
HIGH,NORMAL,LOW,False,False,False,False,True,LOW,NORMAL,LOW,LOW,NORMAL,LOW,ZERO,HIGH,HIGH,LOW,False,ZERO,NORMAL,NORMAL
HIGH,NORMAL,LOW,False,False,False,False,False,NORMAL,NORMAL,LOW,LOW,NORMAL,HIGH,ZERO,HIGH,HIGH,HIGH,False,ZERO,NORMAL,LOW
LOW,NORMAL,ZERO,False,False,False,False,False,NORMAL,NORMAL,ZERO,HIGH,NORMAL,NORMAL,HIGH,LOW,LOW,NORMAL,False,HIGH,NORMAL,HIGH
HIGH,HIGH,HIGH,False,False,False,False,False,NORMAL,NORMAL,LOW,HIGH,NORMAL,LOW,HIGH,HIGH,HIGH,NORMAL,False,HIGH,NORMAL,LOW
HIGH,NORMAL,LOW,False,False,False,False,False,LOW,ESOPHAGEAL,NORMAL,LOW,NORMAL,HIGH,ZERO,HIGH,HIGH,LOW,False,ZERO,NORMAL,HIGH
HIGH,NORMAL,LOW,False,False,False,False,False,NORMAL,NORMAL,LOW,LOW,LOW,HIGH,ZERO,HIGH,HIGH,NORMAL,False,ZERO,NORMAL,HIGH
HIGH,NORMAL,LOW,False,False,False,False,False,NORMAL,NORMAL,NORMAL,LOW,NORMAL,HIGH,LOW,HIGH,HIGH,NORMAL,False,NORMAL,NORMAL,NORMAL
HIGH,NORMAL,LOW,False,False,False,False,False,HIGH,NORMAL,ZERO,LOW,NORMAL,NORMAL,ZERO,HIGH,HIGH,HIGH,False,ZERO,NORMAL,HIGH
HIGH,NORMAL,LOW,False,False,False,False,False,NORMAL,NORMAL,LOW,LOW,NORMAL,HIGH,ZERO,HIGH,HIGH,NORMAL,False,ZERO,NORMAL,NORMAL
HIGH,ZERO,ZERO,False,False,False,False,False,NORMAL,NORMAL,LOW,LOW,NORMAL,HIGH,HIGH,HIGH,HIGH,NORMAL,False,HIGH,NORMAL,NORMAL
LOW,LOW,ZERO,False,False,False,False,False,NORMAL,NORMAL,LOW,HIGH,NORMAL,NORMAL,HIGH,LOW,LOW,NORMAL,False,HIGH,NORMAL,HIGH
HIGH,NORMAL,LOW,False,False,True,False,False,HIGH,ONESIDED,NORMAL,LOW,NORMAL,NORMAL,ZERO,NORMAL,NORMAL,HIGH,False,LOW,HIGH,LOW
HIGH,NORMAL,LOW,False,False,False,False,False,NORMAL,NORMAL,LOW,LOW,NORMAL,HIGH,ZERO,HIGH,HIGH,NORMAL,False,ZERO,NORMAL,HIGH
HIGH,NORMAL,LOW,False,False,False,False,False,NORMAL,NORMAL,LOW,LOW,NORMAL,HIGH,ZERO,HIGH,HIGH,NORMAL,False,ZERO,NORMAL,LOW
LOW,NORMAL,LOW,False,False,False,False,False,NORMAL,NORMAL,LOW,LOW,NORMAL,NORMAL,ZERO,LOW,LOW,NORMAL,False,ZERO,NORMAL,LOW
HIGH,NORMAL,LOW,False,False,False,False,False,NORMAL,NORMAL,LOW,LOW,NORMAL,HIGH,ZERO,HIGH,HIGH,NORMAL,False,ZERO,NORMAL,LOW
NORMAL,NORMAL,LOW,False,False,False,False,False,NORMAL,NORMAL,LOW,LOW,NORMAL,NORMAL,ZERO,LOW,LOW,NORMAL,False,ZERO,NORMAL,NORMAL
HIGH,NORMAL,LOW,False,False,False,False,False,NORMAL,NORMAL,LOW,LOW,NORMAL,HIGH,ZERO,HIGH,HIGH,NORMAL,False,ZERO,NORMAL,NORMAL
HIGH,NORMAL,LOW,False,False,False,False,False,NORMAL,NORMAL,LOW,LOW,NORMAL,HIGH,ZERO,HIGH,HIGH,NORMAL,False,ZERO,HIGH,LOW
LOW,HIGH,HIGH,False,False,False,True,False,NORMAL,NORMAL,LOW,HIGH,NORMAL,NORMAL,HIGH,LOW,LOW,NORMAL,False,HIGH,NORMAL,LOW
HIGH,NORMAL,LOW,False,False,False,False,False,NORMAL,NORMAL,LOW,LOW,NORMAL,HIGH,ZERO,HIGH,HIGH,NORMAL,False,ZERO,NORMAL,HIGH
NORMAL,NORMAL,LOW,False,False,False,False,False,NORMAL,NORMAL,LOW,LOW,NORMAL,HIGH,ZERO,HIGH,HIGH,NORMAL,False,ZERO,NORMAL,NORMAL
HIGH,NORMAL,LOW,False,False,False,False,False,LOW,NORMAL,LOW,LOW,NORMAL,HIGH,ZERO,HIGH,HIGH,LOW,False,ZERO,NORMAL,NORMAL
HIGH,HIGH,HIGH,False,False,True,False,False,NORMAL,NORMAL,LOW,HIGH,NORMAL,HIGH,HIGH,NORMAL,NORMAL,NORMAL,False,HIGH,NORMAL,LOW
HIGH,NORMAL,LOW,False,False,False,False,False,NORMAL,NORMAL,LOW,LOW,NORMAL,HIGH,ZERO,HIGH,HIGH,NORMAL,False,ZERO,NORMAL,NORMAL
HIGH,NORMAL,ZERO,False,False,False,False,False,NORMAL,NORMAL,LOW,HIGH,NORMAL,HIGH,HIGH,HIGH,HIGH,NORMAL,False,HIGH,NORMAL,NORMAL
HIGH,NORMAL,LOW,False,False,False,True,False,LOW,NORMAL,LOW,LOW,NORMAL,LOW,ZERO,HIGH,HIGH,LOW,False,ZERO,NORMAL,NORMAL
HIGH,ZERO,ZERO,False,False,False,True,False,NORMAL,NORMAL,LOW,NORMAL,NORMAL,LOW,HIGH,HIGH,HIGH,NORMAL,False,HIGH,NORMAL,NORMAL
LOW,NORMAL,NORMAL,False,False,False,False,False,HIGH,NORMAL,HIGH,LOW,NORMAL,LOW,LOW,LOW,LOW,HIGH,False,LOW,NORMAL,LOW
HIGH,NORMAL,LOW,False,False,False,False,False,HIGH,NORMAL,LOW,LOW,NORMAL,LOW,ZERO,HIGH,HIGH,HIGH,False,ZERO,NORMAL,HIGH
HIGH,NORMAL,ZERO,False,False,False,False,False,NORMAL,NORMAL,LOW,HIGH,NORMAL,HIGH,HIGH,HIGH,HIGH,NORMAL,False,HIGH,NORMAL,NORMAL
HIGH,NORMAL,LOW,False,False,False,False,False,NORMAL,NORMAL,LOW,LOW,NORMAL,HIGH,ZERO,HIGH,HIGH,NORMAL,False,ZERO,NORMAL,NORMAL
HIGH,NORMAL,LOW,False,False,False,False,True,LOW,NORMAL,LOW,LOW,NORMAL,LOW,ZERO,HIGH,HIGH,LOW,False,ZERO,NORMAL,NORMAL
HIGH,NORMAL,LOW,False,False,False,False,False,NORMAL,NORMAL,LOW,LOW,NORMAL,HIGH,ZERO,HIGH,HIGH,NORMAL,False,ZERO,NORMAL,LOW
LOW,NORMAL,LOW,False,False,False,False,False,NORMAL,NORMAL,LOW,LOW,NORMAL,NORMAL,ZERO,LOW,LOW,NORMAL,False,ZERO,NORMAL,NORMAL
HIGH,NORMAL,LOW,False,False,False,False,False,NORMAL,NORMAL,LOW,LOW,LOW,HIGH,ZERO,HIGH,HIGH,NORMAL,False,ZERO,NORMAL,LOW
HIGH,LOW,ZERO,False,False,False,False,False,NORMAL,NORMAL,LOW,LOW,NORMAL,HIGH,ZERO,HIGH,HIGH,NORMAL,False,ZERO,NORMAL,NORMAL
LOW,NORMAL,LOW,False,False,False,False,False,NORMAL,NORMAL,ZERO,HIGH,NORMAL,NORMAL,ZERO,LOW,LOW,NORMAL,False,HIGH,NORMAL,LOW
HIGH,NORMAL,LOW,False,False,False,False,False,NORMAL,NORMAL,LOW,LOW,NORMAL,LOW,ZERO,HIGH,HIGH,NORMAL,False,ZERO,NORMAL,LOW
LOW,NORMAL,LOW,False,False,False,True,False,NORMAL,NORMAL,LOW,LOW,NORMAL,NORMAL,ZERO,LOW,LOW,NORMAL,False,ZERO,NORMAL,LOW
HIGH,NORMAL,LOW,False,False,False,False,False,NORMAL,NORMAL,LOW,LOW,LOW,HIGH,ZERO,HIGH,HIGH,LOW,False,ZERO,NORMAL,NORMAL
HIGH,NORMAL,LOW,False,False,False,True,False,HIGH,NORMAL,LOW,LOW,NORMAL,HIGH,ZERO,HIGH,HIGH,HIGH,False,ZERO,NORMAL,LOW
HIGH,LOW,ZERO,False,False,False,False,False,NORMAL,NORMAL,NORMAL,LOW,NORMAL,HIGH,ZERO,HIGH,HIGH,NORMAL,True,NORMAL,NORMAL,NORMAL
LOW,LOW,ZERO,False,False,False,False,False,NORMAL,NORMAL,LOW,HIGH,NORMAL,NORMAL,HIGH,LOW,LOW,NORMAL,False,HIGH,NORMAL,LOW
HIGH,NORMAL,LOW,False,False,False,False,False,NORMAL,NORMAL,LOW,LOW,NORMAL,HIGH,ZERO,HIGH,HIGH,NORMAL,False,ZERO,NORMAL,NORMAL
HIGH,NORMAL,LOW,False,False,False,False,False,NORMAL,NORMAL,LOW,LOW,LOW,HIGH,ZERO,HIGH,HIGH,NORMAL,False,ZERO,NORMAL,HIGH
HIGH,NORMAL,LOW,False,False,False,False,False,NORMAL,NORMAL,LOW,LOW,NORMAL,HIGH,ZERO,HIGH,HIGH,NORMAL,False,ZERO,NORMAL,HIGH
HIGH,NORMAL,LOW,False,False,False,False,False,NORMAL,NORMAL,LOW,LOW,NORMAL,HIGH,ZERO,HIGH,HIGH,NORMAL,False,ZERO,NORMAL,LOW
LOW,NORMAL,LOW,False,False,False,False,False,LOW,NORMAL,LOW,LOW,NORMAL,NORMAL,ZERO,HIGH,HIGH,LOW,False,ZERO,NORMAL,NORMAL
HIGH,NORMAL,LOW,False,False,False,False,False,NORMAL,NORMAL,LOW,LOW,NORMAL,HIGH,ZERO,HIGH,HIGH,HIGH,False,ZERO,NORMAL,NORMAL
HIGH,NORMAL,HIGH,False,False,True,False,False,NORMAL,NORMAL,LOW,HIGH,NORMAL,HIGH,HIGH,NORMAL,NORMAL,NORMAL,False,HIGH,NORMAL,NORMAL
LOW,ZERO,ZERO,False,False,False,False,False,NORMAL,ONESIDED,LOW,LOW,NORMAL,NORMAL,NORMAL,LOW,LOW,NORMAL,False,NORMAL,HIGH,HIGH
HIGH,LOW,ZERO,False,False,False,False,False,NORMAL,NORMAL,LOW,HIGH,NORMAL,HIGH,HIGH,HIGH,HIGH,NORMAL,False,HIGH,NORMAL,HIGH
LOW,NORMAL,LOW,False,False,False,False,False,NORMAL,NORMAL,LOW,LOW,NORMAL,HIGH,ZERO,HIGH,HIGH,NORMAL,False,ZERO,NORMAL,NORMAL
HIGH,NORMAL,ZERO,False,False,True,False,False,NORMAL,NORMAL,LOW,LOW,NORMAL,HIGH,ZERO,NORMAL,NORMAL,NORMAL,True,ZERO,NORMAL,LOW
HIGH,NORMAL,LOW,False,False,False,False,False,NORMAL,NORMAL,LOW,LOW,NORMAL,HIGH,ZERO,HIGH,HIGH,NORMAL,False,ZERO,HIGH,LOW
NORMAL,NORMAL,LOW,False,False,False,False,False,LOW,NORMAL,LOW,LOW,NORMAL,HIGH,ZERO,HIGH,HIGH,LOW,False,ZERO,NORMAL,HIGH
LOW,NORMAL,LOW,False,False,False,False,False,NORMAL,NORMAL,LOW,LOW,NORMAL,HIGH,ZERO,HIGH,HIGH,LOW,False,ZERO,NORMAL,HIGH
LOW,NORMAL,LOW,False,False,False,False,False,HIGH,NORMAL,LOW,LOW,HIGH,LOW,ZERO,LOW,LOW,HIGH,False,ZERO,NORMAL,NORMAL
HIGH,NORMAL,LOW,False,False,False,False,False,NORMAL,NORMAL,LOW,LOW,NORMAL,HIGH,HIGH,HIGH,HIGH,NORMAL,False,ZERO,NORMAL,HIGH
HIGH,NORMAL,LOW,False,False,False,False,False,NORMAL,NORMAL,LOW,LOW,NORMAL,HIGH,ZERO,HIGH,HIGH,NORMAL,False,ZERO,HIGH,LOW
LOW,LOW,ZERO,False,False,False,True,False,NORMAL,NORMAL,LOW,HIGH,NORMAL,NORMAL,HIGH,LOW,LOW,NORMAL,False,HIGH,NORMAL,LOW
HIGH,NORMAL,LOW,False,False,False,False,False,NORMAL,NORMAL,LOW,LOW,NORMAL,HIGH,ZERO,HIGH,HIGH,NORMAL,False,ZERO,NORMAL,NORMAL
LOW,NORMAL,LOW,False,False,False,False,False,NORMAL,NORMAL,LOW,LOW,NORMAL,NORMAL,ZERO,LOW,LOW,NORMAL,False,ZERO,NORMAL,NORMAL
HIGH,NORMAL,ZERO,False,False,False,False,False,HIGH,NORMAL,LOW,LOW,NORMAL,NORMAL,ZERO,HIGH,HIGH,HIGH,True,ZERO,NORMAL,LOW
HIGH,NORMAL,LOW,False,False,False,False,False,NORMAL,ESOPHAGEAL,LOW,LOW,NORMAL,HIGH,LOW,HIGH,HIGH,NORMAL,False,LOW,NORMAL,LOW
NORMAL,NORMAL,LOW,False,False,True,False,False,NORMAL,NORMAL,LOW,LOW,NORMAL,HIGH,ZERO,NORMAL,NORMAL,NORMAL,False,ZERO,NORMAL,LOW
HIGH,NORMAL,LOW,False,False,True,False,False,NORMAL,NORMAL,LOW,HIGH,NORMAL,HIGH,HIGH,NORMAL,NORMAL,NORMAL,False,HIGH,NORMAL,NORMAL
NORMAL,NORMAL,LOW,False,False,False,False,False,NORMAL,NORMAL,LOW,LOW,HIGH,HIGH,ZERO,HIGH,HIGH,NORMAL,False,ZERO,NORMAL,LOW
HIGH,NORMAL,LOW,False,False,False,False,False,NORMAL,NORMAL,LOW,LOW,NORMAL,HIGH,ZERO,HIGH,HIGH,NORMAL,False,ZERO,NORMAL,NORMAL
HIGH,NORMAL,LOW,True,False,False,False,False,NORMAL,NORMAL,LOW,LOW,NORMAL,HIGH,ZERO,HIGH,HIGH,NORMAL,False,ZERO,NORMAL,LOW
LOW,NORMAL,LOW,False,False,False,False,False,NORMAL,NORMAL,LOW,LOW,NORMAL,NORMAL,ZERO,LOW,LOW,NORMAL,False,ZERO,NORMAL,NORMAL
HIGH,NORMAL,LOW,False,False,False,False,True,LOW,NORMAL,LOW,LOW,NORMAL,LOW,ZERO,HIGH,HIGH,LOW,False,ZERO,HIGH,HIGH
HIGH,NORMAL,ZERO,False,False,False,False,False,NORMAL,NORMAL,LOW,HIGH,NORMAL,HIGH,HIGH,HIGH,HIGH,NORMAL,False,HIGH,NORMAL,NORMAL
HIGH,LOW,ZERO,False,False,False,False,False,HIGH,NORMAL,ZERO,HIGH,NORMAL,LOW,HIGH,HIGH,HIGH,HIGH,False,HIGH,NORMAL,LOW
HIGH,NORMAL,LOW,False,False,False,False,False,HIGH,NORMAL,LOW,LOW,LOW,HIGH,ZERO,HIGH,HIGH,NORMAL,False,ZERO,NORMAL,NORMAL
HIGH,NORMAL,LOW,False,False,False,False,False,NORMAL,NORMAL,LOW,LOW,NORMAL,HIGH,ZERO,HIGH,HIGH,NORMAL,True,ZERO,NORMAL,HIGH
HIGH,NORMAL,LOW,False,False,False,False,False,HIGH,NORMAL,LOW,LOW,NORMAL,HIGH,ZERO,HIGH,HIGH,HIGH,False,ZERO,NORMAL,LOW
LOW,NORMAL,LOW,False,False,False,True,False,NORMAL,NORMAL,LOW,LOW,NORMAL,LOW,ZERO,LOW,LOW,NORMAL,False,ZERO,HIGH,LOW
HIGH,NORMAL,LOW,False,False,False,False,False,LOW,NORMAL,LOW,LOW,NORMAL,HIGH,ZERO,HIGH,HIGH,LOW,False,ZERO,NORMAL,LOW
LOW,NORMAL,LOW,False,False,False,False,False,HIGH,NORMAL,LOW,LOW,NORMAL,NORMAL,ZERO,LOW,LOW,HIGH,False,ZERO,NORMAL,NORMAL
LOW,NORMAL,LOW,False,False,False,False,False,LOW,NORMAL,LOW,LOW,NORMAL,NORMAL,ZERO,LOW,LOW,LOW,False,ZERO,NORMAL,HIGH
HIGH,NORMAL,LOW,False,False,False,False,False,NORMAL,NORMAL,LOW,LOW,NORMAL,HIGH,ZERO,HIGH,HIGH,NORMAL,False,ZERO,NORMAL,HIGH
HIGH,NORMAL,LOW,False,False,False,False,False,NORMAL,NORMAL,LOW,LOW,NORMAL,HIGH,ZERO,HIGH,HIGH,NORMAL,False,ZERO,NORMAL,NORMAL
HIGH,HIGH,HIGH,False,False,False,False,False,NORMAL,NORMAL,LOW,NORMAL,NORMAL,HIGH,HIGH,HIGH,HIGH,NORMAL,False,HIGH,NORMAL,NORMAL
HIGH,NORMAL,LOW,False,False,False,False,False,NORMAL,NORMAL,HIGH,LOW,NORMAL,HIGH,ZERO,HIGH,HIGH,NORMAL,False,ZERO,NORMAL,NORMAL
HIGH,NORMAL,NORMAL,False,False,False,False,False,HIGH,NORMAL,NORMAL,LOW,NORMAL,LOW,LOW,HIGH,HIGH,HIGH,False,NORMAL,NORMAL,LOW
HIGH,NORMAL,LOW,False,False,False,False,False,LOW,NORMAL,LOW,LOW,NORMAL,HIGH,ZERO,HIGH,HIGH,LOW,False,ZERO,NORMAL,NORMAL
HIGH,NORMAL,LOW,False,False,False,False,False,HIGH,NORMAL,LOW,LOW,NORMAL,HIGH,LOW,HIGH,HIGH,NORMAL,False,ZERO,NORMAL,LOW
NORMAL,NORMAL,LOW,False,False,True,False,False,NORMAL,NORMAL,LOW,LOW,NORMAL,LOW,ZERO,NORMAL,NORMAL,NORMAL,False,ZERO,NORMAL,LOW
HIGH,NORMAL,LOW,False,False,False,False,False,HIGH,NORMAL,LOW,LOW,NORMAL,HIGH,ZERO,HIGH,HIGH,HIGH,False,ZERO,NORMAL,NORMAL
HIGH,LOW,ZERO,False,False,False,False,False,NORMAL,NORMAL,LOW,HIGH,NORMAL,HIGH,HIGH,HIGH,HIGH,NORMAL,False,HIGH,NORMAL,NORMAL
HIGH,LOW,ZERO,False,False,False,False,False,NORMAL,NORMAL,LOW,LOW,NORMAL,HIGH,NORMAL,HIGH,HIGH,NORMAL,False,NORMAL,NORMAL,NORMAL
HIGH,NORMAL,LOW,False,False,False,False,False,LOW,NORMAL,NORMAL,LOW,NORMAL,HIGH,ZERO,HIGH,HIGH,LOW,False,ZERO,NORMAL,NORMAL
HIGH,NORMAL,LOW,False,False,False,False,False,NORMAL,NORMAL,LOW,LOW,NORMAL,HIGH,ZERO,HIGH,HIGH,NORMAL,False,ZERO,NORMAL,NORMAL
HIGH,LOW,ZERO,False,False,False,False,False,NORMAL,NORMAL,LOW,LOW,NORMAL,HIGH,ZERO,HIGH,HIGH,NORMAL,False,ZERO,NORMAL,HIGH
HIGH,ZERO,ZERO,False,False,False,False,False,HIGH,NORMAL,LOW,HIGH,NORMAL,HIGH,HIGH,HIGH,HIGH,HIGH,False,HIGH,NORMAL,NORMAL
HIGH,NORMAL,LOW,False,False,False,False,False,LOW,NORMAL,LOW,LOW,NORMAL,HIGH,ZERO,HIGH,HIGH,LOW,False,ZERO,NORMAL,LOW
HIGH,NORMAL,LOW,False,False,False,False,False,NORMAL,NORMAL,LOW,LOW,NORMAL,LOW,ZERO,HIGH,HIGH,NORMAL,False,ZERO,NORMAL,HIGH
HIGH,NORMAL,LOW,False,False,False,False,False,HIGH,NORMAL,LOW,LOW,NORMAL,LOW,ZERO,HIGH,HIGH,HIGH,False,ZERO,NORMAL,NORMAL
HIGH,ZERO,ZERO,False,False,True,False,False,NORMAL,NORMAL,LOW,HIGH,NORMAL,HIGH,HIGH,NORMAL,NORMAL,NORMAL,False,HIGH,NORMAL,NORMAL
HIGH,NORMAL,LOW,False,False,False,False,False,NORMAL,NORMAL,LOW,LOW,NORMAL,HIGH,ZERO,HIGH,HIGH,NORMAL,False,ZERO,NORMAL,LOW
HIGH,NORMAL,LOW,False,False,False,False,False,NORMAL,NORMAL,LOW,LOW,NORMAL,HIGH,ZERO,HIGH,HIGH,NORMAL,False,ZERO,NORMAL,LOW
HIGH,NORMAL,LOW,False,False,False,False,False,NORMAL,NORMAL,LOW,LOW,NORMAL,HIGH,ZERO,HIGH,HIGH,NORMAL,False,ZERO,NORMAL,NORMAL
HIGH,NORMAL,ZERO,False,False,True,False,False,NORMAL,NORMAL,LOW,HIGH,NORMAL,HIGH,HIGH,NORMAL,NORMAL,NORMAL,False,HIGH,NORMAL,LOW
HIGH,NORMAL,LOW,False,False,False,False,True,HIGH,NORMAL,LOW,LOW,NORMAL,LOW,ZERO,HIGH,HIGH,HIGH,False,ZERO,NORMAL,NORMAL
LOW,NORMAL,LOW,False,False,False,False,False,NORMAL,NORMAL,NORMAL,LOW,NORMAL,HIGH,LOW,LOW,LOW,NORMAL,False,NORMAL,NORMAL,HIGH
LOW,NORMAL,LOW,False,False,False,False,False,NORMAL,NORMAL,LOW,LOW,NORMAL,NORMAL,ZERO,LOW,LOW,NORMAL,False,ZERO,NORMAL,NORMAL
HIGH,NORMAL,LOW,False,False,False,False,False,NORMAL,NORMAL,LOW,LOW,NORMAL,HIGH,ZERO,HIGH,HIGH,NORMAL,True,ZERO,NORMAL,HIGH
HIGH,NORMAL,LOW,False,False,False,False,False,LOW,NORMAL,LOW,LOW,NORMAL,HIGH,ZERO,HIGH,HIGH,LOW,True,ZERO,NORMAL,LOW
HIGH,NORMAL,LOW,False,False,False,False,False,NORMAL,ONESIDED,NORMAL,LOW,NORMAL,HIGH,LOW,HIGH,HIGH,NORMAL,False,LOW,HIGH,HIGH
HIGH,NORMAL,LOW,False,False,False,False,False,NORMAL,NORMAL,LOW,LOW,NORMAL,HIGH,ZERO,HIGH,HIGH,NORMAL,False,ZERO,NORMAL,NORMAL
HIGH,NORMAL,LOW,False,False,False,False,False,NORMAL,NORMAL,NORMAL,LOW,NORMAL,HIGH,ZERO,HIGH,HIGH,NORMAL,False,ZERO,NORMAL,NORMAL
HIGH,NORMAL,NORMAL,False,False,False,True,False,NORMAL,NORMAL,HIGH,LOW,NORMAL,HIGH,LOW,HIGH,HIGH,NORMAL,False,ZERO,NORMAL,HIGH
HIGH,NORMAL,LOW,False,False,False,False,False,NORMAL,NORMAL,LOW,LOW,NORMAL,HIGH,ZERO,HIGH,HIGH,NORMAL,False,ZERO,NORMAL,HIGH
HIGH,NORMAL,LOW,False,False,False,False,False,NORMAL,NORMAL,LOW,LOW,NORMAL,NORMAL,ZERO,NORMAL,HIGH,NORMAL,False,ZERO,NORMAL,NORMAL
LOW,NORMAL,LOW,False,False,False,True,False,NORMAL,ESOPHAGEAL,NORMAL,LOW,NORMAL,HIGH,ZERO,HIGH,HIGH,NORMAL,False,ZERO,NORMAL,NORMAL
LOW,NORMAL,LOW,False,False,False,False,False,HIGH,NORMAL,LOW,LOW,NORMAL,NORMAL,ZERO,LOW,LOW,HIGH,True,ZERO,NORMAL,NORMAL
HIGH,NORMAL,LOW,False,False,False,False,False,NORMAL,NORMAL,LOW,LOW,LOW,HIGH,ZERO,HIGH,HIGH,NORMAL,False,ZERO,NORMAL,HIGH
NORMAL,HIGH,HIGH,False,False,False,False,False,HIGH,NORMAL,LOW,HIGH,NORMAL,NORMAL,HIGH,LOW,LOW,HIGH,False,HIGH,NORMAL,NORMAL
HIGH,NORMAL,LOW,False,False,False,False,False,NORMAL,NORMAL,LOW,LOW,NORMAL,HIGH,ZERO,HIGH,HIGH,NORMAL,False,ZERO,NORMAL,NORMAL
HIGH,HIGH,HIGH,False,False,False,True,False,NORMAL,NORMAL,LOW,HIGH,HIGH,HIGH,HIGH,HIGH,HIGH,NORMAL,False,HIGH,NORMAL,LOW
HIGH,NORMAL,LOW,False,False,False,False,False,NORMAL,NORMAL,LOW,LOW,NORMAL,HIGH,ZERO,HIGH,HIGH,NORMAL,False,ZERO,NORMAL,LOW
HIGH,NORMAL,LOW,False,False,False,False,False,NORMAL,NORMAL,LOW,LOW,HIGH,HIGH,ZERO,HIGH,HIGH,NORMAL,False,ZERO,NORMAL,HIGH
HIGH,NORMAL,LOW,False,False,False,False,False,NORMAL,NORMAL,LOW,LOW,NORMAL,HIGH,ZERO,HIGH,HIGH,NORMAL,False,ZERO,NORMAL,NORMAL
HIGH,NORMAL,LOW,False,False,False,False,False,NORMAL,NORMAL,LOW,LOW,NORMAL,LOW,ZERO,HIGH,HIGH,NORMAL,False,ZERO,NORMAL,HIGH
HIGH,NORMAL,LOW,False,False,False,False,False,HIGH,NORMAL,LOW,LOW,NORMAL,HIGH,ZERO,HIGH,HIGH,HIGH,False,ZERO,NORMAL,NORMAL
LOW,NORMAL,LOW,False,False,False,False,False,NORMAL,NORMAL,LOW,LOW,NORMAL,NORMAL,ZERO,LOW,LOW,NORMAL,False,ZERO,NORMAL,NORMAL
HIGH,NORMAL,LOW,False,False,False,False,False,NORMAL,NORMAL,LOW,LOW,NORMAL,HIGH,ZERO,HIGH,HIGH,NORMAL,False,ZERO,NORMAL,NORMAL
LOW,NORMAL,LOW,False,False,False,False,False,HIGH,ONESIDED,HIGH,LOW,LOW,NORMAL,LOW,LOW,LOW,HIGH,False,LOW,HIGH,LOW
HIGH,NORMAL,LOW,False,False,False,True,True,LOW,NORMAL,LOW,LOW,NORMAL,HIGH,ZERO,HIGH,HIGH,HIGH,False,ZERO,NORMAL,NORMAL
HIGH,NORMAL,ZERO,False,False,False,False,False,NORMAL,NORMAL,HIGH,LOW,NORMAL,HIGH,LOW,HIGH,HIGH,NORMAL,False,LOW,NORMAL,NORMAL
LOW,NORMAL,LOW,False,False,False,False,False,NORMAL,NORMAL,LOW,LOW,NORMAL,NORMAL,ZERO,LOW,LOW,NORMAL,True,ZERO,NORMAL,NORMAL
NORMAL,NORMAL,LOW,False,False,False,True,False,NORMAL,NORMAL,LOW,LOW,NORMAL,HIGH,ZERO,HIGH,HIGH,NORMAL,False,ZERO,NORMAL,NORMAL
LOW,NORMAL,LOW,False,False,False,False,False,HIGH,NORMAL,LOW,LOW,NORMAL,LOW,LOW,LOW,LOW,HIGH,False,LOW,NORMAL,HIGH
HIGH,NORMAL,LOW,False,False,False,False,False,NORMAL,NORMAL,LOW,HIGH,HIGH,HIGH,HIGH,HIGH,HIGH,NORMAL,False,HIGH,NORMAL,NORMAL
HIGH,NORMAL,LOW,False,False,False,False,False,NORMAL,NORMAL,LOW,LOW,NORMAL,HIGH,ZERO,HIGH,HIGH,NORMAL,False,ZERO,NORMAL,LOW
HIGH,NORMAL,LOW,False,False,False,False,False,NORMAL,NORMAL,LOW,LOW,NORMAL,HIGH,ZERO,LOW,HIGH,NORMAL,False,ZERO,NORMAL,HIGH
HIGH,NORMAL,LOW,False,False,False,False,False,NORMAL,NORMAL,LOW,LOW,NORMAL,HIGH,ZERO,HIGH,HIGH,NORMAL,True,ZERO,NORMAL,HIGH
LOW,NORMAL,LOW,False,False,False,False,False,HIGH,NORMAL,LOW,LOW,NORMAL,NORMAL,ZERO,LOW,LOW,HIGH,False,ZERO,NORMAL,LOW
HIGH,NORMAL,LOW,False,False,False,False,False,NORMAL,ONESIDED,NORMAL,LOW,NORMAL,HIGH,ZERO,HIGH,HIGH,NORMAL,False,LOW,HIGH,LOW
HIGH,NORMAL,LOW,False,False,False,True,False,NORMAL,NORMAL,LOW,LOW,NORMAL,HIGH,ZERO,HIGH,HIGH,NORMAL,False,ZERO,HIGH,LOW
LOW,LOW,ZERO,False,False,False,False,False,NORMAL,NORMAL,LOW,LOW,NORMAL,NORMAL,ZERO,LOW,LOW,NORMAL,False,ZERO,NORMAL,NORMAL
HIGH,NORMAL,LOW,False,False,False,False,False,HIGH,NORMAL,LOW,LOW,NORMAL,HIGH,ZERO,HIGH,HIGH,HIGH,False,ZERO,NORMAL,NORMAL
HIGH,NORMAL,LOW,False,False,False,False,False,NORMAL,NORMAL,LOW,LOW,NORMAL,HIGH,ZERO,HIGH,HIGH,NORMAL,False,ZERO,NORMAL,HIGH
HIGH,NORMAL,LOW,False,False,False,False,False,NORMAL,NORMAL,LOW,LOW,NORMAL,HIGH,ZERO,HIGH,HIGH,NORMAL,False,ZERO,NORMAL,NORMAL
HIGH,HIGH,NORMAL,False,False,False,False,False,NORMAL,NORMAL,HIGH,LOW,NORMAL,HIGH,LOW,HIGH,HIGH,NORMAL,False,LOW,NORMAL,NORMAL
HIGH,NORMAL,LOW,False,False,False,False,False,NORMAL,NORMAL,LOW,LOW,NORMAL,HIGH,ZERO,HIGH,HIGH,NORMAL,False,ZERO,NORMAL,NORMAL
HIGH,NORMAL,LOW,False,True,True,False,False,HIGH,NORMAL,LOW,LOW,HIGH,LOW,ZERO,NORMAL,NORMAL,HIGH,False,ZERO,HIGH,NORMAL
NORMAL,LOW,ZERO,False,False,True,False,False,HIGH,NORMAL,ZERO,HIGH,NORMAL,LOW,HIGH,NORMAL,NORMAL,HIGH,False,HIGH,NORMAL,NORMAL
LOW,NORMAL,ZERO,False,False,False,False,False,NORMAL,NORMAL,LOW,HIGH,NORMAL,NORMAL,HIGH,LOW,LOW,NORMAL,False,HIGH,NORMAL,HIGH
HIGH,NORMAL,LOW,False,False,False,False,False,NORMAL,NORMAL,LOW,LOW,NORMAL,HIGH,ZERO,HIGH,HIGH,NORMAL,False,ZERO,NORMAL,HIGH
HIGH,NORMAL,LOW,False,False,False,False,False,NORMAL,NORMAL,ZERO,LOW,NORMAL,HIGH,ZERO,HIGH,HIGH,NORMAL,False,ZERO,NORMAL,HIGH
HIGH,LOW,ZERO,False,False,False,False,False,NORMAL,NORMAL,LOW,HIGH,NORMAL,HIGH,HIGH,HIGH,HIGH,NORMAL,False,HIGH,HIGH,NORMAL
HIGH,NORMAL,LOW,False,False,False,False,False,NORMAL,NORMAL,ZERO,LOW,NORMAL,HIGH,ZERO,HIGH,HIGH,NORMAL,False,ZERO,NORMAL,NORMAL
HIGH,ZERO,ZERO,False,False,False,False,False,NORMAL,NORMAL,LOW,HIGH,NORMAL,HIGH,HIGH,HIGH,HIGH,NORMAL,False,HIGH,NORMAL,LOW
LOW,NORMAL,ZERO,False,False,False,False,False,NORMAL,NORMAL,LOW,HIGH,NORMAL,NORMAL,HIGH,LOW,LOW,NORMAL,False,HIGH,NORMAL,HIGH
HIGH,NORMAL,LOW,False,False,False,False,False,NORMAL,NORMAL,LOW,LOW,NORMAL,HIGH,ZERO,HIGH,HIGH,NORMAL,False,ZERO,NORMAL,HIGH
HIGH,NORMAL,LOW,False,False,False,False,False,NORMAL,NORMAL,LOW,LOW,NORMAL,HIGH,ZERO,HIGH,HIGH,NORMAL,False,ZERO,NORMAL,LOW
HIGH,NORMAL,LOW,False,False,False,False,False,NORMAL,NORMAL,LOW,LOW,NORMAL,HIGH,ZERO,HIGH,HIGH,NORMAL,False,ZERO,NORMAL,LOW
HIGH,NORMAL,LOW,False,False,False,False,False,NORMAL,NORMAL,LOW,LOW,NORMAL,LOW,ZERO,HIGH,HIGH,NORMAL,False,ZERO,NORMAL,NORMAL
HIGH,NORMAL,LOW,False,False,False,False,False,NORMAL,NORMAL,LOW,LOW,NORMAL,NORMAL,ZERO,HIGH,HIGH,NORMAL,False,ZERO,NORMAL,LOW
HIGH,HIGH,HIGH,False,False,False,False,False,HIGH,NORMAL,ZERO,LOW,NORMAL,NORMAL,HIGH,HIGH,HIGH,HIGH,False,NORMAL,NORMAL,HIGH
HIGH,NORMAL,LOW,False,False,False,False,False,NORMAL,NORMAL,LOW,LOW,NORMAL,HIGH,ZERO,HIGH,HIGH,NORMAL,False,ZERO,NORMAL,NORMAL
LOW,LOW,ZERO,False,False,False,False,False,NORMAL,NORMAL,LOW,LOW,NORMAL,HIGH,ZERO,HIGH,HIGH,NORMAL,False,ZERO,HIGH,LOW
HIGH,NORMAL,LOW,False,False,False,False,False,HIGH,NORMAL,LOW,LOW,NORMAL,HIGH,HIGH,HIGH,HIGH,HIGH,False,ZERO,NORMAL,NORMAL
HIGH,NORMAL,LOW,True,False,False,False,False,NORMAL,NORMAL,LOW,LOW,NORMAL,HIGH,ZERO,HIGH,HIGH,NORMAL,False,ZERO,NORMAL,LOW
HIGH,NORMAL,LOW,False,False,False,False,False,NORMAL,NORMAL,LOW,LOW,NORMAL,HIGH,ZERO,HIGH,HIGH,NORMAL,False,ZERO,NORMAL,LOW
HIGH,NORMAL,LOW,False,False,False,False,False,NORMAL,NORMAL,LOW,LOW,NORMAL,NORMAL,ZERO,HIGH,HIGH,NORMAL,False,ZERO,NORMAL,NORMAL
HIGH,NORMAL,LOW,False,False,False,False,False,NORMAL,NORMAL,LOW,LOW,NORMAL,HIGH,ZERO,HIGH,HIGH,NORMAL,False,ZERO,NORMAL,LOW
HIGH,NORMAL,LOW,False,False,False,False,False,NORMAL,NORMAL,LOW,LOW,NORMAL,HIGH,ZERO,HIGH,HIGH,NORMAL,False,ZERO,NORMAL,LOW
HIGH,NORMAL,ZERO,False,False,False,False,False,HIGH,NORMAL,LOW,LOW,NORMAL,LOW,ZERO,HIGH,HIGH,HIGH,False,ZERO,NORMAL,NORMAL
LOW,LOW,ZERO,False,False,True,False,False,HIGH,NORMAL,LOW,HIGH,NORMAL,LOW,HIGH,NORMAL,NORMAL,HIGH,False,HIGH,NORMAL,HIGH
HIGH,NORMAL,LOW,False,False,False,True,False,HIGH,NORMAL,LOW,LOW,NORMAL,LOW,ZERO,HIGH,HIGH,HIGH,False,ZERO,HIGH,LOW
HIGH,NORMAL,LOW,False,False,True,False,False,NORMAL,NORMAL,LOW,LOW,HIGH,HIGH,ZERO,NORMAL,NORMAL,NORMAL,False,ZERO,NORMAL,HIGH
NORMAL,NORMAL,LOW,False,False,True,False,False,NORMAL,NORMAL,LOW,LOW,NORMAL,LOW,ZERO,NORMAL,NORMAL,NORMAL,False,ZERO,NORMAL,HIGH
HIGH,ZERO,ZERO,False,False,True,False,False,HIGH,NORMAL,LOW,HIGH,NORMAL,LOW,HIGH,NORMAL,NORMAL,HIGH,False,HIGH,NORMAL,HIGH
HIGH,NORMAL,ZERO,False,False,False,False,False,NORMAL,NORMAL,LOW,HIGH,NORMAL,HIGH,HIGH,HIGH,HIGH,NORMAL,False,HIGH,NORMAL,NORMAL
LOW,NORMAL,LOW,False,False,False,False,False,NORMAL,NORMAL,LOW,LOW,LOW,NORMAL,ZERO,LOW,LOW,NORMAL,False,ZERO,NORMAL,HIGH
HIGH,NORMAL,LOW,False,False,False,False,False,LOW,NORMAL,LOW,LOW,NORMAL,LOW,ZERO,HIGH,HIGH,LOW,False,ZERO,NORMAL,LOW
HIGH,ZERO,ZERO,False,False,False,False,False,NORMAL,NORMAL,LOW,LOW,NORMAL,HIGH,ZERO,HIGH,HIGH,NORMAL,False,ZERO,NORMAL,HIGH
HIGH,NORMAL,LOW,False,False,False,False,True,LOW,NORMAL,LOW,LOW,NORMAL,LOW,ZERO,HIGH,HIGH,LOW,False,ZERO,NORMAL,NORMAL
LOW,NORMAL,LOW,False,False,False,False,False,HIGH,NORMAL,LOW,LOW,HIGH,NORMAL,HIGH,LOW,LOW,HIGH,False,ZERO,NORMAL,LOW
LOW,LOW,ZERO,False,False,False,False,False,NORMAL,NORMAL,LOW,HIGH,NORMAL,NORMAL,HIGH,LOW,LOW,NORMAL,False,HIGH,NORMAL,HIGH
HIGH,NORMAL,LOW,False,False,False,False,False,LOW,ONESIDED,NORMAL,LOW,NORMAL,HIGH,ZERO,HIGH,HIGH,LOW,False,LOW,HIGH,HIGH
HIGH,NORMAL,LOW,False,False,True,False,False,NORMAL,NORMAL,LOW,LOW,NORMAL,HIGH,ZERO,NORMAL,NORMAL,NORMAL,False,ZERO,NORMAL,HIGH
LOW,NORMAL,LOW,False,False,False,False,False,NORMAL,ONESIDED,NORMAL,LOW,NORMAL,NORMAL,ZERO,LOW,LOW,NORMAL,False,LOW,HIGH,HIGH
HIGH,NORMAL,LOW,False,False,False,False,True,LOW,NORMAL,LOW,LOW,NORMAL,LOW,ZERO,HIGH,HIGH,LOW,True,ZERO,NORMAL,LOW
HIGH,NORMAL,LOW,False,False,False,False,False,HIGH,NORMAL,LOW,LOW,HIGH,HIGH,ZERO,HIGH,HIGH,HIGH,False,LOW,NORMAL,NORMAL
LOW,ZERO,ZERO,False,False,False,True,False,NORMAL,NORMAL,HIGH,HIGH,NORMAL,NORMAL,HIGH,LOW,LOW,NORMAL,False,HIGH,NORMAL,NORMAL
LOW,HIGH,HIGH,False,False,True,False,False,NORMAL,NORMAL,LOW,HIGH,NORMAL,NORMAL,HIGH,HIGH,HIGH,NORMAL,False,HIGH,NORMAL,HIGH
HIGH,NORMAL,LOW,False,False,False,False,False,NORMAL,NORMAL,LOW,LOW,NORMAL,HIGH,ZERO,HIGH,HIGH,NORMAL,False,ZERO,NORMAL,NORMAL
HIGH,NORMAL,ZERO,False,False,False,False,False,NORMAL,NORMAL,LOW,LOW,NORMAL,HIGH,ZERO,HIGH,HIGH,NORMAL,True,ZERO,NORMAL,NORMAL
LOW,NORMAL,ZERO,False,False,False,False,False,NORMAL,NORMAL,LOW,LOW,NORMAL,NORMAL,ZERO,LOW,LOW,NORMAL,True,ZERO,NORMAL,HIGH
HIGH,NORMAL,LOW,False,False,False,False,False,HIGH,NORMAL,LOW,LOW,HIGH,LOW,ZERO,HIGH,HIGH,HIGH,False,ZERO,NORMAL,NORMAL
HIGH,HIGH,HIGH,False,False,False,True,False,NORMAL,NORMAL,LOW,HIGH,NORMAL,HIGH,HIGH,HIGH,HIGH,NORMAL,False,HIGH,NORMAL,LOW
HIGH,NORMAL,LOW,True,False,False,False,False,NORMAL,NORMAL,LOW,LOW,NORMAL,HIGH,ZERO,HIGH,HIGH,NORMAL,False,ZERO,NORMAL,LOW
HIGH,NORMAL,LOW,False,False,False,True,False,NORMAL,NORMAL,LOW,LOW,NORMAL,HIGH,ZERO,HIGH,HIGH,NORMAL,False,ZERO,NORMAL,NORMAL
LOW,NORMAL,LOW,False,False,False,True,False,NORMAL,NORMAL,LOW,LOW,NORMAL,NORMAL,ZERO,LOW,LOW,LOW,False,ZERO,NORMAL,NORMAL
HIGH,NORMAL,LOW,False,False,False,False,False,NORMAL,NORMAL,LOW,LOW,NORMAL,HIGH,ZERO,HIGH,HIGH,NORMAL,False,ZERO,NORMAL,HIGH
HIGH,NORMAL,LOW,False,False,False,False,False,NORMAL,NORMAL,LOW,LOW,NORMAL,HIGH,ZERO,HIGH,HIGH,NORMAL,False,ZERO,NORMAL,NORMAL
HIGH,NORMAL,LOW,True,False,True,False,False,NORMAL,ONESIDED,LOW,LOW,NORMAL,HIGH,NORMAL,NORMAL,NORMAL,NORMAL,False,NORMAL,HIGH,LOW
HIGH,NORMAL,HIGH,False,False,False,False,False,NORMAL,NORMAL,LOW,HIGH,HIGH,HIGH,HIGH,HIGH,HIGH,NORMAL,False,HIGH,NORMAL,NORMAL
HIGH,NORMAL,LOW,False,False,False,True,False,NORMAL,NORMAL,HIGH,LOW,LOW,HIGH,ZERO,HIGH,HIGH,NORMAL,False,ZERO,NORMAL,HIGH
HIGH,NORMAL,LOW,False,False,False,False,True,NORMAL,NORMAL,LOW,LOW,NORMAL,NORMAL,ZERO,HIGH,HIGH,NORMAL,False,ZERO,NORMAL,LOW
HIGH,NORMAL,ZERO,False,False,True,False,False,NORMAL,NORMAL,LOW,HIGH,NORMAL,HIGH,HIGH,NORMAL,NORMAL,NORMAL,False,HIGH,NORMAL,LOW
HIGH,NORMAL,LOW,False,False,False,False,False,NORMAL,NORMAL,LOW,LOW,NORMAL,HIGH,ZERO,HIGH,HIGH,NORMAL,False,ZERO,NORMAL,LOW
HIGH,NORMAL,LOW,False,False,True,False,False,NORMAL,NORMAL,LOW,LOW,NORMAL,HIGH,ZERO,NORMAL,NORMAL,NORMAL,False,ZERO,NORMAL,NORMAL
HIGH,NORMAL,LOW,False,False,False,False,False,NORMAL,NORMAL,LOW,LOW,NORMAL,HIGH,ZERO,HIGH,HIGH,NORMAL,False,ZERO,NORMAL,NORMAL
HIGH,ZERO,ZERO,False,False,False,False,False,NORMAL,NORMAL,LOW,LOW,NORMAL,HIGH,ZERO,HIGH,HIGH,NORMAL,False,ZERO,NORMAL,NORMAL
HIGH,NORMAL,LOW,False,False,False,False,False,NORMAL,NORMAL,LOW,LOW,NORMAL,HIGH,ZERO,HIGH,HIGH,NORMAL,False,ZERO,NORMAL,LOW
HIGH,NORMAL,LOW,False,False,False,False,False,NORMAL,NORMAL,LOW,LOW,LOW,HIGH,ZERO,HIGH,HIGH,NORMAL,False,ZERO,NORMAL,LOW
HIGH,NORMAL,LOW,False,False,False,True,False,HIGH,NORMAL,LOW,LOW,NORMAL,HIGH,ZERO,HIGH,HIGH,HIGH,False,ZERO,NORMAL,LOW
HIGH,NORMAL,LOW,False,False,False,False,False,HIGH,NORMAL,ZERO,LOW,NORMAL,HIGH,ZERO,HIGH,HIGH,HIGH,False,ZERO,NORMAL,NORMAL
LOW,ZERO,ZERO,False,False,False,True,False,HIGH,NORMAL,LOW,LOW,HIGH,NORMAL,ZERO,LOW,LOW,HIGH,False,ZERO,NORMAL,NORMAL
LOW,NORMAL,ZERO,False,False,False,False,False,NORMAL,NORMAL,LOW,LOW,NORMAL,NORMAL,ZERO,LOW,LOW,NORMAL,False,ZERO,NORMAL,HIGH
HIGH,NORMAL,LOW,False,False,False,False,False,LOW,NORMAL,LOW,LOW,LOW,HIGH,ZERO,LOW,HIGH,LOW,False,ZERO,NORMAL,HIGH
HIGH,NORMAL,LOW,True,False,False,False,False,NORMAL,NORMAL,LOW,LOW,NORMAL,HIGH,ZERO,HIGH,HIGH,NORMAL,False,ZERO,NORMAL,LOW
HIGH,NORMAL,LOW,False,False,False,False,False,HIGH,NORMAL,LOW,LOW,NORMAL,LOW,ZERO,HIGH,HIGH,HIGH,False,ZERO,NORMAL,HIGH
HIGH,NORMAL,ZERO,False,False,False,False,False,HIGH,NORMAL,LOW,LOW,NORMAL,NORMAL,HIGH,HIGH,HIGH,HIGH,False,HIGH,NORMAL,NORMAL
HIGH,NORMAL,LOW,False,False,False,False,False,NORMAL,NORMAL,LOW,LOW,LOW,LOW,HIGH,HIGH,HIGH,NORMAL,False,HIGH,NORMAL,NORMAL
LOW,NORMAL,LOW,False,False,False,True,False,NORMAL,NORMAL,LOW,LOW,NORMAL,NORMAL,ZERO,LOW,LOW,NORMAL,False,ZERO,NORMAL,HIGH
HIGH,NORMAL,LOW,False,False,False,False,False,NORMAL,NORMAL,LOW,LOW,NORMAL,NORMAL,ZERO,HIGH,HIGH,NORMAL,False,ZERO,NORMAL,LOW
HIGH,NORMAL,LOW,False,False,False,True,True,NORMAL,NORMAL,LOW,LOW,NORMAL,LOW,ZERO,HIGH,HIGH,NORMAL,False,ZERO,NORMAL,HIGH
HIGH,NORMAL,LOW,False,False,False,False,False,NORMAL,NORMAL,LOW,LOW,NORMAL,HIGH,ZERO,HIGH,HIGH,NORMAL,False,ZERO,NORMAL,NORMAL
HIGH,NORMAL,LOW,False,False,False,False,False,HIGH,NORMAL,LOW,LOW,NORMAL,HIGH,ZERO,HIGH,HIGH,HIGH,True,ZERO,NORMAL,LOW
HIGH,NORMAL,LOW,False,False,True,False,False,NORMAL,NORMAL,LOW,LOW,NORMAL,HIGH,ZERO,NORMAL,NORMAL,NORMAL,False,ZERO,NORMAL,LOW
HIGH,NORMAL,LOW,False,False,False,False,False,NORMAL,NORMAL,LOW,LOW,LOW,HIGH,ZERO,HIGH,HIGH,NORMAL,False,ZERO,NORMAL,NORMAL
HIGH,NORMAL,LOW,False,False,False,False,False,HIGH,NORMAL,LOW,LOW,NORMAL,LOW,ZERO,HIGH,HIGH,HIGH,False,ZERO,HIGH,LOW
NORMAL,NORMAL,LOW,False,False,True,False,False,HIGH,NORMAL,LOW,LOW,NORMAL,LOW,ZERO,NORMAL,HIGH,HIGH,False,ZERO,NORMAL,HIGH
HIGH,NORMAL,LOW,False,False,False,False,False,NORMAL,NORMAL,LOW,LOW,NORMAL,HIGH,ZERO,HIGH,HIGH,NORMAL,False,ZERO,NORMAL,LOW
HIGH,NORMAL,LOW,False,False,False,False,False,HIGH,NORMAL,LOW,LOW,NORMAL,HIGH,ZERO,HIGH,HIGH,HIGH,False,ZERO,NORMAL,HIGH
LOW,HIGH,HIGH,False,False,False,False,False,NORMAL,NORMAL,LOW,HIGH,NORMAL,NORMAL,HIGH,LOW,LOW,NORMAL,False,HIGH,NORMAL,HIGH
HIGH,NORMAL,LOW,False,False,False,False,False,NORMAL,NORMAL,LOW,LOW,NORMAL,HIGH,ZERO,HIGH,HIGH,NORMAL,False,ZERO,NORMAL,NORMAL
HIGH,NORMAL,LOW,False,False,False,False,True,HIGH,NORMAL,LOW,LOW,NORMAL,LOW,ZERO,HIGH,HIGH,HIGH,False,ZERO,NORMAL,LOW
HIGH,HIGH,HIGH,False,False,False,False,False,NORMAL,NORMAL,LOW,LOW,NORMAL,HIGH,ZERO,HIGH,HIGH,NORMAL,True,ZERO,NORMAL,LOW
HIGH,NORMAL,LOW,False,False,False,False,False,NORMAL,NORMAL,ZERO,LOW,NORMAL,HIGH,LOW,HIGH,HIGH,NORMAL,True,NORMAL,NORMAL,LOW
HIGH,NORMAL,LOW,False,False,False,False,False,HIGH,NORMAL,LOW,LOW,NORMAL,HIGH,ZERO,HIGH,HIGH,HIGH,False,ZERO,NORMAL,LOW
NORMAL,NORMAL,LOW,False,False,True,False,False,NORMAL,NORMAL,LOW,LOW,NORMAL,LOW,ZERO,LOW,HIGH,NORMAL,False,ZERO,NORMAL,HIGH
NORMAL,NORMAL,LOW,False,False,False,True,False,NORMAL,NORMAL,LOW,LOW,NORMAL,LOW,ZERO,LOW,LOW,NORMAL,False,ZERO,NORMAL,NORMAL
HIGH,NORMAL,LOW,False,False,False,False,True,LOW,ESOPHAGEAL,NORMAL,LOW,NORMAL,LOW,ZERO,HIGH,HIGH,LOW,False,ZERO,NORMAL,NORMAL
LOW,NORMAL,LOW,False,False,False,False,False,NORMAL,NORMAL,LOW,LOW,NORMAL,NORMAL,ZERO,LOW,LOW,NORMAL,False,ZERO,NORMAL,LOW
HIGH,NORMAL,LOW,False,False,False,False,False,NORMAL,NORMAL,LOW,LOW,NORMAL,HIGH,ZERO,HIGH,HIGH,NORMAL,True,ZERO,NORMAL,NORMAL
HIGH,ZERO,ZERO,False,False,False,False,False,NORMAL,NORMAL,LOW,LOW,NORMAL,LOW,ZERO,HIGH,HIGH,NORMAL,False,ZERO,NORMAL,NORMAL
HIGH,NORMAL,LOW,False,False,False,False,False,NORMAL,NORMAL,LOW,LOW,NORMAL,HIGH,ZERO,HIGH,HIGH,NORMAL,False,ZERO,NORMAL,NORMAL
HIGH,ZERO,ZERO,False,False,False,False,False,NORMAL,NORMAL,LOW,HIGH,NORMAL,HIGH,HIGH,HIGH,HIGH,NORMAL,False,HIGH,NORMAL,NORMAL
HIGH,NORMAL,HIGH,False,False,True,False,False,HIGH,NORMAL,HIGH,LOW,NORMAL,LOW,LOW,NORMAL,NORMAL,HIGH,False,LOW,NORMAL,HIGH
HIGH,NORMAL,LOW,False,False,False,False,False,NORMAL,NORMAL,LOW,LOW,NORMAL,HIGH,ZERO,HIGH,HIGH,NORMAL,False,ZERO,NORMAL,NORMAL
HIGH,NORMAL,LOW,False,False,False,False,False,NORMAL,NORMAL,LOW,LOW,NORMAL,HIGH,ZERO,HIGH,HIGH,NORMAL,False,ZERO,NORMAL,NORMAL
HIGH,NORMAL,LOW,False,False,False,False,False,NORMAL,NORMAL,LOW,LOW,NORMAL,HIGH,ZERO,LOW,HIGH,NORMAL,False,ZERO,NORMAL,HIGH
LOW,NORMAL,LOW,False,False,False,False,False,NORMAL,NORMAL,LOW,LOW,NORMAL,NORMAL,ZERO,LOW,LOW,LOW,False,ZERO,NORMAL,NORMAL
HIGH,NORMAL,LOW,False,False,False,False,False,NORMAL,NORMAL,LOW,LOW,NORMAL,HIGH,ZERO,HIGH,HIGH,NORMAL,False,ZERO,HIGH,LOW
LOW,NORMAL,ZERO,False,False,False,False,False,NORMAL,NORMAL,ZERO,HIGH,NORMAL,NORMAL,HIGH,LOW,LOW,NORMAL,False,HIGH,NORMAL,LOW
HIGH,NORMAL,LOW,False,False,False,False,False,NORMAL,ONESIDED,NORMAL,LOW,NORMAL,HIGH,ZERO,HIGH,HIGH,NORMAL,False,LOW,HIGH,LOW
NORMAL,NORMAL,LOW,False,False,False,True,False,NORMAL,NORMAL,LOW,LOW,NORMAL,LOW,ZERO,NORMAL,HIGH,NORMAL,False,ZERO,NORMAL,NORMAL
LOW,NORMAL,LOW,False,False,False,False,False,NORMAL,NORMAL,LOW,LOW,NORMAL,NORMAL,ZERO,LOW,LOW,NORMAL,False,ZERO,NORMAL,HIGH
HIGH,NORMAL,LOW,False,False,False,False,False,NORMAL,NORMAL,LOW,LOW,NORMAL,NORMAL,ZERO,HIGH,HIGH,NORMAL,False,ZERO,NORMAL,NORMAL
HIGH,NORMAL,LOW,False,False,False,True,False,NORMAL,NORMAL,LOW,LOW,NORMAL,HIGH,ZERO,HIGH,HIGH,NORMAL,False,ZERO,NORMAL,HIGH
NORMAL,HIGH,HIGH,False,False,False,False,False,NORMAL,NORMAL,LOW,HIGH,NORMAL,LOW,HIGH,HIGH,HIGH,NORMAL,False,HIGH,NORMAL,LOW
HIGH,NORMAL,LOW,False,False,True,False,False,NORMAL,NORMAL,LOW,LOW,NORMAL,HIGH,ZERO,NORMAL,NORMAL,NORMAL,False,ZERO,NORMAL,LOW
HIGH,NORMAL,LOW,False,False,False,False,False,HIGH,NORMAL,LOW,HIGH,NORMAL,LOW,HIGH,HIGH,HIGH,HIGH,False,HIGH,NORMAL,NORMAL
HIGH,NORMAL,LOW,False,False,False,False,False,NORMAL,NORMAL,LOW,LOW,NORMAL,HIGH,ZERO,HIGH,HIGH,NORMAL,False,ZERO,NORMAL,NORMAL
HIGH,NORMAL,LOW,False,False,False,False,False,HIGH,NORMAL,LOW,LOW,NORMAL,HIGH,ZERO,HIGH,HIGH,HIGH,False,ZERO,NORMAL,LOW
HIGH,NORMAL,LOW,False,False,False,False,False,NORMAL,NORMAL,LOW,LOW,NORMAL,HIGH,ZERO,HIGH,HIGH,NORMAL,True,ZERO,NORMAL,LOW
HIGH,NORMAL,LOW,False,False,False,False,False,HIGH,NORMAL,LOW,LOW,NORMAL,HIGH,ZERO,HIGH,HIGH,HIGH,False,ZERO,NORMAL,NORMAL
HIGH,NORMAL,LOW,False,False,False,False,False,HIGH,NORMAL,LOW,HIGH,NORMAL,HIGH,HIGH,HIGH,HIGH,HIGH,False,HIGH,NORMAL,LOW
LOW,LOW,ZERO,False,False,False,False,False,NORMAL,ONESIDED,LOW,LOW,NORMAL,NORMAL,NORMAL,LOW,LOW,NORMAL,False,NORMAL,HIGH,LOW
NORMAL,NORMAL,LOW,False,False,False,False,False,NORMAL,NORMAL,LOW,LOW,NORMAL,HIGH,ZERO,HIGH,HIGH,NORMAL,False,ZERO,NORMAL,LOW
HIGH,NORMAL,LOW,False,False,False,False,False,NORMAL,ONESIDED,LOW,LOW,NORMAL,HIGH,NORMAL,HIGH,HIGH,NORMAL,False,NORMAL,HIGH,NORMAL
LOW,NORMAL,ZERO,False,False,False,False,False,LOW,ONESIDED,LOW,LOW,NORMAL,NORMAL,NORMAL,LOW,LOW,LOW,False,NORMAL,HIGH,NORMAL
HIGH,NORMAL,LOW,False,False,False,False,False,NORMAL,NORMAL,LOW,NORMAL,NORMAL,HIGH,ZERO,HIGH,HIGH,NORMAL,False,ZERO,NORMAL,HIGH
HIGH,NORMAL,LOW,False,False,False,False,False,HIGH,NORMAL,NORMAL,LOW,NORMAL,NORMAL,LOW,HIGH,HIGH,HIGH,False,NORMAL,NORMAL,LOW
HIGH,NORMAL,LOW,False,False,False,True,False,NORMAL,NORMAL,LOW,LOW,NORMAL,HIGH,ZERO,HIGH,HIGH,NORMAL,False,ZERO,NORMAL,LOW
HIGH,NORMAL,LOW,False,False,False,False,False,NORMAL,NORMAL,LOW,NORMAL,NORMAL,HIGH,ZERO,HIGH,HIGH,NORMAL,False,NORMAL,NORMAL,NORMAL
LOW,NORMAL,LOW,False,False,False,False,False,NORMAL,NORMAL,LOW,LOW,NORMAL,NORMAL,ZERO,LOW,LOW,NORMAL,False,ZERO,NORMAL,NORMAL
HIGH,NORMAL,LOW,False,False,False,False,False,NORMAL,NORMAL,LOW,LOW,HIGH,HIGH,HIGH,HIGH,HIGH,NORMAL,False,ZERO,NORMAL,NORMAL
HIGH,NORMAL,LOW,False,False,False,False,False,NORMAL,NORMAL,LOW,LOW,NORMAL,HIGH,ZERO,HIGH,HIGH,NORMAL,False,ZERO,NORMAL,LOW
HIGH,LOW,ZERO,False,False,False,False,False,NORMAL,NORMAL,LOW,LOW,NORMAL,LOW,ZERO,HIGH,HIGH,NORMAL,False,ZERO,NORMAL,LOW
HIGH,NORMAL,LOW,False,False,False,False,False,NORMAL,NORMAL,LOW,LOW,HIGH,NORMAL,ZERO,HIGH,HIGH,NORMAL,False,ZERO,NORMAL,HIGH
HIGH,NORMAL,LOW,False,False,False,False,False,NORMAL,NORMAL,LOW,LOW,NORMAL,HIGH,ZERO,HIGH,HIGH,NORMAL,False,ZERO,NORMAL,NORMAL
HIGH,NORMAL,LOW,False,False,True,False,True,LOW,NORMAL,LOW,LOW,NORMAL,HIGH,ZERO,NORMAL,NORMAL,LOW,False,ZERO,NORMAL,LOW
HIGH,NORMAL,LOW,False,False,False,False,False,HIGH,NORMAL,LOW,LOW,NORMAL,HIGH,ZERO,HIGH,HIGH,HIGH,False,ZERO,HIGH,NORMAL
HIGH,NORMAL,LOW,False,False,False,False,False,HIGH,NORMAL,LOW,LOW,NORMAL,HIGH,ZERO,HIGH,HIGH,HIGH,False,ZERO,NORMAL,HIGH
HIGH,NORMAL,LOW,False,False,False,False,False,NORMAL,NORMAL,LOW,LOW,HIGH,HIGH,ZERO,HIGH,HIGH,NORMAL,False,ZERO,NORMAL,LOW
HIGH,NORMAL,LOW,False,False,False,False,False,HIGH,NORMAL,LOW,LOW,LOW,HIGH,ZERO,HIGH,HIGH,HIGH,False,ZERO,NORMAL,HIGH
HIGH,NORMAL,LOW,False,False,False,False,False,NORMAL,NORMAL,LOW,LOW,NORMAL,LOW,ZERO,HIGH,HIGH,NORMAL,False,ZERO,NORMAL,NORMAL
HIGH,HIGH,NORMAL,False,False,True,False,False,NORMAL,NORMAL,HIGH,LOW,NORMAL,HIGH,LOW,NORMAL,NORMAL,NORMAL,False,LOW,NORMAL,HIGH
NORMAL,NORMAL,LOW,False,False,False,False,False,NORMAL,NORMAL,LOW,LOW,NORMAL,HIGH,ZERO,HIGH,HIGH,NORMAL,False,ZERO,NORMAL,NORMAL
HIGH,NORMAL,LOW,False,True,False,True,False,NORMAL,NORMAL,HIGH,LOW,HIGH,HIGH,ZERO,HIGH,HIGH,NORMAL,False,ZERO,HIGH,HIGH
NORMAL,HIGH,HIGH,False,False,False,False,False,NORMAL,NORMAL,LOW,HIGH,NORMAL,LOW,HIGH,HIGH,HIGH,NORMAL,False,HIGH,NORMAL,HIGH
NORMAL,NORMAL,LOW,False,False,False,False,False,HIGH,NORMAL,LOW,LOW,NORMAL,LOW,ZERO,NORMAL,NORMAL,HIGH,False,ZERO,NORMAL,NORMAL
HIGH,NORMAL,LOW,False,False,False,False,False,NORMAL,NORMAL,LOW,LOW,NORMAL,HIGH,ZERO,HIGH,HIGH,NORMAL,False,ZERO,NORMAL,LOW
HIGH,NORMAL,LOW,False,False,False,False,False,NORMAL,NORMAL,LOW,LOW,NORMAL,HIGH,ZERO,HIGH,HIGH,NORMAL,False,ZERO,NORMAL,NORMAL
LOW,LOW,ZERO,False,False,False,False,True,LOW,NORMAL,LOW,HIGH,NORMAL,LOW,HIGH,LOW,LOW,NORMAL,False,HIGH,NORMAL,HIGH
LOW,NORMAL,LOW,False,False,False,False,False,NORMAL,NORMAL,LOW,LOW,HIGH,NORMAL,ZERO,LOW,LOW,LOW,False,ZERO,NORMAL,HIGH
HIGH,NORMAL,LOW,False,False,False,False,True,LOW,NORMAL,LOW,LOW,NORMAL,LOW,ZERO,HIGH,HIGH,HIGH,False,ZERO,NORMAL,HIGH
LOW,ZERO,ZERO,False,False,True,False,False,HIGH,NORMAL,LOW,HIGH,NORMAL,LOW,HIGH,LOW,NORMAL,HIGH,False,HIGH,NORMAL,HIGH
LOW,LOW,ZERO,False,False,False,False,False,HIGH,NORMAL,LOW,NORMAL,NORMAL,LOW,HIGH,LOW,LOW,HIGH,False,HIGH,NORMAL,HIGH
HIGH,NORMAL,LOW,False,False,True,False,False,HIGH,NORMAL,LOW,NORMAL,NORMAL,LOW,ZERO,NORMAL,NORMAL,HIGH,False,ZERO,HIGH,LOW
HIGH,NORMAL,LOW,True,False,False,False,False,HIGH,NORMAL,LOW,LOW,NORMAL,HIGH,ZERO,HIGH,HIGH,HIGH,False,ZERO,NORMAL,LOW
HIGH,ZERO,ZERO,False,False,False,True,False,NORMAL,NORMAL,LOW,NORMAL,NORMAL,HIGH,HIGH,HIGH,HIGH,NORMAL,False,HIGH,NORMAL,LOW
LOW,ZERO,ZERO,False,False,False,False,False,NORMAL,NORMAL,LOW,LOW,NORMAL,HIGH,ZERO,LOW,LOW,NORMAL,False,ZERO,HIGH,LOW
HIGH,NORMAL,ZERO,False,False,False,False,False,NORMAL,NORMAL,LOW,HIGH,NORMAL,HIGH,HIGH,HIGH,HIGH,NORMAL,False,HIGH,NORMAL,LOW
HIGH,NORMAL,ZERO,False,False,False,False,False,NORMAL,NORMAL,LOW,LOW,NORMAL,HIGH,LOW,HIGH,HIGH,NORMAL,False,NORMAL,NORMAL,HIGH
HIGH,NORMAL,LOW,False,False,False,False,False,NORMAL,NORMAL,LOW,LOW,NORMAL,HIGH,LOW,HIGH,HIGH,NORMAL,False,ZERO,NORMAL,LOW
HIGH,NORMAL,LOW,False,False,True,True,False,NORMAL,NORMAL,LOW,LOW,NORMAL,HIGH,ZERO,NORMAL,NORMAL,NORMAL,False,ZERO,NORMAL,HIGH
HIGH,NORMAL,ZERO,False,False,False,False,True,HIGH,NORMAL,LOW,NORMAL,NORMAL,LOW,HIGH,HIGH,HIGH,HIGH,False,HIGH,NORMAL,NORMAL
LOW,NORMAL,LOW,False,False,False,False,False,HIGH,NORMAL,LOW,LOW,NORMAL,NORMAL,ZERO,LOW,LOW,HIGH,False,ZERO,NORMAL,LOW
HIGH,NORMAL,LOW,False,False,False,False,False,HIGH,NORMAL,LOW,LOW,NORMAL,HIGH,ZERO,HIGH,HIGH,HIGH,False,ZERO,NORMAL,NORMAL
LOW,NORMAL,LOW,False,False,False,False,False,HIGH,NORMAL,LOW,LOW,NORMAL,NORMAL,ZERO,LOW,LOW,HIGH,False,ZERO,NORMAL,HIGH
LOW,NORMAL,HIGH,False,False,False,False,False,LOW,NORMAL,LOW,HIGH,LOW,NORMAL,HIGH,LOW,LOW,LOW,False,HIGH,NORMAL,NORMAL
LOW,ZERO,ZERO,False,False,False,False,False,NORMAL,NORMAL,LOW,HIGH,NORMAL,LOW,HIGH,LOW,LOW,NORMAL,False,HIGH,NORMAL,HIGH
HIGH,NORMAL,LOW,False,False,False,False,False,NORMAL,NORMAL,LOW,LOW,NORMAL,HIGH,ZERO,HIGH,HIGH,NORMAL,False,ZERO,NORMAL,NORMAL
HIGH,NORMAL,LOW,False,False,False,False,False,NORMAL,NORMAL,LOW,LOW,NORMAL,HIGH,ZERO,HIGH,HIGH,NORMAL,False,ZERO,NORMAL,HIGH
HIGH,NORMAL,LOW,False,False,False,False,True,LOW,NORMAL,LOW,LOW,NORMAL,LOW,ZERO,HIGH,HIGH,LOW,False,ZERO,NORMAL,LOW
LOW,NORMAL,LOW,False,False,False,False,False,NORMAL,NORMAL,LOW,LOW,NORMAL,NORMAL,ZERO,LOW,LOW,NORMAL,False,ZERO,HIGH,NORMAL
HIGH,NORMAL,LOW,True,False,False,False,False,NORMAL,NORMAL,LOW,LOW,NORMAL,HIGH,ZERO,HIGH,HIGH,NORMAL,False,ZERO,NORMAL,LOW
HIGH,NORMAL,LOW,False,False,False,False,False,NORMAL,NORMAL,LOW,LOW,NORMAL,HIGH,ZERO,HIGH,HIGH,NORMAL,False,ZERO,NORMAL,HIGH
HIGH,NORMAL,LOW,False,False,False,False,False,NORMAL,NORMAL,LOW,LOW,NORMAL,HIGH,ZERO,HIGH,HIGH,NORMAL,False,ZERO,NORMAL,NORMAL
HIGH,NORMAL,LOW,False,False,False,False,False,HIGH,ONESIDED,NORMAL,LOW,NORMAL,LOW,LOW,HIGH,HIGH,HIGH,False,LOW,HIGH,LOW
LOW,NORMAL,LOW,False,False,False,False,False,NORMAL,NORMAL,LOW,LOW,NORMAL,NORMAL,ZERO,LOW,LOW,NORMAL,False,ZERO,NORMAL,NORMAL
HIGH,NORMAL,LOW,False,False,False,False,False,NORMAL,NORMAL,LOW,LOW,NORMAL,LOW,ZERO,HIGH,HIGH,LOW,False,ZERO,NORMAL,NORMAL
HIGH,HIGH,HIGH,False,False,False,False,False,NORMAL,ONESIDED,HIGH,LOW,NORMAL,HIGH,HIGH,HIGH,HIGH,NORMAL,False,LOW,HIGH,NORMAL
HIGH,NORMAL,LOW,False,False,False,False,False,HIGH,NORMAL,LOW,LOW,LOW,HIGH,LOW,HIGH,HIGH,HIGH,False,ZERO,NORMAL,NORMAL
LOW,NORMAL,LOW,False,False,False,False,False,NORMAL,NORMAL,LOW,LOW,NORMAL,NORMAL,ZERO,LOW,LOW,NORMAL,False,ZERO,NORMAL,NORMAL
HIGH,NORMAL,ZERO,False,False,False,False,False,NORMAL,NORMAL,LOW,LOW,NORMAL,HIGH,ZERO,HIGH,HIGH,NORMAL,False,ZERO,NORMAL,NORMAL
LOW,NORMAL,LOW,False,False,False,False,False,NORMAL,NORMAL,LOW,LOW,NORMAL,LOW,ZERO,LOW,LOW,NORMAL,False,ZERO,NORMAL,HIGH
HIGH,LOW,ZERO,False,False,False,False,False,NORMAL,NORMAL,ZERO,HIGH,NORMAL,NORMAL,HIGH,HIGH,HIGH,NORMAL,False,HIGH,NORMAL,LOW
LOW,NORMAL,ZERO,False,False,False,False,False,NORMAL,NORMAL,ZERO,HIGH,NORMAL,NORMAL,HIGH,LOW,LOW,NORMAL,False,HIGH,NORMAL,HIGH
HIGH,NORMAL,LOW,False,False,False,True,False,NORMAL,NORMAL,LOW,LOW,NORMAL,HIGH,ZERO,HIGH,HIGH,NORMAL,False,ZERO,NORMAL,NORMAL
HIGH,NORMAL,LOW,False,False,False,False,False,NORMAL,ONESIDED,HIGH,LOW,NORMAL,HIGH,NORMAL,HIGH,HIGH,NORMAL,False,NORMAL,HIGH,NORMAL
HIGH,NORMAL,LOW,False,False,False,False,False,NORMAL,NORMAL,LOW,HIGH,NORMAL,HIGH,HIGH,HIGH,HIGH,NORMAL,False,HIGH,NORMAL,NORMAL
LOW,NORMAL,LOW,False,False,False,False,False,NORMAL,NORMAL,LOW,LOW,NORMAL,LOW,ZERO,LOW,LOW,NORMAL,True,ZERO,NORMAL,HIGH
HIGH,NORMAL,LOW,False,False,False,False,False,NORMAL,NORMAL,LOW,LOW,NORMAL,HIGH,ZERO,HIGH,HIGH,NORMAL,False,ZERO,NORMAL,NORMAL
LOW,NORMAL,LOW,False,False,False,False,True,LOW,NORMAL,LOW,LOW,NORMAL,LOW,ZERO,LOW,LOW,LOW,False,ZERO,NORMAL,NORMAL
LOW,NORMAL,LOW,False,False,False,False,False,NORMAL,NORMAL,LOW,LOW,HIGH,HIGH,ZERO,LOW,LOW,NORMAL,False,ZERO,NORMAL,LOW
HIGH,NORMAL,ZERO,False,False,False,False,False,NORMAL,NORMAL,LOW,HIGH,NORMAL,HIGH,HIGH,HIGH,HIGH,NORMAL,False,HIGH,NORMAL,LOW
HIGH,NORMAL,LOW,False,False,False,False,False,LOW,NORMAL,LOW,LOW,HIGH,HIGH,ZERO,HIGH,HIGH,LOW,False,ZERO,NORMAL,NORMAL
HIGH,NORMAL,LOW,False,False,True,False,False,NORMAL,NORMAL,LOW,LOW,NORMAL,HIGH,ZERO,NORMAL,NORMAL,NORMAL,False,ZERO,NORMAL,NORMAL
HIGH,NORMAL,ZERO,False,False,False,False,False,NORMAL,NORMAL,LOW,HIGH,LOW,HIGH,ZERO,HIGH,HIGH,NORMAL,False,HIGH,NORMAL,LOW
NORMAL,ZERO,ZERO,False,False,False,False,True,LOW,NORMAL,LOW,HIGH,NORMAL,NORMAL,HIGH,HIGH,HIGH,LOW,False,HIGH,NORMAL,NORMAL
LOW,NORMAL,ZERO,False,False,True,False,False,NORMAL,NORMAL,LOW,HIGH,NORMAL,NORMAL,HIGH,NORMAL,HIGH,NORMAL,False,HIGH,NORMAL,LOW
HIGH,NORMAL,LOW,False,False,False,False,False,NORMAL,NORMAL,LOW,LOW,NORMAL,HIGH,ZERO,HIGH,HIGH,NORMAL,False,ZERO,NORMAL,NORMAL
LOW,NORMAL,HIGH,False,False,False,False,False,HIGH,NORMAL,LOW,HIGH,NORMAL,NORMAL,HIGH,LOW,LOW,HIGH,False,HIGH,NORMAL,HIGH
HIGH,NORMAL,LOW,False,False,True,False,False,NORMAL,ONESIDED,ZERO,LOW,NORMAL,HIGH,ZERO,NORMAL,NORMAL,NORMAL,False,LOW,HIGH,LOW
HIGH,NORMAL,LOW,False,False,False,False,False,NORMAL,NORMAL,LOW,LOW,NORMAL,HIGH,ZERO,HIGH,HIGH,NORMAL,False,ZERO,NORMAL,LOW
HIGH,LOW,ZERO,False,False,False,False,False,NORMAL,NORMAL,LOW,LOW,NORMAL,HIGH,ZERO,HIGH,HIGH,NORMAL,False,ZERO,HIGH,NORMAL
HIGH,NORMAL,LOW,False,False,False,True,False,NORMAL,NORMAL,LOW,LOW,NORMAL,HIGH,ZERO,HIGH,HIGH,LOW,False,ZERO,NORMAL,HIGH
HIGH,HIGH,HIGH,False,False,False,True,False,LOW,NORMAL,ZERO,HIGH,NORMAL,HIGH,HIGH,HIGH,HIGH,LOW,False,HIGH,NORMAL,LOW
HIGH,NORMAL,LOW,False,False,False,False,False,NORMAL,NORMAL,LOW,LOW,NORMAL,HIGH,ZERO,HIGH,HIGH,NORMAL,False,ZERO,NORMAL,LOW
LOW,NORMAL,LOW,False,False,False,False,True,LOW,NORMAL,LOW,LOW,NORMAL,HIGH,ZERO,LOW,LOW,HIGH,False,ZERO,NORMAL,NORMAL
LOW,NORMAL,LOW,False,False,True,False,False,NORMAL,NORMAL,LOW,LOW,NORMAL,LOW,ZERO,HIGH,HIGH,NORMAL,False,ZERO,NORMAL,LOW
HIGH,NORMAL,LOW,False,False,False,True,False,NORMAL,NORMAL,LOW,LOW,NORMAL,LOW,ZERO,HIGH,HIGH,NORMAL,False,ZERO,NORMAL,LOW
HIGH,NORMAL,LOW,False,False,False,False,False,NORMAL,NORMAL,LOW,LOW,NORMAL,HIGH,ZERO,HIGH,HIGH,NORMAL,False,ZERO,NORMAL,HIGH
LOW,NORMAL,LOW,False,False,False,False,False,NORMAL,ONESIDED,NORMAL,LOW,LOW,NORMAL,LOW,LOW,LOW,NORMAL,False,LOW,HIGH,HIGH
LOW,HIGH,HIGH,False,False,False,False,False,NORMAL,NORMAL,LOW,HIGH,NORMAL,HIGH,HIGH,LOW,LOW,NORMAL,False,HIGH,NORMAL,HIGH
HIGH,NORMAL,LOW,False,False,False,False,False,NORMAL,NORMAL,LOW,LOW,NORMAL,HIGH,ZERO,HIGH,HIGH,LOW,True,ZERO,HIGH,NORMAL
LOW,ZERO,ZERO,False,False,False,False,False,NORMAL,NORMAL,LOW,LOW,NORMAL,NORMAL,ZERO,LOW,LOW,NORMAL,False,ZERO,NORMAL,HIGH
LOW,NORMAL,LOW,False,True,False,False,False,NORMAL,ONESIDED,NORMAL,LOW,NORMAL,NORMAL,ZERO,LOW,LOW,NORMAL,False,LOW,HIGH,HIGH
HIGH,NORMAL,LOW,False,False,False,False,True,LOW,NORMAL,LOW,LOW,NORMAL,NORMAL,ZERO,HIGH,HIGH,LOW,False,ZERO,NORMAL,NORMAL
HIGH,NORMAL,ZERO,False,False,True,False,False,NORMAL,NORMAL,LOW,LOW,NORMAL,HIGH,ZERO,NORMAL,NORMAL,NORMAL,True,ZERO,NORMAL,LOW
HIGH,NORMAL,LOW,False,False,False,False,False,NORMAL,ESOPHAGEAL,NORMAL,LOW,NORMAL,HIGH,HIGH,HIGH,HIGH,NORMAL,False,ZERO,NORMAL,HIGH
HIGH,NORMAL,LOW,False,False,False,True,True,LOW,NORMAL,LOW,LOW,NORMAL,LOW,ZERO,HIGH,HIGH,LOW,False,ZERO,NORMAL,HIGH
HIGH,NORMAL,LOW,False,False,False,False,False,HIGH,NORMAL,LOW,LOW,NORMAL,NORMAL,ZERO,HIGH,HIGH,HIGH,False,ZERO,NORMAL,HIGH
HIGH,NORMAL,LOW,False,False,False,False,False,NORMAL,NORMAL,LOW,LOW,NORMAL,HIGH,ZERO,HIGH,HIGH,NORMAL,False,ZERO,NORMAL,LOW
HIGH,NORMAL,LOW,False,False,True,False,False,HIGH,NORMAL,LOW,LOW,NORMAL,LOW,ZERO,NORMAL,NORMAL,HIGH,False,ZERO,NORMAL,NORMAL
HIGH,NORMAL,LOW,False,False,False,False,False,NORMAL,NORMAL,LOW,LOW,NORMAL,HIGH,ZERO,HIGH,HIGH,NORMAL,False,ZERO,NORMAL,NORMAL
HIGH,NORMAL,LOW,False,False,False,False,False,NORMAL,NORMAL,LOW,LOW,NORMAL,NORMAL,ZERO,HIGH,HIGH,NORMAL,False,ZERO,NORMAL,NORMAL
HIGH,HIGH,NORMAL,False,False,False,False,False,HIGH,NORMAL,HIGH,LOW,NORMAL,LOW,LOW,HIGH,HIGH,HIGH,False,LOW,NORMAL,LOW
LOW,NORMAL,LOW,False,False,True,False,False,NORMAL,NORMAL,LOW,LOW,NORMAL,LOW,ZERO,HIGH,NORMAL,NORMAL,False,ZERO,NORMAL,HIGH
HIGH,NORMAL,ZERO,False,False,False,False,False,NORMAL,NORMAL,LOW,HIGH,NORMAL,HIGH,HIGH,HIGH,HIGH,NORMAL,False,HIGH,NORMAL,LOW
HIGH,NORMAL,LOW,False,False,False,False,False,NORMAL,NORMAL,LOW,LOW,NORMAL,HIGH,ZERO,HIGH,HIGH,NORMAL,False,ZERO,NORMAL,LOW
HIGH,NORMAL,ZERO,False,False,False,False,False,NORMAL,NORMAL,LOW,HIGH,NORMAL,HIGH,HIGH,HIGH,HIGH,NORMAL,False,HIGH,HIGH,LOW
HIGH,NORMAL,LOW,False,False,False,True,False,HIGH,NORMAL,LOW,LOW,NORMAL,LOW,ZERO,HIGH,HIGH,HIGH,False,ZERO,NORMAL,LOW
NORMAL,NORMAL,NORMAL,False,False,False,False,False,NORMAL,NORMAL,HIGH,LOW,NORMAL,HIGH,LOW,HIGH,HIGH,NORMAL,False,NORMAL,NORMAL,NORMAL
HIGH,NORMAL,LOW,False,False,False,False,False,NORMAL,NORMAL,LOW,LOW,NORMAL,HIGH,ZERO,HIGH,HIGH,NORMAL,False,ZERO,NORMAL,LOW
HIGH,NORMAL,LOW,False,False,True,False,False,HIGH,NORMAL,LOW,LOW,NORMAL,LOW,ZERO,NORMAL,NORMAL,HIGH,False,ZERO,HIGH,NORMAL
LOW,NORMAL,LOW,False,False,False,False,False,NORMAL,NORMAL,LOW,LOW,LOW,NORMAL,ZERO,LOW,LOW,NORMAL,False,ZERO,NORMAL,NORMAL
HIGH,NORMAL,LOW,False,False,False,False,False,NORMAL,NORMAL,LOW,LOW,NORMAL,HIGH,ZERO,HIGH,HIGH,NORMAL,False,ZERO,NORMAL,LOW
HIGH,NORMAL,LOW,False,False,False,False,False,HIGH,NORMAL,LOW,LOW,NORMAL,HIGH,ZERO,HIGH,HIGH,HIGH,True,ZERO,NORMAL,LOW
HIGH,NORMAL,LOW,False,False,False,False,False,NORMAL,NORMAL,LOW,LOW,NORMAL,HIGH,ZERO,HIGH,HIGH,NORMAL,False,ZERO,NORMAL,HIGH
HIGH,NORMAL,LOW,False,False,False,False,False,NORMAL,ONESIDED,NORMAL,LOW,NORMAL,HIGH,LOW,HIGH,HIGH,NORMAL,False,LOW,HIGH,HIGH
LOW,NORMAL,LOW,False,False,False,False,False,NORMAL,NORMAL,LOW,NORMAL,NORMAL,NORMAL,ZERO,LOW,LOW,NORMAL,False,ZERO,NORMAL,LOW
HIGH,NORMAL,LOW,False,False,False,False,False,NORMAL,NORMAL,LOW,LOW,NORMAL,HIGH,ZERO,HIGH,HIGH,NORMAL,False,ZERO,NORMAL,NORMAL
HIGH,NORMAL,LOW,False,False,True,False,False,NORMAL,NORMAL,LOW,NORMAL,NORMAL,HIGH,ZERO,NORMAL,NORMAL,NORMAL,False,NORMAL,NORMAL,NORMAL
LOW,NORMAL,ZERO,False,False,False,False,False,NORMAL,NORMAL,LOW,LOW,HIGH,HIGH,ZERO,LOW,LOW,LOW,False,ZERO,NORMAL,HIGH
HIGH,NORMAL,LOW,False,False,False,False,False,NORMAL,NORMAL,LOW,LOW,NORMAL,HIGH,ZERO,HIGH,HIGH,NORMAL,False,ZERO,HIGH,LOW
HIGH,NORMAL,LOW,False,False,False,False,False,HIGH,NORMAL,LOW,LOW,NORMAL,NORMAL,ZERO,HIGH,HIGH,HIGH,True,ZERO,HIGH,HIGH
HIGH,NORMAL,LOW,False,False,False,True,False,NORMAL,NORMAL,LOW,LOW,NORMAL,LOW,ZERO,HIGH,HIGH,NORMAL,False,ZERO,NORMAL,NORMAL
LOW,NORMAL,ZERO,False,False,False,False,False,NORMAL,NORMAL,LOW,HIGH,NORMAL,NORMAL,HIGH,LOW,LOW,NORMAL,False,HIGH,NORMAL,HIGH
HIGH,NORMAL,ZERO,False,False,False,False,False,LOW,NORMAL,LOW,HIGH,NORMAL,HIGH,HIGH,HIGH,HIGH,LOW,False,HIGH,NORMAL,LOW
HIGH,ZERO,ZERO,False,False,False,False,False,NORMAL,NORMAL,LOW,LOW,NORMAL,HIGH,ZERO,HIGH,HIGH,NORMAL,False,ZERO,NORMAL,HIGH
LOW,NORMAL,LOW,False,False,False,True,False,NORMAL,NORMAL,LOW,LOW,NORMAL,LOW,ZERO,LOW,LOW,NORMAL,False,ZERO,NORMAL,LOW
HIGH,NORMAL,LOW,False,False,False,False,False,NORMAL,NORMAL,LOW,LOW,NORMAL,HIGH,ZERO,HIGH,HIGH,NORMAL,False,ZERO,HIGH,LOW
NORMAL,NORMAL,LOW,False,False,False,False,False,LOW,NORMAL,LOW,LOW,NORMAL,LOW,ZERO,LOW,HIGH,LOW,False,ZERO,NORMAL,NORMAL
LOW,NORMAL,LOW,False,False,False,False,False,NORMAL,NORMAL,LOW,LOW,NORMAL,NORMAL,ZERO,LOW,LOW,NORMAL,False,ZERO,NORMAL,HIGH
HIGH,NORMAL,LOW,False,False,False,False,False,NORMAL,NORMAL,LOW,LOW,NORMAL,HIGH,ZERO,HIGH,HIGH,NORMAL,False,ZERO,NORMAL,NORMAL
HIGH,NORMAL,LOW,False,False,False,False,False,HIGH,NORMAL,LOW,LOW,NORMAL,HIGH,ZERO,HIGH,HIGH,HIGH,False,ZERO,NORMAL,LOW
LOW,HIGH,NORMAL,False,False,False,False,False,NORMAL,NORMAL,HIGH,LOW,HIGH,LOW,LOW,LOW,LOW,NORMAL,False,LOW,NORMAL,NORMAL
HIGH,LOW,ZERO,False,False,False,False,False,NORMAL,NORMAL,LOW,LOW,NORMAL,NORMAL,ZERO,HIGH,HIGH,NORMAL,True,ZERO,NORMAL,NORMAL
HIGH,NORMAL,LOW,False,False,False,False,False,NORMAL,NORMAL,LOW,LOW,NORMAL,HIGH,ZERO,HIGH,HIGH,NORMAL,False,ZERO,NORMAL,NORMAL
HIGH,NORMAL,ZERO,False,False,False,False,True,LOW,NORMAL,LOW,HIGH,NORMAL,LOW,HIGH,HIGH,HIGH,LOW,False,HIGH,NORMAL,NORMAL
HIGH,NORMAL,ZERO,False,False,True,False,False,LOW,NORMAL,LOW,HIGH,NORMAL,HIGH,HIGH,NORMAL,NORMAL,LOW,False,HIGH,NORMAL,LOW
HIGH,NORMAL,LOW,False,False,False,False,False,NORMAL,NORMAL,LOW,LOW,HIGH,LOW,ZERO,HIGH,HIGH,NORMAL,False,ZERO,NORMAL,LOW
LOW,NORMAL,ZERO,False,False,False,False,False,NORMAL,NORMAL,LOW,HIGH,NORMAL,NORMAL,HIGH,LOW,LOW,NORMAL,False,HIGH,NORMAL,LOW
LOW,NORMAL,LOW,False,False,False,False,False,NORMAL,NORMAL,LOW,LOW,NORMAL,NORMAL,ZERO,LOW,LOW,NORMAL,False,ZERO,NORMAL,HIGH
HIGH,NORMAL,LOW,False,False,False,False,False,NORMAL,NORMAL,LOW,LOW,HIGH,NORMAL,ZERO,HIGH,HIGH,NORMAL,False,ZERO,NORMAL,NORMAL
HIGH,NORMAL,LOW,False,False,False,False,False,NORMAL,NORMAL,LOW,LOW,NORMAL,LOW,ZERO,HIGH,HIGH,NORMAL,False,ZERO,NORMAL,NORMAL
HIGH,NORMAL,LOW,False,False,False,True,False,NORMAL,NORMAL,LOW,LOW,NORMAL,HIGH,ZERO,HIGH,HIGH,NORMAL,False,ZERO,NORMAL,LOW
HIGH,NORMAL,LOW,False,False,False,False,False,HIGH,NORMAL,LOW,LOW,HIGH,LOW,ZERO,HIGH,HIGH,HIGH,False,ZERO,NORMAL,NORMAL
HIGH,NORMAL,LOW,False,False,False,False,False,NORMAL,NORMAL,LOW,LOW,NORMAL,HIGH,NORMAL,HIGH,HIGH,NORMAL,False,ZERO,NORMAL,HIGH
HIGH,NORMAL,LOW,False,False,False,True,False,HIGH,NORMAL,ZERO,LOW,NORMAL,LOW,ZERO,HIGH,HIGH,HIGH,False,ZERO,NORMAL,NORMAL
HIGH,NORMAL,LOW,False,False,False,False,False,NORMAL,NORMAL,LOW,LOW,NORMAL,HIGH,ZERO,HIGH,HIGH,NORMAL,False,ZERO,NORMAL,LOW
HIGH,NORMAL,LOW,False,False,False,False,False,NORMAL,NORMAL,HIGH,LOW,NORMAL,LOW,ZERO,HIGH,HIGH,NORMAL,False,ZERO,NORMAL,HIGH
HIGH,NORMAL,LOW,False,False,False,False,False,NORMAL,ONESIDED,NORMAL,LOW,NORMAL,HIGH,ZERO,HIGH,HIGH,NORMAL,False,LOW,HIGH,NORMAL
HIGH,NORMAL,ZERO,False,False,False,False,False,HIGH,NORMAL,LOW,HIGH,NORMAL,HIGH,ZERO,HIGH,HIGH,HIGH,False,HIGH,NORMAL,NORMAL
NORMAL,NORMAL,LOW,False,False,False,False,False,NORMAL,NORMAL,LOW,LOW,HIGH,LOW,ZERO,HIGH,LOW,NORMAL,False,ZERO,NORMAL,NORMAL
HIGH,LOW,ZERO,False,False,False,False,False,NORMAL,NORMAL,LOW,HIGH,NORMAL,NORMAL,HIGH,HIGH,LOW,NORMAL,False,HIGH,NORMAL,HIGH
HIGH,NORMAL,LOW,False,False,False,False,False,HIGH,NORMAL,LOW,LOW,NORMAL,HIGH,ZERO,HIGH,HIGH,HIGH,False,ZERO,NORMAL,LOW
HIGH,NORMAL,ZERO,False,False,False,False,False,NORMAL,NORMAL,LOW,LOW,LOW,HIGH,ZERO,HIGH,HIGH,NORMAL,False,ZERO,NORMAL,NORMAL
HIGH,NORMAL,LOW,False,False,False,False,False,NORMAL,NORMAL,LOW,LOW,NORMAL,HIGH,ZERO,HIGH,HIGH,NORMAL,False,ZERO,NORMAL,LOW
HIGH,NORMAL,LOW,False,False,True,False,False,NORMAL,NORMAL,LOW,LOW,NORMAL,HIGH,ZERO,NORMAL,NORMAL,NORMAL,False,ZERO,NORMAL,NORMAL
HIGH,NORMAL,LOW,False,False,False,True,False,NORMAL,NORMAL,LOW,LOW,NORMAL,LOW,ZERO,HIGH,HIGH,NORMAL,False,ZERO,NORMAL,HIGH
LOW,LOW,ZERO,False,False,False,False,False,HIGH,NORMAL,LOW,HIGH,NORMAL,NORMAL,HIGH,HIGH,LOW,HIGH,False,HIGH,NORMAL,HIGH
HIGH,NORMAL,LOW,False,False,True,False,False,NORMAL,NORMAL,LOW,LOW,NORMAL,HIGH,ZERO,NORMAL,NORMAL,NORMAL,False,ZERO,NORMAL,NORMAL
HIGH,NORMAL,LOW,False,False,False,False,False,NORMAL,NORMAL,LOW,LOW,LOW,HIGH,ZERO,HIGH,HIGH,NORMAL,False,ZERO,NORMAL,NORMAL
HIGH,NORMAL,LOW,False,False,False,True,False,NORMAL,NORMAL,LOW,LOW,NORMAL,HIGH,ZERO,HIGH,HIGH,NORMAL,False,LOW,NORMAL,LOW
HIGH,NORMAL,LOW,False,False,False,False,False,NORMAL,NORMAL,LOW,LOW,NORMAL,HIGH,ZERO,HIGH,HIGH,NORMAL,False,ZERO,NORMAL,LOW
LOW,ZERO,ZERO,False,False,False,False,False,NORMAL,NORMAL,LOW,HIGH,NORMAL,NORMAL,HIGH,LOW,LOW,NORMAL,False,HIGH,NORMAL,HIGH
LOW,ZERO,ZERO,False,False,False,False,False,NORMAL,NORMAL,LOW,HIGH,NORMAL,LOW,HIGH,LOW,LOW,NORMAL,False,HIGH,NORMAL,LOW
HIGH,NORMAL,LOW,False,False,True,True,False,NORMAL,NORMAL,LOW,NORMAL,HIGH,HIGH,ZERO,NORMAL,NORMAL,NORMAL,False,ZERO,NORMAL,LOW
NORMAL,ZERO,ZERO,False,False,False,False,False,NORMAL,NORMAL,LOW,HIGH,NORMAL,HIGH,HIGH,HIGH,HIGH,NORMAL,False,HIGH,NORMAL,NORMAL
HIGH,NORMAL,ZERO,False,False,False,False,False,NORMAL,NORMAL,LOW,HIGH,NORMAL,HIGH,HIGH,HIGH,HIGH,NORMAL,False,HIGH,NORMAL,LOW
HIGH,NORMAL,LOW,False,False,False,False,False,HIGH,NORMAL,LOW,LOW,NORMAL,LOW,ZERO,HIGH,NORMAL,HIGH,False,ZERO,NORMAL,NORMAL
LOW,HIGH,HIGH,False,False,False,False,False,NORMAL,NORMAL,LOW,HIGH,NORMAL,NORMAL,HIGH,LOW,LOW,NORMAL,False,HIGH,NORMAL,NORMAL
LOW,NORMAL,LOW,False,False,False,False,False,HIGH,NORMAL,LOW,LOW,HIGH,LOW,ZERO,LOW,LOW,HIGH,False,ZERO,NORMAL,LOW
HIGH,ZERO,ZERO,False,False,False,False,False,NORMAL,NORMAL,LOW,HIGH,NORMAL,HIGH,HIGH,HIGH,HIGH,NORMAL,False,HIGH,NORMAL,LOW
NORMAL,NORMAL,LOW,False,False,False,False,False,NORMAL,NORMAL,LOW,LOW,NORMAL,HIGH,ZERO,HIGH,HIGH,NORMAL,False,ZERO,NORMAL,HIGH
HIGH,HIGH,HIGH,False,False,False,False,False,LOW,NORMAL,LOW,HIGH,NORMAL,HIGH,HIGH,HIGH,HIGH,LOW,False,HIGH,NORMAL,LOW
NORMAL,NORMAL,LOW,False,False,False,False,False,NORMAL,NORMAL,LOW,LOW,NORMAL,HIGH,ZERO,HIGH,HIGH,NORMAL,True,ZERO,NORMAL,HIGH
LOW,NORMAL,LOW,False,False,False,False,False,NORMAL,NORMAL,LOW,LOW,NORMAL,NORMAL,ZERO,LOW,LOW,NORMAL,False,ZERO,NORMAL,NORMAL
HIGH,NORMAL,LOW,False,False,False,False,False,HIGH,NORMAL,LOW,LOW,NORMAL,LOW,ZERO,HIGH,HIGH,HIGH,False,ZERO,NORMAL,LOW
HIGH,NORMAL,LOW,False,False,False,False,False,NORMAL,NORMAL,LOW,LOW,NORMAL,HIGH,ZERO,HIGH,HIGH,NORMAL,False,ZERO,NORMAL,HIGH
NORMAL,NORMAL,LOW,False,False,False,False,False,NORMAL,NORMAL,LOW,LOW,NORMAL,HIGH,ZERO,HIGH,HIGH,NORMAL,False,ZERO,NORMAL,NORMAL
LOW,NORMAL,LOW,False,False,False,True,False,HIGH,NORMAL,LOW,LOW,HIGH,NORMAL,ZERO,LOW,LOW,HIGH,False,ZERO,NORMAL,HIGH
HIGH,LOW,ZERO,False,False,False,False,False,HIGH,NORMAL,LOW,HIGH,NORMAL,HIGH,HIGH,HIGH,HIGH,HIGH,False,HIGH,NORMAL,LOW
HIGH,HIGH,HIGH,False,False,True,False,False,HIGH,NORMAL,LOW,HIGH,NORMAL,HIGH,HIGH,NORMAL,NORMAL,HIGH,False,HIGH,NORMAL,NORMAL
HIGH,LOW,ZERO,False,False,False,False,True,LOW,NORMAL,LOW,HIGH,NORMAL,NORMAL,HIGH,HIGH,HIGH,HIGH,False,HIGH,NORMAL,NORMAL
HIGH,NORMAL,LOW,False,False,False,False,False,HIGH,NORMAL,LOW,LOW,NORMAL,LOW,ZERO,HIGH,HIGH,HIGH,False,ZERO,NORMAL,HIGH
HIGH,NORMAL,LOW,False,False,True,False,False,NORMAL,NORMAL,LOW,LOW,NORMAL,HIGH,ZERO,NORMAL,NORMAL,NORMAL,False,ZERO,NORMAL,NORMAL
HIGH,NORMAL,LOW,False,False,False,False,False,NORMAL,NORMAL,NORMAL,LOW,NORMAL,HIGH,LOW,HIGH,HIGH,NORMAL,False,NORMAL,NORMAL,NORMAL
NORMAL,NORMAL,LOW,False,False,False,False,False,HIGH,NORMAL,LOW,LOW,NORMAL,LOW,ZERO,HIGH,HIGH,HIGH,False,ZERO,NORMAL,HIGH
HIGH,NORMAL,LOW,False,False,False,False,False,HIGH,NORMAL,LOW,LOW,NORMAL,HIGH,ZERO,HIGH,HIGH,HIGH,False,ZERO,NORMAL,NORMAL
HIGH,NORMAL,ZERO,False,False,False,False,False,NORMAL,NORMAL,LOW,HIGH,NORMAL,HIGH,HIGH,HIGH,HIGH,NORMAL,False,HIGH,NORMAL,NORMAL
HIGH,NORMAL,LOW,False,False,True,False,False,NORMAL,NORMAL,LOW,LOW,NORMAL,HIGH,ZERO,NORMAL,NORMAL,NORMAL,False,ZERO,NORMAL,NORMAL
LOW,NORMAL,LOW,False,False,False,False,False,NORMAL,NORMAL,LOW,LOW,NORMAL,NORMAL,ZERO,LOW,LOW,NORMAL,False,ZERO,NORMAL,LOW
HIGH,NORMAL,LOW,False,False,False,True,True,LOW,NORMAL,LOW,LOW,NORMAL,LOW,ZERO,HIGH,HIGH,LOW,False,ZERO,NORMAL,NORMAL
HIGH,NORMAL,LOW,False,False,False,False,False,NORMAL,NORMAL,LOW,LOW,NORMAL,HIGH,ZERO,HIGH,HIGH,NORMAL,False,ZERO,NORMAL,LOW
HIGH,NORMAL,LOW,False,False,True,True,False,HIGH,NORMAL,LOW,LOW,NORMAL,HIGH,ZERO,NORMAL,NORMAL,HIGH,False,ZERO,NORMAL,HIGH
HIGH,NORMAL,LOW,False,False,False,False,False,NORMAL,ONESIDED,NORMAL,LOW,NORMAL,HIGH,ZERO,HIGH,HIGH,NORMAL,False,LOW,HIGH,HIGH
HIGH,NORMAL,LOW,False,False,False,False,False,NORMAL,NORMAL,HIGH,LOW,HIGH,HIGH,ZERO,HIGH,HIGH,NORMAL,False,ZERO,NORMAL,LOW
HIGH,NORMAL,LOW,False,False,False,False,False,NORMAL,NORMAL,LOW,LOW,NORMAL,HIGH,ZERO,HIGH,HIGH,NORMAL,False,ZERO,NORMAL,NORMAL
HIGH,ZERO,ZERO,False,False,True,False,False,HIGH,NORMAL,LOW,HIGH,NORMAL,LOW,HIGH,NORMAL,NORMAL,HIGH,False,HIGH,NORMAL,LOW
LOW,NORMAL,ZERO,False,False,False,False,True,LOW,NORMAL,LOW,HIGH,NORMAL,LOW,HIGH,LOW,LOW,LOW,False,HIGH,NORMAL,NORMAL
HIGH,NORMAL,LOW,False,False,False,False,False,HIGH,ESOPHAGEAL,ZERO,LOW,NORMAL,HIGH,NORMAL,HIGH,HIGH,HIGH,False,ZERO,NORMAL,LOW
HIGH,NORMAL,LOW,False,False,False,False,True,LOW,NORMAL,LOW,LOW,NORMAL,LOW,ZERO,HIGH,HIGH,LOW,False,ZERO,NORMAL,NORMAL
HIGH,NORMAL,LOW,False,False,False,False,False,NORMAL,NORMAL,LOW,LOW,HIGH,HIGH,ZERO,HIGH,HIGH,NORMAL,False,ZERO,NORMAL,LOW
HIGH,LOW,ZERO,False,False,False,False,False,NORMAL,NORMAL,LOW,LOW,NORMAL,HIGH,ZERO,HIGH,HIGH,NORMAL,False,ZERO,NORMAL,NORMAL
LOW,NORMAL,ZERO,False,False,False,False,False,NORMAL,NORMAL,HIGH,HIGH,NORMAL,NORMAL,HIGH,LOW,LOW,NORMAL,False,HIGH,NORMAL,HIGH
HIGH,NORMAL,LOW,False,False,False,False,False,HIGH,NORMAL,LOW,NORMAL,NORMAL,HIGH,ZERO,HIGH,HIGH,HIGH,False,ZERO,NORMAL,HIGH
HIGH,NORMAL,LOW,False,False,False,False,False,NORMAL,NORMAL,LOW,LOW,NORMAL,HIGH,ZERO,HIGH,HIGH,NORMAL,False,ZERO,NORMAL,HIGH
HIGH,NORMAL,ZERO,False,False,False,False,True,LOW,NORMAL,LOW,HIGH,NORMAL,NORMAL,HIGH,HIGH,HIGH,LOW,False,HIGH,NORMAL,NORMAL
HIGH,HIGH,HIGH,False,False,False,False,False,HIGH,ONESIDED,HIGH,LOW,HIGH,LOW,HIGH,HIGH,HIGH,HIGH,False,LOW,HIGH,NORMAL
HIGH,NORMAL,LOW,False,False,False,False,False,NORMAL,NORMAL,LOW,LOW,NORMAL,HIGH,ZERO,HIGH,HIGH,NORMAL,False,ZERO,NORMAL,LOW
NORMAL,NORMAL,LOW,False,False,False,False,False,NORMAL,NORMAL,LOW,LOW,NORMAL,HIGH,ZERO,HIGH,HIGH,NORMAL,False,ZERO,NORMAL,HIGH
HIGH,NORMAL,LOW,False,False,False,False,False,NORMAL,NORMAL,LOW,LOW,NORMAL,HIGH,ZERO,HIGH,NORMAL,NORMAL,False,ZERO,NORMAL,HIGH
HIGH,HIGH,HIGH,False,False,False,False,False,NORMAL,NORMAL,LOW,HIGH,NORMAL,HIGH,HIGH,HIGH,HIGH,NORMAL,False,HIGH,HIGH,LOW
LOW,ZERO,ZERO,False,False,False,False,False,NORMAL,NORMAL,LOW,HIGH,NORMAL,NORMAL,HIGH,LOW,NORMAL,NORMAL,False,HIGH,NORMAL,NORMAL
HIGH,NORMAL,LOW,False,False,False,False,False,NORMAL,NORMAL,LOW,LOW,NORMAL,LOW,ZERO,HIGH,HIGH,NORMAL,False,ZERO,NORMAL,HIGH
HIGH,NORMAL,LOW,False,False,False,False,False,NORMAL,NORMAL,LOW,LOW,NORMAL,HIGH,ZERO,HIGH,HIGH,NORMAL,False,ZERO,NORMAL,LOW
LOW,NORMAL,LOW,False,False,False,False,False,HIGH,NORMAL,LOW,LOW,NORMAL,NORMAL,ZERO,LOW,LOW,HIGH,False,ZERO,NORMAL,LOW
HIGH,NORMAL,ZERO,False,False,False,True,True,LOW,NORMAL,LOW,LOW,NORMAL,LOW,ZERO,HIGH,HIGH,LOW,False,ZERO,NORMAL,NORMAL
LOW,NORMAL,LOW,False,False,False,False,False,NORMAL,NORMAL,LOW,LOW,NORMAL,NORMAL,ZERO,LOW,NORMAL,NORMAL,False,ZERO,NORMAL,HIGH
LOW,NORMAL,LOW,False,False,False,False,False,NORMAL,NORMAL,LOW,LOW,NORMAL,LOW,ZERO,LOW,HIGH,NORMAL,False,ZERO,NORMAL,NORMAL
LOW,NORMAL,LOW,False,False,False,False,False,LOW,NORMAL,LOW,LOW,NORMAL,NORMAL,ZERO,LOW,LOW,LOW,False,ZERO,NORMAL,NORMAL
HIGH,NORMAL,LOW,False,False,False,False,False,NORMAL,NORMAL,LOW,LOW,HIGH,HIGH,ZERO,HIGH,HIGH,NORMAL,False,ZERO,NORMAL,NORMAL
LOW,NORMAL,ZERO,False,False,True,False,False,NORMAL,NORMAL,LOW,LOW,NORMAL,HIGH,ZERO,NORMAL,HIGH,NORMAL,False,ZERO,HIGH,LOW
HIGH,NORMAL,LOW,False,False,False,False,False,NORMAL,NORMAL,LOW,LOW,NORMAL,HIGH,ZERO,HIGH,HIGH,NORMAL,False,NORMAL,NORMAL,NORMAL
HIGH,NORMAL,LOW,False,False,False,False,False,NORMAL,NORMAL,LOW,LOW,NORMAL,HIGH,ZERO,HIGH,HIGH,NORMAL,False,ZERO,NORMAL,LOW
HIGH,NORMAL,LOW,False,False,False,False,False,NORMAL,NORMAL,LOW,LOW,NORMAL,HIGH,ZERO,HIGH,HIGH,NORMAL,True,ZERO,NORMAL,NORMAL
LOW,NORMAL,LOW,False,False,False,False,False,LOW,NORMAL,LOW,LOW,NORMAL,NORMAL,ZERO,LOW,LOW,LOW,False,ZERO,NORMAL,NORMAL
HIGH,NORMAL,LOW,False,False,False,False,False,HIGH,NORMAL,LOW,HIGH,NORMAL,HIGH,LOW,HIGH,HIGH,HIGH,False,HIGH,HIGH,LOW
HIGH,NORMAL,LOW,False,False,False,False,False,HIGH,NORMAL,LOW,LOW,NORMAL,HIGH,ZERO,HIGH,HIGH,HIGH,False,ZERO,NORMAL,LOW
HIGH,NORMAL,LOW,False,False,True,False,False,NORMAL,NORMAL,LOW,LOW,NORMAL,LOW,ZERO,NORMAL,NORMAL,NORMAL,False,ZERO,NORMAL,NORMAL
HIGH,NORMAL,LOW,False,False,False,False,False,NORMAL,NORMAL,LOW,LOW,NORMAL,HIGH,ZERO,HIGH,HIGH,NORMAL,True,ZERO,NORMAL,HIGH
HIGH,NORMAL,LOW,False,False,False,False,False,NORMAL,ONESIDED,NORMAL,LOW,NORMAL,HIGH,ZERO,HIGH,HIGH,NORMAL,False,LOW,HIGH,HIGH
HIGH,NORMAL,LOW,False,False,False,False,False,NORMAL,NORMAL,LOW,LOW,NORMAL,HIGH,ZERO,HIGH,HIGH,NORMAL,False,ZERO,NORMAL,LOW
HIGH,NORMAL,LOW,False,False,False,True,False,HIGH,NORMAL,LOW,LOW,NORMAL,LOW,ZERO,HIGH,HIGH,HIGH,True,ZERO,NORMAL,LOW
LOW,NORMAL,LOW,False,False,False,False,False,NORMAL,ONESIDED,NORMAL,LOW,NORMAL,NORMAL,ZERO,LOW,LOW,NORMAL,False,LOW,HIGH,NORMAL
LOW,ZERO,ZERO,False,False,False,False,False,NORMAL,NORMAL,LOW,HIGH,NORMAL,NORMAL,HIGH,LOW,LOW,HIGH,False,HIGH,NORMAL,LOW
HIGH,LOW,ZERO,False,False,False,False,False,NORMAL,NORMAL,LOW,LOW,NORMAL,HIGH,ZERO,HIGH,HIGH,NORMAL,False,ZERO,NORMAL,HIGH
HIGH,NORMAL,LOW,False,False,False,False,False,NORMAL,NORMAL,LOW,LOW,NORMAL,HIGH,ZERO,HIGH,HIGH,NORMAL,False,ZERO,NORMAL,HIGH
HIGH,NORMAL,LOW,False,False,False,False,True,LOW,NORMAL,LOW,LOW,NORMAL,LOW,ZERO,HIGH,HIGH,LOW,False,ZERO,NORMAL,LOW
HIGH,NORMAL,LOW,False,False,False,True,False,NORMAL,NORMAL,LOW,LOW,NORMAL,HIGH,LOW,HIGH,HIGH,NORMAL,False,ZERO,NORMAL,NORMAL
HIGH,NORMAL,LOW,False,False,False,False,False,NORMAL,ONESIDED,NORMAL,LOW,LOW,HIGH,LOW,HIGH,HIGH,NORMAL,False,LOW,HIGH,NORMAL
HIGH,NORMAL,LOW,False,False,False,False,False,NORMAL,NORMAL,LOW,LOW,NORMAL,HIGH,ZERO,HIGH,HIGH,NORMAL,False,ZERO,NORMAL,LOW
HIGH,NORMAL,LOW,True,False,False,False,False,LOW,NORMAL,LOW,LOW,NORMAL,HIGH,ZERO,HIGH,HIGH,LOW,False,ZERO,HIGH,LOW
HIGH,NORMAL,LOW,False,False,False,False,False,NORMAL,NORMAL,LOW,LOW,LOW,HIGH,ZERO,HIGH,HIGH,NORMAL,False,ZERO,NORMAL,LOW
HIGH,ZERO,ZERO,False,False,False,False,False,NORMAL,NORMAL,LOW,HIGH,NORMAL,HIGH,HIGH,HIGH,HIGH,NORMAL,False,HIGH,NORMAL,HIGH
HIGH,NORMAL,LOW,False,False,False,False,False,NORMAL,NORMAL,LOW,LOW,NORMAL,NORMAL,ZERO,LOW,LOW,NORMAL,False,ZERO,NORMAL,HIGH
HIGH,NORMAL,LOW,False,False,False,False,False,HIGH,NORMAL,LOW,LOW,NORMAL,LOW,ZERO,HIGH,HIGH,HIGH,False,ZERO,NORMAL,LOW
LOW,NORMAL,LOW,False,False,False,False,False,NORMAL,ONESIDED,LOW,LOW,NORMAL,NORMAL,NORMAL,NORMAL,LOW,NORMAL,True,NORMAL,HIGH,HIGH
HIGH,NORMAL,LOW,False,False,True,False,False,NORMAL,NORMAL,LOW,LOW,LOW,HIGH,ZERO,NORMAL,NORMAL,NORMAL,False,ZERO,NORMAL,LOW
HIGH,NORMAL,LOW,False,False,False,False,False,NORMAL,NORMAL,LOW,LOW,NORMAL,HIGH,ZERO,HIGH,HIGH,NORMAL,False,ZERO,NORMAL,NORMAL
HIGH,NORMAL,LOW,False,False,False,False,False,NORMAL,NORMAL,LOW,LOW,NORMAL,HIGH,ZERO,HIGH,HIGH,NORMAL,False,ZERO,NORMAL,NORMAL
HIGH,NORMAL,LOW,False,False,True,False,False,NORMAL,NORMAL,LOW,LOW,NORMAL,HIGH,ZERO,NORMAL,NORMAL,NORMAL,False,ZERO,NORMAL,NORMAL
HIGH,NORMAL,LOW,False,False,False,False,False,NORMAL,NORMAL,LOW,LOW,NORMAL,LOW,ZERO,HIGH,HIGH,NORMAL,False,ZERO,NORMAL,NORMAL
HIGH,NORMAL,LOW,False,False,False,False,False,NORMAL,NORMAL,LOW,LOW,NORMAL,HIGH,ZERO,HIGH,HIGH,LOW,False,ZERO,NORMAL,NORMAL
HIGH,NORMAL,LOW,False,False,False,False,False,NORMAL,NORMAL,LOW,LOW,NORMAL,LOW,ZERO,HIGH,HIGH,NORMAL,False,ZERO,HIGH,HIGH
HIGH,NORMAL,HIGH,False,False,False,True,False,HIGH,ESOPHAGEAL,NORMAL,HIGH,NORMAL,LOW,ZERO,HIGH,HIGH,HIGH,False,HIGH,HIGH,NORMAL
HIGH,NORMAL,ZERO,False,False,False,True,False,NORMAL,NORMAL,NORMAL,LOW,NORMAL,HIGH,ZERO,HIGH,HIGH,NORMAL,False,NORMAL,NORMAL,NORMAL
HIGH,NORMAL,LOW,False,False,False,True,False,NORMAL,NORMAL,LOW,LOW,NORMAL,LOW,ZERO,HIGH,HIGH,NORMAL,False,ZERO,NORMAL,LOW
LOW,NORMAL,LOW,False,False,False,False,False,NORMAL,NORMAL,LOW,LOW,NORMAL,LOW,ZERO,LOW,NORMAL,NORMAL,False,ZERO,NORMAL,HIGH
HIGH,NORMAL,LOW,False,False,False,False,False,NORMAL,NORMAL,LOW,LOW,NORMAL,HIGH,ZERO,HIGH,HIGH,NORMAL,False,ZERO,NORMAL,NORMAL
LOW,NORMAL,LOW,False,False,False,False,False,NORMAL,NORMAL,LOW,LOW,NORMAL,NORMAL,ZERO,LOW,LOW,NORMAL,False,ZERO,NORMAL,HIGH
HIGH,NORMAL,LOW,False,False,False,False,False,HIGH,NORMAL,LOW,LOW,NORMAL,HIGH,ZERO,HIGH,HIGH,HIGH,False,ZERO,NORMAL,NORMAL
HIGH,NORMAL,LOW,False,False,False,False,False,NORMAL,NORMAL,ZERO,HIGH,HIGH,HIGH,ZERO,HIGH,HIGH,NORMAL,False,HIGH,NORMAL,NORMAL
HIGH,NORMAL,LOW,False,False,False,False,False,NORMAL,NORMAL,LOW,LOW,LOW,HIGH,ZERO,HIGH,HIGH,NORMAL,False,ZERO,NORMAL,LOW
LOW,NORMAL,LOW,False,False,False,False,False,NORMAL,NORMAL,LOW,LOW,NORMAL,NORMAL,ZERO,LOW,LOW,NORMAL,False,ZERO,NORMAL,HIGH
HIGH,NORMAL,LOW,False,False,False,False,False,NORMAL,NORMAL,LOW,LOW,NORMAL,HIGH,ZERO,HIGH,HIGH,NORMAL,False,ZERO,NORMAL,NORMAL
HIGH,NORMAL,LOW,False,False,False,False,False,NORMAL,NORMAL,LOW,LOW,NORMAL,HIGH,ZERO,HIGH,HIGH,NORMAL,False,ZERO,NORMAL,LOW
LOW,NORMAL,HIGH,False,False,False,False,False,NORMAL,NORMAL,LOW,HIGH,NORMAL,NORMAL,HIGH,LOW,LOW,NORMAL,False,HIGH,NORMAL,HIGH
HIGH,NORMAL,LOW,False,False,False,False,False,HIGH,NORMAL,LOW,LOW,NORMAL,HIGH,ZERO,HIGH,HIGH,HIGH,False,ZERO,NORMAL,HIGH
LOW,NORMAL,LOW,False,False,False,False,False,NORMAL,NORMAL,LOW,LOW,NORMAL,LOW,ZERO,LOW,LOW,NORMAL,False,ZERO,NORMAL,NORMAL
HIGH,NORMAL,HIGH,False,False,False,False,False,NORMAL,NORMAL,LOW,HIGH,NORMAL,HIGH,HIGH,HIGH,HIGH,NORMAL,False,HIGH,NORMAL,LOW
HIGH,NORMAL,LOW,False,False,False,False,False,NORMAL,NORMAL,LOW,LOW,NORMAL,HIGH,ZERO,HIGH,HIGH,NORMAL,False,ZERO,NORMAL,NORMAL
NORMAL,NORMAL,LOW,False,False,False,False,False,NORMAL,NORMAL,LOW,LOW,NORMAL,HIGH,ZERO,HIGH,HIGH,NORMAL,False,ZERO,NORMAL,NORMAL
LOW,LOW,ZERO,False,False,False,False,False,NORMAL,ONESIDED,LOW,LOW,NORMAL,NORMAL,NORMAL,LOW,LOW,NORMAL,False,NORMAL,HIGH,HIGH
HIGH,NORMAL,LOW,False,False,False,False,False,NORMAL,NORMAL,LOW,LOW,NORMAL,HIGH,ZERO,HIGH,HIGH,NORMAL,False,ZERO,HIGH,HIGH
HIGH,NORMAL,LOW,False,False,False,False,False,NORMAL,NORMAL,LOW,LOW,NORMAL,HIGH,ZERO,HIGH,HIGH,NORMAL,True,ZERO,NORMAL,LOW
HIGH,NORMAL,LOW,False,False,False,False,False,HIGH,NORMAL,LOW,LOW,HIGH,LOW,ZERO,HIGH,HIGH,HIGH,False,ZERO,NORMAL,NORMAL
LOW,NORMAL,NORMAL,False,False,False,False,False,NORMAL,NORMAL,HIGH,LOW,NORMAL,NORMAL,LOW,LOW,LOW,NORMAL,False,ZERO,NORMAL,NORMAL
HIGH,NORMAL,LOW,False,False,False,False,False,NORMAL,NORMAL,LOW,LOW,NORMAL,HIGH,ZERO,HIGH,HIGH,NORMAL,False,LOW,NORMAL,NORMAL
HIGH,NORMAL,LOW,False,False,False,False,False,NORMAL,NORMAL,LOW,LOW,NORMAL,HIGH,ZERO,HIGH,HIGH,NORMAL,False,ZERO,NORMAL,HIGH
HIGH,NORMAL,LOW,False,False,False,False,True,LOW,NORMAL,LOW,LOW,HIGH,NORMAL,ZERO,HIGH,HIGH,LOW,False,ZERO,HIGH,NORMAL
HIGH,NORMAL,LOW,False,False,False,False,False,NORMAL,NORMAL,LOW,LOW,NORMAL,HIGH,ZERO,HIGH,HIGH,NORMAL,False,ZERO,NORMAL,HIGH
HIGH,NORMAL,LOW,False,False,False,False,False,NORMAL,NORMAL,LOW,LOW,NORMAL,HIGH,ZERO,HIGH,HIGH,NORMAL,False,ZERO,NORMAL,NORMAL
HIGH,LOW,ZERO,False,False,False,False,True,LOW,NORMAL,LOW,LOW,NORMAL,LOW,ZERO,HIGH,HIGH,LOW,False,ZERO,NORMAL,HIGH
HIGH,NORMAL,LOW,False,False,False,False,False,NORMAL,NORMAL,LOW,LOW,NORMAL,HIGH,ZERO,HIGH,HIGH,NORMAL,False,ZERO,NORMAL,LOW
HIGH,NORMAL,LOW,False,False,False,False,False,HIGH,NORMAL,ZERO,LOW,NORMAL,HIGH,ZERO,HIGH,HIGH,HIGH,False,ZERO,NORMAL,NORMAL
HIGH,NORMAL,LOW,False,False,True,False,False,NORMAL,ONESIDED,LOW,LOW,NORMAL,HIGH,NORMAL,NORMAL,NORMAL,NORMAL,False,NORMAL,HIGH,LOW
HIGH,LOW,ZERO,False,False,True,False,False,NORMAL,NORMAL,LOW,LOW,NORMAL,HIGH,ZERO,NORMAL,NORMAL,NORMAL,False,ZERO,NORMAL,NORMAL
HIGH,NORMAL,ZERO,False,False,False,False,False,NORMAL,NORMAL,LOW,NORMAL,NORMAL,HIGH,HIGH,HIGH,HIGH,NORMAL,False,HIGH,NORMAL,LOW
HIGH,NORMAL,LOW,False,False,False,False,False,NORMAL,NORMAL,LOW,LOW,NORMAL,HIGH,ZERO,HIGH,HIGH,NORMAL,False,ZERO,HIGH,NORMAL
LOW,NORMAL,LOW,False,False,False,False,False,NORMAL,NORMAL,LOW,LOW,NORMAL,NORMAL,ZERO,LOW,LOW,NORMAL,False,ZERO,NORMAL,LOW
HIGH,NORMAL,LOW,False,False,False,False,False,NORMAL,NORMAL,LOW,LOW,NORMAL,HIGH,ZERO,HIGH,HIGH,NORMAL,True,ZERO,NORMAL,LOW
HIGH,NORMAL,LOW,False,False,False,True,True,LOW,NORMAL,LOW,LOW,LOW,LOW,ZERO,HIGH,HIGH,LOW,False,ZERO,NORMAL,LOW
HIGH,HIGH,HIGH,False,False,False,True,False,NORMAL,NORMAL,NORMAL,LOW,NORMAL,LOW,HIGH,HIGH,HIGH,NORMAL,False,HIGH,NORMAL,HIGH
HIGH,LOW,ZERO,False,False,False,False,False,NORMAL,NORMAL,LOW,HIGH,NORMAL,HIGH,HIGH,HIGH,HIGH,NORMAL,False,HIGH,HIGH,LOW
HIGH,NORMAL,LOW,False,False,False,False,False,NORMAL,NORMAL,ZERO,LOW,NORMAL,HIGH,ZERO,HIGH,HIGH,NORMAL,False,ZERO,NORMAL,NORMAL
HIGH,NORMAL,LOW,False,False,False,False,False,NORMAL,NORMAL,LOW,LOW,NORMAL,HIGH,ZERO,HIGH,HIGH,NORMAL,False,ZERO,NORMAL,HIGH
HIGH,NORMAL,LOW,False,False,False,False,False,HIGH,NORMAL,LOW,LOW,NORMAL,LOW,ZERO,HIGH,HIGH,HIGH,False,ZERO,NORMAL,NORMAL
HIGH,ZERO,ZERO,False,False,False,False,False,NORMAL,NORMAL,LOW,HIGH,NORMAL,HIGH,HIGH,HIGH,HIGH,NORMAL,False,HIGH,NORMAL,NORMAL
HIGH,NORMAL,LOW,False,False,False,True,False,HIGH,NORMAL,LOW,LOW,NORMAL,HIGH,ZERO,HIGH,HIGH,HIGH,False,ZERO,NORMAL,LOW
HIGH,NORMAL,LOW,False,False,False,False,False,NORMAL,NORMAL,LOW,LOW,NORMAL,HIGH,ZERO,HIGH,HIGH,NORMAL,False,ZERO,NORMAL,HIGH
NORMAL,NORMAL,LOW,False,False,False,False,False,NORMAL,NORMAL,LOW,LOW,LOW,HIGH,ZERO,HIGH,HIGH,NORMAL,False,ZERO,NORMAL,HIGH
HIGH,NORMAL,LOW,False,False,False,False,False,NORMAL,NORMAL,LOW,LOW,NORMAL,HIGH,ZERO,HIGH,HIGH,NORMAL,False,ZERO,NORMAL,HIGH
HIGH,NORMAL,LOW,False,False,False,False,False,NORMAL,NORMAL,HIGH,LOW,NORMAL,HIGH,ZERO,HIGH,HIGH,NORMAL,False,ZERO,NORMAL,LOW
LOW,ZERO,ZERO,False,False,True,False,False,NORMAL,NORMAL,LOW,HIGH,NORMAL,NORMAL,HIGH,HIGH,NORMAL,NORMAL,False,HIGH,NORMAL,LOW
HIGH,NORMAL,LOW,False,False,False,False,False,HIGH,NORMAL,LOW,LOW,NORMAL,HIGH,ZERO,HIGH,HIGH,HIGH,False,ZERO,NORMAL,NORMAL
NORMAL,NORMAL,LOW,False,False,False,False,False,NORMAL,NORMAL,LOW,LOW,LOW,NORMAL,ZERO,LOW,LOW,NORMAL,False,ZERO,NORMAL,HIGH
HIGH,NORMAL,LOW,False,False,False,False,False,HIGH,NORMAL,LOW,LOW,NORMAL,LOW,ZERO,HIGH,HIGH,HIGH,False,ZERO,NORMAL,LOW
HIGH,NORMAL,NORMAL,False,False,False,False,False,HIGH,NORMAL,HIGH,LOW,NORMAL,HIGH,LOW,HIGH,HIGH,HIGH,False,LOW,NORMAL,NORMAL
HIGH,NORMAL,LOW,False,False,False,False,False,NORMAL,NORMAL,LOW,LOW,NORMAL,HIGH,ZERO,HIGH,HIGH,NORMAL,False,ZERO,NORMAL,NORMAL
HIGH,LOW,ZERO,False,False,False,False,False,HIGH,NORMAL,LOW,LOW,NORMAL,LOW,ZERO,HIGH,HIGH,HIGH,False,ZERO,HIGH,NORMAL
HIGH,NORMAL,LOW,False,False,False,True,False,NORMAL,NORMAL,ZERO,LOW,NORMAL,HIGH,ZERO,HIGH,HIGH,NORMAL,False,ZERO,NORMAL,HIGH
LOW,NORMAL,LOW,False,False,False,False,False,NORMAL,NORMAL,LOW,HIGH,NORMAL,HIGH,HIGH,LOW,LOW,NORMAL,False,HIGH,NORMAL,HIGH
LOW,NORMAL,LOW,False,False,False,False,False,NORMAL,ONESIDED,NORMAL,LOW,NORMAL,NORMAL,LOW,LOW,LOW,NORMAL,False,LOW,HIGH,NORMAL
HIGH,NORMAL,LOW,False,False,False,False,False,NORMAL,NORMAL,LOW,LOW,NORMAL,HIGH,ZERO,HIGH,HIGH,NORMAL,False,ZERO,NORMAL,NORMAL
LOW,NORMAL,LOW,False,False,False,False,False,NORMAL,NORMAL,LOW,LOW,NORMAL,NORMAL,ZERO,LOW,LOW,NORMAL,True,ZERO,NORMAL,LOW
HIGH,LOW,ZERO,False,False,False,False,False,NORMAL,NORMAL,ZERO,HIGH,NORMAL,HIGH,HIGH,HIGH,HIGH,NORMAL,False,HIGH,NORMAL,LOW
LOW,NORMAL,LOW,False,False,False,False,False,NORMAL,NORMAL,LOW,LOW,NORMAL,HIGH,ZERO,LOW,LOW,LOW,False,ZERO,NORMAL,LOW
HIGH,NORMAL,LOW,False,False,False,False,True,LOW,NORMAL,LOW,LOW,NORMAL,NORMAL,ZERO,HIGH,HIGH,LOW,False,ZERO,NORMAL,HIGH
LOW,NORMAL,LOW,False,False,False,False,False,HIGH,NORMAL,LOW,LOW,NORMAL,LOW,ZERO,LOW,LOW,HIGH,False,ZERO,NORMAL,NORMAL
HIGH,NORMAL,LOW,False,False,False,True,False,NORMAL,NORMAL,LOW,LOW,LOW,HIGH,ZERO,HIGH,HIGH,NORMAL,False,ZERO,NORMAL,LOW
HIGH,NORMAL,LOW,False,False,False,False,False,NORMAL,NORMAL,LOW,LOW,NORMAL,HIGH,NORMAL,HIGH,HIGH,NORMAL,False,ZERO,NORMAL,HIGH
HIGH,NORMAL,LOW,False,False,False,False,False,NORMAL,NORMAL,LOW,LOW,NORMAL,HIGH,ZERO,HIGH,HIGH,NORMAL,True,ZERO,NORMAL,HIGH
HIGH,NORMAL,LOW,False,False,False,False,False,NORMAL,NORMAL,LOW,LOW,NORMAL,HIGH,HIGH,HIGH,HIGH,NORMAL,False,ZERO,NORMAL,LOW
HIGH,NORMAL,LOW,False,False,False,True,False,HIGH,NORMAL,LOW,LOW,NORMAL,NORMAL,ZERO,HIGH,HIGH,HIGH,False,ZERO,NORMAL,HIGH
HIGH,NORMAL,LOW,False,False,False,False,False,NORMAL,NORMAL,LOW,LOW,NORMAL,HIGH,ZERO,HIGH,HIGH,NORMAL,False,ZERO,NORMAL,LOW
HIGH,LOW,ZERO,False,False,False,False,False,NORMAL,NORMAL,LOW,LOW,NORMAL,HIGH,ZERO,HIGH,HIGH,NORMAL,False,ZERO,NORMAL,HIGH
HIGH,ZERO,ZERO,False,False,True,True,False,HIGH,ONESIDED,LOW,LOW,NORMAL,HIGH,NORMAL,NORMAL,NORMAL,HIGH,False,NORMAL,HIGH,LOW
HIGH,NORMAL,LOW,False,False,False,False,False,NORMAL,NORMAL,LOW,LOW,NORMAL,HIGH,ZERO,HIGH,HIGH,NORMAL,False,ZERO,NORMAL,LOW
NORMAL,NORMAL,LOW,False,False,False,False,False,NORMAL,NORMAL,LOW,LOW,NORMAL,HIGH,ZERO,HIGH,HIGH,NORMAL,False,ZERO,NORMAL,NORMAL
HIGH,LOW,ZERO,False,False,False,False,False,NORMAL,NORMAL,LOW,HIGH,NORMAL,NORMAL,HIGH,LOW,LOW,NORMAL,False,HIGH,NORMAL,HIGH
NORMAL,NORMAL,LOW,False,False,False,True,False,NORMAL,NORMAL,LOW,LOW,NORMAL,HIGH,ZERO,HIGH,HIGH,NORMAL,False,ZERO,NORMAL,LOW
HIGH,NORMAL,LOW,False,False,False,False,False,NORMAL,NORMAL,LOW,LOW,NORMAL,HIGH,ZERO,HIGH,HIGH,LOW,False,ZERO,NORMAL,NORMAL
HIGH,NORMAL,LOW,False,False,False,False,False,NORMAL,NORMAL,HIGH,LOW,LOW,HIGH,LOW,HIGH,HIGH,NORMAL,False,LOW,NORMAL,LOW
HIGH,NORMAL,LOW,False,False,False,False,False,NORMAL,NORMAL,LOW,LOW,NORMAL,HIGH,ZERO,HIGH,HIGH,LOW,False,ZERO,HIGH,LOW
NORMAL,NORMAL,NORMAL,False,False,False,False,False,NORMAL,NORMAL,HIGH,NORMAL,NORMAL,LOW,LOW,LOW,LOW,NORMAL,False,LOW,NORMAL,NORMAL
HIGH,NORMAL,LOW,False,False,True,False,False,NORMAL,NORMAL,LOW,LOW,NORMAL,HIGH,LOW,NORMAL,NORMAL,NORMAL,False,ZERO,NORMAL,NORMAL
HIGH,NORMAL,LOW,False,False,False,False,False,NORMAL,NORMAL,LOW,LOW,NORMAL,HIGH,ZERO,HIGH,HIGH,NORMAL,False,ZERO,NORMAL,HIGH
HIGH,NORMAL,LOW,False,False,False,False,False,NORMAL,NORMAL,LOW,LOW,NORMAL,HIGH,ZERO,HIGH,HIGH,NORMAL,False,ZERO,NORMAL,HIGH
HIGH,LOW,ZERO,False,False,False,False,False,NORMAL,NORMAL,LOW,LOW,NORMAL,HIGH,ZERO,HIGH,HIGH,NORMAL,False,ZERO,NORMAL,LOW
LOW,NORMAL,LOW,False,False,False,False,False,NORMAL,NORMAL,LOW,LOW,NORMAL,NORMAL,ZERO,LOW,LOW,NORMAL,False,ZERO,NORMAL,NORMAL
HIGH,NORMAL,LOW,False,False,False,False,False,NORMAL,NORMAL,LOW,LOW,NORMAL,HIGH,ZERO,HIGH,HIGH,NORMAL,False,ZERO,NORMAL,NORMAL
HIGH,NORMAL,LOW,False,False,False,False,False,NORMAL,NORMAL,LOW,LOW,NORMAL,HIGH,ZERO,HIGH,HIGH,NORMAL,True,ZERO,NORMAL,NORMAL
NORMAL,NORMAL,ZERO,False,False,False,False,False,NORMAL,NORMAL,LOW,HIGH,NORMAL,LOW,HIGH,HIGH,HIGH,NORMAL,False,HIGH,NORMAL,HIGH
HIGH,NORMAL,LOW,False,False,False,False,False,NORMAL,NORMAL,LOW,LOW,NORMAL,HIGH,ZERO,LOW,HIGH,NORMAL,False,ZERO,NORMAL,LOW
HIGH,NORMAL,LOW,False,False,False,False,False,NORMAL,NORMAL,LOW,LOW,NORMAL,HIGH,ZERO,HIGH,HIGH,NORMAL,False,ZERO,NORMAL,HIGH
HIGH,NORMAL,LOW,False,False,False,False,False,NORMAL,NORMAL,LOW,LOW,LOW,HIGH,ZERO,HIGH,HIGH,NORMAL,False,ZERO,HIGH,LOW
HIGH,NORMAL,LOW,False,False,True,False,False,LOW,NORMAL,NORMAL,LOW,NORMAL,HIGH,ZERO,NORMAL,NORMAL,LOW,False,ZERO,NORMAL,NORMAL
HIGH,NORMAL,NORMAL,False,False,False,False,False,NORMAL,NORMAL,HIGH,LOW,LOW,HIGH,LOW,HIGH,HIGH,NORMAL,False,LOW,NORMAL,LOW
HIGH,NORMAL,LOW,False,False,False,False,False,NORMAL,NORMAL,LOW,LOW,NORMAL,LOW,ZERO,HIGH,HIGH,NORMAL,False,ZERO,NORMAL,LOW
HIGH,NORMAL,LOW,False,False,False,False,False,NORMAL,NORMAL,LOW,LOW,NORMAL,NORMAL,ZERO,HIGH,HIGH,NORMAL,False,ZERO,NORMAL,LOW
NORMAL,HIGH,HIGH,False,False,False,True,False,NORMAL,NORMAL,LOW,HIGH,NORMAL,HIGH,HIGH,HIGH,HIGH,NORMAL,False,HIGH,NORMAL,NORMAL
LOW,NORMAL,ZERO,False,False,False,False,False,NORMAL,NORMAL,LOW,HIGH,NORMAL,NORMAL,HIGH,LOW,LOW,NORMAL,False,HIGH,NORMAL,HIGH
HIGH,HIGH,HIGH,False,False,False,False,False,HIGH,NORMAL,LOW,LOW,HIGH,HIGH,HIGH,HIGH,HIGH,HIGH,False,HIGH,NORMAL,LOW
HIGH,NORMAL,LOW,False,False,False,False,False,HIGH,ONESIDED,NORMAL,LOW,NORMAL,LOW,LOW,HIGH,HIGH,HIGH,False,LOW,HIGH,NORMAL
HIGH,NORMAL,LOW,False,False,False,False,False,NORMAL,NORMAL,LOW,LOW,NORMAL,NORMAL,ZERO,HIGH,HIGH,NORMAL,False,ZERO,NORMAL,LOW
LOW,NORMAL,LOW,False,False,False,False,False,NORMAL,NORMAL,LOW,LOW,NORMAL,NORMAL,ZERO,LOW,NORMAL,NORMAL,False,ZERO,NORMAL,LOW
HIGH,LOW,ZERO,False,False,False,False,False,NORMAL,ONESIDED,LOW,LOW,NORMAL,HIGH,NORMAL,HIGH,HIGH,NORMAL,False,NORMAL,HIGH,LOW
HIGH,NORMAL,LOW,False,False,False,False,False,NORMAL,NORMAL,LOW,LOW,NORMAL,HIGH,ZERO,HIGH,HIGH,NORMAL,False,ZERO,NORMAL,LOW
HIGH,HIGH,HIGH,False,False,False,True,False,NORMAL,NORMAL,ZERO,HIGH,NORMAL,HIGH,HIGH,HIGH,HIGH,NORMAL,False,HIGH,NORMAL,LOW
HIGH,NORMAL,LOW,False,False,True,False,False,NORMAL,ESOPHAGEAL,NORMAL,LOW,NORMAL,HIGH,ZERO,NORMAL,NORMAL,NORMAL,False,ZERO,NORMAL,HIGH
LOW,NORMAL,LOW,False,False,False,False,False,NORMAL,NORMAL,LOW,LOW,NORMAL,NORMAL,ZERO,LOW,LOW,LOW,False,ZERO,NORMAL,NORMAL
HIGH,NORMAL,LOW,False,False,False,False,False,NORMAL,NORMAL,LOW,LOW,NORMAL,HIGH,ZERO,HIGH,HIGH,NORMAL,False,ZERO,NORMAL,NORMAL
HIGH,NORMAL,LOW,False,False,False,True,False,HIGH,ONESIDED,LOW,LOW,NORMAL,NORMAL,NORMAL,HIGH,HIGH,HIGH,False,NORMAL,HIGH,NORMAL
HIGH,HIGH,HIGH,False,False,False,False,False,NORMAL,NORMAL,LOW,NORMAL,LOW,HIGH,HIGH,HIGH,HIGH,NORMAL,False,HIGH,NORMAL,NORMAL
HIGH,NORMAL,LOW,False,False,False,False,False,NORMAL,NORMAL,LOW,LOW,NORMAL,HIGH,ZERO,HIGH,HIGH,NORMAL,False,ZERO,NORMAL,NORMAL
HIGH,NORMAL,LOW,False,False,False,False,False,NORMAL,NORMAL,LOW,LOW,NORMAL,HIGH,ZERO,HIGH,HIGH,NORMAL,False,ZERO,NORMAL,NORMAL
HIGH,LOW,ZERO,False,False,False,False,False,NORMAL,NORMAL,LOW,LOW,NORMAL,HIGH,ZERO,HIGH,HIGH,NORMAL,False,ZERO,NORMAL,HIGH
HIGH,HIGH,HIGH,False,False,False,False,False,HIGH,NORMAL,HIGH,HIGH,NORMAL,HIGH,HIGH,HIGH,HIGH,HIGH,False,HIGH,HIGH,NORMAL
HIGH,NORMAL,LOW,False,False,False,False,False,HIGH,NORMAL,LOW,LOW,NORMAL,HIGH,ZERO,HIGH,HIGH,HIGH,False,ZERO,HIGH,LOW
HIGH,NORMAL,LOW,False,False,False,False,False,NORMAL,NORMAL,LOW,LOW,NORMAL,HIGH,ZERO,HIGH,HIGH,NORMAL,False,ZERO,NORMAL,HIGH
HIGH,NORMAL,LOW,False,False,False,False,False,NORMAL,NORMAL,LOW,LOW,NORMAL,HIGH,ZERO,HIGH,HIGH,NORMAL,False,ZERO,HIGH,NORMAL
HIGH,NORMAL,LOW,False,False,False,False,False,NORMAL,NORMAL,LOW,LOW,NORMAL,HIGH,ZERO,HIGH,HIGH,NORMAL,False,ZERO,NORMAL,NORMAL
HIGH,NORMAL,LOW,False,False,False,False,False,NORMAL,NORMAL,LOW,LOW,NORMAL,HIGH,ZERO,HIGH,HIGH,NORMAL,False,ZERO,NORMAL,HIGH
HIGH,LOW,LOW,False,False,False,False,False,NORMAL,NORMAL,LOW,LOW,NORMAL,HIGH,ZERO,HIGH,LOW,NORMAL,False,ZERO,NORMAL,HIGH
HIGH,NORMAL,LOW,False,False,False,False,False,NORMAL,NORMAL,LOW,LOW,NORMAL,HIGH,LOW,HIGH,HIGH,NORMAL,False,ZERO,NORMAL,HIGH
HIGH,NORMAL,LOW,False,False,False,True,False,NORMAL,NORMAL,LOW,LOW,NORMAL,HIGH,ZERO,HIGH,HIGH,NORMAL,False,ZERO,NORMAL,HIGH
HIGH,NORMAL,ZERO,False,False,False,False,False,NORMAL,NORMAL,LOW,HIGH,NORMAL,HIGH,HIGH,HIGH,HIGH,NORMAL,False,HIGH,NORMAL,NORMAL
HIGH,NORMAL,LOW,False,False,False,False,True,LOW,NORMAL,LOW,LOW,NORMAL,LOW,ZERO,HIGH,HIGH,LOW,False,ZERO,NORMAL,LOW
HIGH,NORMAL,LOW,False,False,False,False,False,NORMAL,NORMAL,NORMAL,LOW,NORMAL,HIGH,ZERO,HIGH,HIGH,NORMAL,False,ZERO,NORMAL,HIGH
HIGH,NORMAL,LOW,False,False,False,False,False,NORMAL,NORMAL,LOW,LOW,NORMAL,HIGH,ZERO,HIGH,HIGH,NORMAL,True,ZERO,NORMAL,HIGH
HIGH,NORMAL,LOW,False,False,False,False,False,NORMAL,NORMAL,LOW,LOW,NORMAL,HIGH,ZERO,HIGH,HIGH,NORMAL,True,ZERO,NORMAL,HIGH
HIGH,NORMAL,LOW,False,False,False,True,False,NORMAL,NORMAL,LOW,LOW,NORMAL,HIGH,ZERO,HIGH,HIGH,NORMAL,False,ZERO,NORMAL,NORMAL
HIGH,NORMAL,LOW,False,False,True,False,False,NORMAL,NORMAL,LOW,LOW,NORMAL,LOW,ZERO,HIGH,NORMAL,NORMAL,False,ZERO,NORMAL,HIGH
HIGH,NORMAL,LOW,False,False,True,False,False,HIGH,NORMAL,LOW,LOW,NORMAL,HIGH,ZERO,NORMAL,NORMAL,HIGH,False,ZERO,NORMAL,LOW
HIGH,NORMAL,LOW,False,False,True,False,False,NORMAL,ONESIDED,ZERO,LOW,NORMAL,HIGH,NORMAL,NORMAL,NORMAL,NORMAL,False,NORMAL,HIGH,NORMAL
LOW,NORMAL,LOW,False,False,False,False,False,NORMAL,NORMAL,LOW,HIGH,NORMAL,NORMAL,HIGH,LOW,LOW,NORMAL,False,HIGH,NORMAL,NORMAL
HIGH,NORMAL,LOW,False,False,False,False,False,NORMAL,NORMAL,LOW,LOW,NORMAL,HIGH,ZERO,HIGH,HIGH,NORMAL,False,ZERO,NORMAL,LOW
HIGH,NORMAL,LOW,False,False,False,False,False,NORMAL,NORMAL,LOW,LOW,NORMAL,HIGH,ZERO,HIGH,NORMAL,NORMAL,True,ZERO,NORMAL,LOW
HIGH,NORMAL,LOW,False,False,False,False,False,NORMAL,NORMAL,LOW,LOW,NORMAL,HIGH,ZERO,HIGH,HIGH,NORMAL,False,ZERO,NORMAL,HIGH
LOW,NORMAL,LOW,False,False,False,False,False,NORMAL,NORMAL,LOW,LOW,NORMAL,NORMAL,ZERO,HIGH,LOW,NORMAL,False,ZERO,NORMAL,NORMAL
HIGH,LOW,ZERO,False,False,False,False,False,NORMAL,NORMAL,LOW,HIGH,NORMAL,HIGH,ZERO,HIGH,HIGH,NORMAL,False,HIGH,NORMAL,NORMAL
LOW,NORMAL,LOW,False,False,True,False,False,LOW,NORMAL,LOW,LOW,NORMAL,NORMAL,ZERO,LOW,HIGH,LOW,False,NORMAL,NORMAL,NORMAL
HIGH,NORMAL,LOW,False,False,True,False,False,NORMAL,NORMAL,LOW,LOW,NORMAL,HIGH,ZERO,NORMAL,NORMAL,NORMAL,False,ZERO,NORMAL,HIGH
HIGH,LOW,ZERO,False,False,False,False,False,NORMAL,NORMAL,LOW,HIGH,NORMAL,HIGH,HIGH,HIGH,HIGH,NORMAL,False,HIGH,NORMAL,LOW
HIGH,NORMAL,LOW,False,False,False,False,False,NORMAL,NORMAL,LOW,LOW,NORMAL,HIGH,HIGH,HIGH,HIGH,NORMAL,False,ZERO,NORMAL,NORMAL
HIGH,NORMAL,LOW,False,False,False,False,False,NORMAL,NORMAL,LOW,LOW,NORMAL,HIGH,ZERO,HIGH,HIGH,NORMAL,False,ZERO,NORMAL,NORMAL
HIGH,NORMAL,LOW,False,False,False,False,False,NORMAL,NORMAL,LOW,LOW,NORMAL,HIGH,ZERO,HIGH,HIGH,NORMAL,False,ZERO,NORMAL,NORMAL
HIGH,NORMAL,LOW,False,False,False,False,False,NORMAL,NORMAL,LOW,NORMAL,NORMAL,HIGH,ZERO,HIGH,HIGH,LOW,False,ZERO,NORMAL,HIGH
LOW,LOW,ZERO,False,False,False,False,False,NORMAL,NORMAL,LOW,HIGH,NORMAL,NORMAL,HIGH,LOW,LOW,NORMAL,False,HIGH,NORMAL,NORMAL
LOW,NORMAL,LOW,False,False,False,False,False,NORMAL,NORMAL,LOW,LOW,NORMAL,NORMAL,ZERO,LOW,LOW,NORMAL,False,ZERO,NORMAL,NORMAL
HIGH,NORMAL,LOW,False,False,False,False,False,NORMAL,NORMAL,LOW,LOW,NORMAL,HIGH,ZERO,LOW,HIGH,NORMAL,False,ZERO,NORMAL,NORMAL
LOW,NORMAL,LOW,False,False,False,False,False,NORMAL,NORMAL,LOW,LOW,NORMAL,NORMAL,ZERO,LOW,LOW,NORMAL,False,ZERO,NORMAL,HIGH
HIGH,NORMAL,LOW,False,False,False,True,False,NORMAL,NORMAL,LOW,LOW,NORMAL,HIGH,ZERO,HIGH,HIGH,NORMAL,False,ZERO,NORMAL,LOW
LOW,NORMAL,LOW,False,False,False,True,False,NORMAL,NORMAL,LOW,LOW,NORMAL,HIGH,ZERO,LOW,LOW,NORMAL,False,ZERO,NORMAL,LOW
HIGH,NORMAL,LOW,False,False,False,False,False,NORMAL,NORMAL,ZERO,LOW,NORMAL,HIGH,ZERO,HIGH,HIGH,NORMAL,False,ZERO,NORMAL,LOW
HIGH,NORMAL,LOW,False,False,False,True,False,NORMAL,NORMAL,LOW,LOW,NORMAL,LOW,ZERO,HIGH,HIGH,NORMAL,False,ZERO,NORMAL,NORMAL
HIGH,NORMAL,LOW,False,False,False,False,False,NORMAL,NORMAL,LOW,LOW,NORMAL,HIGH,ZERO,HIGH,HIGH,NORMAL,False,ZERO,NORMAL,NORMAL
HIGH,NORMAL,LOW,False,False,False,True,False,NORMAL,NORMAL,LOW,LOW,NORMAL,HIGH,NORMAL,HIGH,HIGH,NORMAL,False,ZERO,NORMAL,HIGH
HIGH,NORMAL,ZERO,False,False,False,False,False,NORMAL,NORMAL,LOW,HIGH,NORMAL,HIGH,HIGH,HIGH,HIGH,NORMAL,False,HIGH,NORMAL,LOW
HIGH,NORMAL,LOW,False,False,False,False,False,NORMAL,NORMAL,ZERO,LOW,NORMAL,HIGH,NORMAL,HIGH,HIGH,NORMAL,False,LOW,NORMAL,HIGH
HIGH,NORMAL,LOW,False,False,False,False,False,HIGH,NORMAL,LOW,LOW,NORMAL,NORMAL,ZERO,HIGH,HIGH,HIGH,False,ZERO,NORMAL,HIGH
HIGH,NORMAL,LOW,False,False,False,False,False,NORMAL,NORMAL,LOW,LOW,NORMAL,HIGH,ZERO,HIGH,HIGH,NORMAL,False,ZERO,NORMAL,HIGH
HIGH,NORMAL,ZERO,False,False,False,False,False,NORMAL,NORMAL,LOW,HIGH,NORMAL,HIGH,HIGH,HIGH,HIGH,HIGH,False,HIGH,NORMAL,NORMAL
LOW,NORMAL,ZERO,False,False,False,False,False,HIGH,NORMAL,LOW,HIGH,NORMAL,NORMAL,HIGH,LOW,LOW,HIGH,False,HIGH,NORMAL,HIGH
HIGH,NORMAL,LOW,False,True,False,False,False,NORMAL,NORMAL,LOW,LOW,HIGH,HIGH,ZERO,HIGH,HIGH,NORMAL,False,LOW,HIGH,LOW
HIGH,NORMAL,LOW,False,False,False,False,False,NORMAL,NORMAL,LOW,LOW,HIGH,HIGH,ZERO,HIGH,HIGH,NORMAL,False,ZERO,NORMAL,HIGH
HIGH,HIGH,HIGH,False,False,False,False,False,NORMAL,NORMAL,LOW,HIGH,NORMAL,HIGH,HIGH,HIGH,HIGH,NORMAL,False,HIGH,HIGH,HIGH
HIGH,NORMAL,LOW,False,False,False,False,False,NORMAL,NORMAL,LOW,LOW,NORMAL,HIGH,ZERO,HIGH,HIGH,NORMAL,False,ZERO,NORMAL,LOW
LOW,NORMAL,LOW,False,False,True,False,False,NORMAL,NORMAL,LOW,LOW,NORMAL,HIGH,ZERO,HIGH,HIGH,NORMAL,False,ZERO,NORMAL,NORMAL
LOW,NORMAL,ZERO,False,False,False,False,False,NORMAL,ONESIDED,LOW,LOW,NORMAL,NORMAL,NORMAL,LOW,LOW,NORMAL,False,NORMAL,HIGH,NORMAL
HIGH,NORMAL,LOW,False,False,False,False,False,NORMAL,NORMAL,LOW,LOW,NORMAL,NORMAL,ZERO,HIGH,HIGH,NORMAL,False,ZERO,NORMAL,NORMAL
HIGH,ZERO,ZERO,False,False,False,False,False,NORMAL,NORMAL,LOW,LOW,NORMAL,HIGH,ZERO,HIGH,HIGH,NORMAL,False,ZERO,NORMAL,NORMAL
HIGH,NORMAL,LOW,False,False,False,False,False,NORMAL,NORMAL,LOW,LOW,NORMAL,HIGH,ZERO,HIGH,HIGH,NORMAL,False,LOW,NORMAL,LOW
HIGH,NORMAL,LOW,False,False,False,False,False,NORMAL,ONESIDED,NORMAL,LOW,NORMAL,HIGH,ZERO,HIGH,HIGH,NORMAL,False,LOW,HIGH,NORMAL
HIGH,NORMAL,LOW,False,False,False,False,False,NORMAL,NORMAL,LOW,LOW,NORMAL,HIGH,ZERO,HIGH,HIGH,NORMAL,False,ZERO,NORMAL,NORMAL
HIGH,NORMAL,LOW,False,False,False,True,False,HIGH,NORMAL,LOW,LOW,NORMAL,NORMAL,ZERO,HIGH,HIGH,HIGH,False,ZERO,NORMAL,LOW
LOW,NORMAL,LOW,False,False,False,False,False,HIGH,NORMAL,LOW,LOW,NORMAL,NORMAL,ZERO,LOW,LOW,HIGH,False,ZERO,NORMAL,NORMAL
HIGH,NORMAL,LOW,True,False,False,False,True,LOW,NORMAL,LOW,LOW,NORMAL,LOW,ZERO,HIGH,HIGH,LOW,False,ZERO,NORMAL,LOW
HIGH,NORMAL,LOW,False,False,True,False,False,NORMAL,NORMAL,LOW,LOW,HIGH,HIGH,ZERO,NORMAL,NORMAL,NORMAL,False,ZERO,NORMAL,NORMAL
HIGH,NORMAL,LOW,False,False,False,False,False,NORMAL,NORMAL,LOW,LOW,NORMAL,HIGH,ZERO,HIGH,HIGH,NORMAL,True,ZERO,NORMAL,NORMAL
HIGH,NORMAL,LOW,False,False,False,False,False,NORMAL,NORMAL,ZERO,LOW,NORMAL,HIGH,ZERO,HIGH,HIGH,NORMAL,False,ZERO,NORMAL,NORMAL
HIGH,HIGH,HIGH,False,False,False,False,False,NORMAL,NORMAL,LOW,HIGH,NORMAL,HIGH,HIGH,HIGH,HIGH,NORMAL,False,HIGH,NORMAL,LOW
HIGH,NORMAL,LOW,False,False,False,False,False,NORMAL,NORMAL,LOW,LOW,NORMAL,HIGH,ZERO,HIGH,HIGH,NORMAL,False,ZERO,NORMAL,LOW
NORMAL,HIGH,HIGH,False,False,False,False,False,NORMAL,NORMAL,LOW,HIGH,NORMAL,HIGH,HIGH,HIGH,HIGH,NORMAL,False,HIGH,NORMAL,NORMAL
HIGH,NORMAL,LOW,False,False,False,False,False,NORMAL,NORMAL,LOW,LOW,NORMAL,NORMAL,ZERO,HIGH,HIGH,NORMAL,False,ZERO,NORMAL,NORMAL
HIGH,NORMAL,LOW,False,False,False,False,False,NORMAL,NORMAL,LOW,LOW,NORMAL,HIGH,ZERO,HIGH,HIGH,NORMAL,False,ZERO,NORMAL,HIGH
HIGH,NORMAL,LOW,False,False,False,False,False,NORMAL,NORMAL,LOW,LOW,NORMAL,HIGH,ZERO,HIGH,HIGH,NORMAL,False,ZERO,NORMAL,NORMAL
HIGH,NORMAL,LOW,False,False,False,False,False,NORMAL,NORMAL,NORMAL,LOW,NORMAL,HIGH,ZERO,HIGH,HIGH,NORMAL,False,NORMAL,NORMAL,LOW
HIGH,NORMAL,ZERO,False,False,False,False,False,HIGH,NORMAL,LOW,LOW,NORMAL,LOW,ZERO,HIGH,HIGH,HIGH,False,ZERO,HIGH,HIGH
LOW,HIGH,HIGH,False,False,False,False,False,NORMAL,NORMAL,LOW,HIGH,NORMAL,NORMAL,HIGH,LOW,LOW,NORMAL,False,HIGH,NORMAL,HIGH
HIGH,NORMAL,LOW,False,False,False,False,False,NORMAL,ONESIDED,NORMAL,LOW,NORMAL,HIGH,ZERO,HIGH,HIGH,NORMAL,False,LOW,HIGH,HIGH
HIGH,NORMAL,LOW,False,False,False,False,False,NORMAL,NORMAL,LOW,LOW,NORMAL,HIGH,ZERO,HIGH,HIGH,LOW,False,ZERO,NORMAL,NORMAL
NORMAL,NORMAL,LOW,False,False,False,False,False,NORMAL,NORMAL,LOW,LOW,NORMAL,NORMAL,ZERO,LOW,LOW,NORMAL,False,ZERO,NORMAL,HIGH
HIGH,NORMAL,LOW,False,False,False,False,False,HIGH,NORMAL,LOW,LOW,LOW,LOW,ZERO,HIGH,HIGH,HIGH,False,ZERO,NORMAL,HIGH
HIGH,NORMAL,LOW,False,False,False,False,False,NORMAL,NORMAL,LOW,LOW,HIGH,HIGH,ZERO,HIGH,HIGH,NORMAL,False,ZERO,NORMAL,NORMAL
LOW,HIGH,HIGH,False,False,False,False,False,NORMAL,NORMAL,LOW,HIGH,NORMAL,NORMAL,HIGH,LOW,LOW,NORMAL,False,HIGH,NORMAL,HIGH
HIGH,NORMAL,LOW,False,False,False,False,False,NORMAL,ESOPHAGEAL,NORMAL,LOW,NORMAL,HIGH,ZERO,HIGH,HIGH,HIGH,False,ZERO,NORMAL,LOW
HIGH,NORMAL,LOW,False,False,False,False,False,NORMAL,NORMAL,LOW,LOW,NORMAL,HIGH,ZERO,HIGH,HIGH,NORMAL,False,ZERO,NORMAL,NORMAL
HIGH,NORMAL,LOW,False,False,False,False,False,HIGH,NORMAL,LOW,LOW,NORMAL,LOW,ZERO,HIGH,HIGH,HIGH,False,ZERO,NORMAL,HIGH
HIGH,NORMAL,LOW,False,False,True,False,False,NORMAL,ONESIDED,LOW,LOW,NORMAL,HIGH,NORMAL,NORMAL,NORMAL,NORMAL,True,NORMAL,HIGH,LOW
HIGH,NORMAL,LOW,False,False,False,False,False,HIGH,NORMAL,LOW,LOW,NORMAL,HIGH,NORMAL,HIGH,HIGH,HIGH,False,ZERO,NORMAL,LOW
LOW,NORMAL,ZERO,False,False,False,False,False,LOW,NORMAL,LOW,LOW,NORMAL,HIGH,ZERO,HIGH,HIGH,LOW,False,ZERO,NORMAL,NORMAL
HIGH,NORMAL,LOW,False,False,False,True,False,NORMAL,NORMAL,LOW,LOW,NORMAL,HIGH,ZERO,HIGH,HIGH,NORMAL,False,ZERO,NORMAL,HIGH
HIGH,NORMAL,LOW,False,False,False,False,False,NORMAL,NORMAL,LOW,LOW,NORMAL,HIGH,ZERO,NORMAL,HIGH,NORMAL,False,ZERO,NORMAL,LOW
NORMAL,NORMAL,LOW,False,False,True,True,True,LOW,NORMAL,LOW,LOW,NORMAL,LOW,ZERO,NORMAL,NORMAL,LOW,False,ZERO,NORMAL,LOW
HIGH,NORMAL,LOW,False,False,True,False,False,NORMAL,NORMAL,LOW,LOW,NORMAL,HIGH,ZERO,NORMAL,NORMAL,NORMAL,False,ZERO,NORMAL,LOW
HIGH,NORMAL,LOW,False,False,False,False,False,NORMAL,NORMAL,LOW,LOW,NORMAL,NORMAL,ZERO,NORMAL,HIGH,NORMAL,False,ZERO,NORMAL,HIGH
LOW,NORMAL,ZERO,False,False,False,False,True,LOW,NORMAL,LOW,HIGH,NORMAL,LOW,HIGH,LOW,LOW,NORMAL,False,HIGH,NORMAL,HIGH
HIGH,NORMAL,LOW,False,False,False,False,False,NORMAL,NORMAL,LOW,LOW,NORMAL,HIGH,ZERO,HIGH,HIGH,NORMAL,False,ZERO,NORMAL,LOW
NORMAL,NORMAL,LOW,False,False,False,False,False,NORMAL,NORMAL,LOW,LOW,NORMAL,HIGH,ZERO,HIGH,HIGH,NORMAL,False,ZERO,NORMAL,NORMAL
HIGH,ZERO,ZERO,False,False,False,False,False,NORMAL,NORMAL,LOW,LOW,NORMAL,HIGH,ZERO,HIGH,HIGH,NORMAL,False,ZERO,NORMAL,NORMAL
LOW,NORMAL,LOW,False,False,False,False,True,LOW,NORMAL,LOW,LOW,NORMAL,LOW,ZERO,LOW,LOW,LOW,False,ZERO,NORMAL,NORMAL
HIGH,NORMAL,LOW,False,False,False,False,True,LOW,ONESIDED,NORMAL,LOW,NORMAL,HIGH,LOW,HIGH,HIGH,LOW,False,LOW,HIGH,NORMAL
HIGH,NORMAL,ZERO,False,False,False,True,False,HIGH,NORMAL,LOW,HIGH,NORMAL,HIGH,HIGH,HIGH,LOW,HIGH,False,HIGH,NORMAL,NORMAL
HIGH,NORMAL,LOW,False,False,False,False,False,NORMAL,NORMAL,LOW,LOW,NORMAL,HIGH,ZERO,HIGH,HIGH,NORMAL,False,ZERO,NORMAL,NORMAL
LOW,NORMAL,ZERO,False,False,True,True,False,NORMAL,NORMAL,NORMAL,HIGH,NORMAL,NORMAL,HIGH,HIGH,LOW,LOW,False,HIGH,NORMAL,HIGH
NORMAL,NORMAL,LOW,False,False,False,False,False,NORMAL,NORMAL,LOW,LOW,NORMAL,HIGH,ZERO,HIGH,HIGH,NORMAL,False,ZERO,NORMAL,NORMAL
HIGH,NORMAL,ZERO,False,False,False,False,False,NORMAL,NORMAL,LOW,LOW,NORMAL,HIGH,ZERO,HIGH,HIGH,NORMAL,False,ZERO,NORMAL,HIGH
HIGH,NORMAL,LOW,False,False,True,False,False,NORMAL,NORMAL,LOW,LOW,NORMAL,HIGH,ZERO,NORMAL,NORMAL,NORMAL,False,ZERO,NORMAL,NORMAL
LOW,NORMAL,LOW,False,False,True,False,False,NORMAL,NORMAL,LOW,LOW,NORMAL,NORMAL,ZERO,LOW,HIGH,NORMAL,False,ZERO,NORMAL,HIGH
HIGH,LOW,ZERO,False,False,False,False,False,HIGH,ESOPHAGEAL,LOW,LOW,NORMAL,LOW,LOW,HIGH,HIGH,HIGH,False,LOW,HIGH,HIGH
HIGH,NORMAL,LOW,False,False,False,False,False,NORMAL,NORMAL,LOW,LOW,NORMAL,HIGH,ZERO,HIGH,HIGH,NORMAL,False,ZERO,NORMAL,HIGH
LOW,NORMAL,LOW,False,False,False,False,False,NORMAL,NORMAL,LOW,LOW,NORMAL,NORMAL,ZERO,LOW,LOW,NORMAL,False,ZERO,NORMAL,NORMAL
HIGH,NORMAL,ZERO,False,False,False,True,False,NORMAL,NORMAL,LOW,LOW,NORMAL,HIGH,ZERO,HIGH,HIGH,NORMAL,False,ZERO,NORMAL,HIGH
LOW,ZERO,ZERO,False,False,False,False,False,HIGH,NORMAL,LOW,HIGH,NORMAL,LOW,HIGH,LOW,LOW,HIGH,False,HIGH,NORMAL,HIGH
HIGH,NORMAL,LOW,False,False,False,False,False,NORMAL,NORMAL,LOW,LOW,NORMAL,HIGH,ZERO,HIGH,HIGH,NORMAL,False,ZERO,NORMAL,NORMAL
HIGH,LOW,ZERO,False,False,True,False,True,LOW,NORMAL,LOW,HIGH,NORMAL,LOW,HIGH,NORMAL,NORMAL,LOW,False,HIGH,NORMAL,LOW
HIGH,ZERO,ZERO,False,False,False,False,False,NORMAL,NORMAL,LOW,LOW,NORMAL,LOW,ZERO,HIGH,HIGH,NORMAL,False,ZERO,NORMAL,LOW
HIGH,HIGH,NORMAL,False,False,False,False,False,NORMAL,NORMAL,HIGH,LOW,NORMAL,HIGH,LOW,HIGH,HIGH,NORMAL,False,LOW,NORMAL,HIGH
NORMAL,NORMAL,ZERO,False,False,False,False,False,NORMAL,NORMAL,LOW,HIGH,NORMAL,LOW,HIGH,LOW,NORMAL,NORMAL,False,HIGH,NORMAL,HIGH
NORMAL,NORMAL,LOW,False,False,False,False,False,NORMAL,NORMAL,LOW,LOW,NORMAL,HIGH,ZERO,HIGH,HIGH,NORMAL,False,ZERO,NORMAL,NORMAL
HIGH,NORMAL,LOW,False,False,False,False,False,HIGH,NORMAL,LOW,LOW,NORMAL,NORMAL,ZERO,HIGH,HIGH,HIGH,False,ZERO,NORMAL,NORMAL
LOW,NORMAL,LOW,False,False,False,False,False,NORMAL,NORMAL,LOW,LOW,NORMAL,NORMAL,ZERO,LOW,LOW,NORMAL,False,ZERO,NORMAL,NORMAL
HIGH,NORMAL,LOW,False,False,False,False,False,NORMAL,NORMAL,LOW,HIGH,NORMAL,HIGH,HIGH,HIGH,HIGH,NORMAL,False,HIGH,NORMAL,LOW
HIGH,NORMAL,LOW,False,False,False,False,False,NORMAL,NORMAL,LOW,LOW,NORMAL,HIGH,ZERO,HIGH,HIGH,NORMAL,False,ZERO,NORMAL,LOW
HIGH,NORMAL,LOW,False,False,False,False,False,HIGH,NORMAL,LOW,LOW,NORMAL,HIGH,LOW,HIGH,HIGH,HIGH,False,ZERO,NORMAL,LOW
HIGH,NORMAL,LOW,False,False,False,False,False,NORMAL,NORMAL,LOW,LOW,NORMAL,HIGH,ZERO,HIGH,HIGH,NORMAL,False,ZERO,NORMAL,HIGH
HIGH,NORMAL,LOW,False,False,True,False,False,NORMAL,NORMAL,LOW,LOW,HIGH,HIGH,ZERO,NORMAL,NORMAL,NORMAL,False,ZERO,NORMAL,NORMAL
HIGH,NORMAL,LOW,False,False,False,False,False,NORMAL,NORMAL,LOW,LOW,LOW,HIGH,ZERO,HIGH,HIGH,NORMAL,False,ZERO,NORMAL,HIGH
HIGH,NORMAL,LOW,False,False,False,False,False,NORMAL,NORMAL,LOW,LOW,NORMAL,NORMAL,ZERO,HIGH,HIGH,NORMAL,False,ZERO,NORMAL,HIGH
LOW,NORMAL,ZERO,False,False,False,False,False,NORMAL,NORMAL,LOW,HIGH,LOW,LOW,HIGH,LOW,LOW,NORMAL,False,HIGH,NORMAL,HIGH
HIGH,NORMAL,LOW,False,False,False,False,False,NORMAL,NORMAL,LOW,LOW,NORMAL,HIGH,LOW,HIGH,HIGH,NORMAL,False,ZERO,NORMAL,HIGH
HIGH,ZERO,ZERO,False,False,False,True,False,NORMAL,NORMAL,LOW,LOW,NORMAL,HIGH,ZERO,HIGH,HIGH,NORMAL,False,ZERO,NORMAL,HIGH
HIGH,HIGH,HIGH,False,False,False,False,False,NORMAL,ONESIDED,HIGH,LOW,NORMAL,HIGH,HIGH,HIGH,HIGH,NORMAL,False,NORMAL,HIGH,HIGH
HIGH,NORMAL,LOW,False,False,False,False,False,NORMAL,NORMAL,LOW,LOW,NORMAL,HIGH,ZERO,HIGH,HIGH,NORMAL,False,ZERO,NORMAL,NORMAL
HIGH,NORMAL,LOW,False,False,False,False,False,NORMAL,NORMAL,LOW,LOW,NORMAL,HIGH,ZERO,HIGH,HIGH,NORMAL,False,ZERO,NORMAL,HIGH
HIGH,NORMAL,LOW,False,False,False,False,False,NORMAL,NORMAL,LOW,LOW,HIGH,HIGH,LOW,HIGH,HIGH,NORMAL,False,ZERO,NORMAL,HIGH
HIGH,NORMAL,LOW,False,False,False,False,False,NORMAL,NORMAL,LOW,LOW,NORMAL,HIGH,ZERO,HIGH,HIGH,NORMAL,False,ZERO,NORMAL,LOW
HIGH,NORMAL,LOW,False,False,False,False,True,LOW,NORMAL,LOW,LOW,NORMAL,NORMAL,ZERO,HIGH,HIGH,LOW,False,ZERO,NORMAL,NORMAL
LOW,NORMAL,ZERO,False,False,True,False,False,NORMAL,ONESIDED,ZERO,LOW,NORMAL,NORMAL,NORMAL,LOW,LOW,NORMAL,False,NORMAL,HIGH,HIGH
LOW,NORMAL,LOW,False,False,False,False,False,NORMAL,NORMAL,LOW,LOW,NORMAL,NORMAL,ZERO,LOW,LOW,NORMAL,False,ZERO,HIGH,NORMAL
NORMAL,NORMAL,LOW,False,False,False,False,False,NORMAL,NORMAL,LOW,LOW,NORMAL,HIGH,ZERO,HIGH,HIGH,NORMAL,False,ZERO,HIGH,HIGH
LOW,NORMAL,LOW,False,False,False,False,False,NORMAL,NORMAL,LOW,LOW,NORMAL,LOW,ZERO,LOW,LOW,NORMAL,False,ZERO,NORMAL,LOW
HIGH,NORMAL,LOW,False,False,False,False,False,LOW,NORMAL,LOW,LOW,NORMAL,HIGH,ZERO,HIGH,HIGH,LOW,False,ZERO,NORMAL,NORMAL
HIGH,NORMAL,LOW,False,False,False,False,False,HIGH,NORMAL,LOW,LOW,NORMAL,HIGH,ZERO,HIGH,HIGH,LOW,False,ZERO,NORMAL,NORMAL
HIGH,ZERO,ZERO,False,False,False,False,False,NORMAL,NORMAL,LOW,HIGH,NORMAL,HIGH,HIGH,HIGH,HIGH,NORMAL,False,HIGH,NORMAL,NORMAL
HIGH,LOW,ZERO,False,False,False,False,False,HIGH,NORMAL,LOW,HIGH,NORMAL,HIGH,ZERO,HIGH,HIGH,HIGH,False,HIGH,NORMAL,NORMAL
HIGH,NORMAL,LOW,False,False,True,False,False,NORMAL,ONESIDED,NORMAL,LOW,NORMAL,HIGH,ZERO,NORMAL,NORMAL,NORMAL,False,LOW,HIGH,LOW
HIGH,NORMAL,LOW,False,False,False,False,False,NORMAL,NORMAL,LOW,LOW,LOW,HIGH,ZERO,HIGH,LOW,NORMAL,False,ZERO,NORMAL,LOW
HIGH,ZERO,ZERO,False,False,False,False,False,NORMAL,NORMAL,LOW,LOW,NORMAL,HIGH,ZERO,HIGH,HIGH,NORMAL,False,ZERO,NORMAL,NORMAL
NORMAL,LOW,ZERO,False,False,False,True,True,LOW,NORMAL,LOW,LOW,NORMAL,NORMAL,ZERO,HIGH,HIGH,LOW,False,ZERO,NORMAL,NORMAL
HIGH,NORMAL,LOW,False,False,True,False,False,HIGH,NORMAL,LOW,LOW,NORMAL,LOW,ZERO,NORMAL,NORMAL,HIGH,False,ZERO,NORMAL,LOW
HIGH,NORMAL,ZERO,False,False,False,False,False,HIGH,NORMAL,LOW,NORMAL,NORMAL,NORMAL,ZERO,HIGH,HIGH,HIGH,True,ZERO,NORMAL,NORMAL
HIGH,NORMAL,LOW,False,False,False,False,False,NORMAL,NORMAL,LOW,LOW,NORMAL,HIGH,ZERO,HIGH,HIGH,LOW,False,ZERO,NORMAL,LOW
HIGH,NORMAL,LOW,False,False,False,False,False,NORMAL,NORMAL,LOW,LOW,NORMAL,HIGH,ZERO,HIGH,HIGH,NORMAL,False,ZERO,NORMAL,NORMAL
HIGH,NORMAL,LOW,False,False,False,False,False,NORMAL,NORMAL,LOW,LOW,NORMAL,HIGH,ZERO,LOW,HIGH,NORMAL,False,ZERO,NORMAL,HIGH
HIGH,NORMAL,LOW,False,False,False,False,False,NORMAL,NORMAL,LOW,LOW,NORMAL,HIGH,ZERO,HIGH,HIGH,NORMAL,False,ZERO,NORMAL,HIGH
HIGH,NORMAL,LOW,False,False,False,True,False,NORMAL,NORMAL,LOW,LOW,NORMAL,HIGH,ZERO,HIGH,HIGH,NORMAL,False,ZERO,NORMAL,NORMAL
HIGH,NORMAL,LOW,False,False,False,False,True,LOW,NORMAL,LOW,LOW,NORMAL,LOW,ZERO,HIGH,HIGH,LOW,False,ZERO,NORMAL,NORMAL
HIGH,LOW,HIGH,False,False,False,False,False,NORMAL,NORMAL,LOW,HIGH,NORMAL,HIGH,HIGH,HIGH,HIGH,NORMAL,False,HIGH,NORMAL,LOW
HIGH,LOW,ZERO,False,False,False,False,False,NORMAL,NORMAL,LOW,HIGH,NORMAL,LOW,NORMAL,HIGH,HIGH,NORMAL,False,HIGH,NORMAL,LOW
HIGH,NORMAL,LOW,False,False,False,False,False,NORMAL,NORMAL,LOW,LOW,HIGH,HIGH,ZERO,HIGH,HIGH,NORMAL,False,ZERO,NORMAL,LOW
HIGH,NORMAL,LOW,False,False,False,False,False,NORMAL,NORMAL,HIGH,LOW,NORMAL,LOW,ZERO,HIGH,HIGH,NORMAL,False,ZERO,NORMAL,HIGH
HIGH,NORMAL,ZERO,False,False,False,False,False,HIGH,NORMAL,LOW,LOW,NORMAL,HIGH,ZERO,HIGH,HIGH,HIGH,False,ZERO,NORMAL,NORMAL
HIGH,NORMAL,LOW,False,False,False,False,False,NORMAL,NORMAL,LOW,LOW,NORMAL,HIGH,ZERO,HIGH,HIGH,NORMAL,False,ZERO,NORMAL,HIGH
HIGH,NORMAL,LOW,False,False,False,False,False,HIGH,NORMAL,LOW,LOW,NORMAL,HIGH,ZERO,HIGH,HIGH,HIGH,False,ZERO,NORMAL,HIGH
HIGH,NORMAL,LOW,False,False,False,False,False,NORMAL,ONESIDED,LOW,LOW,NORMAL,NORMAL,NORMAL,HIGH,HIGH,NORMAL,False,NORMAL,HIGH,HIGH
HIGH,LOW,ZERO,False,False,False,False,False,NORMAL,NORMAL,ZERO,HIGH,NORMAL,HIGH,HIGH,HIGH,HIGH,NORMAL,False,HIGH,NORMAL,NORMAL
HIGH,ZERO,ZERO,False,False,False,False,False,HIGH,NORMAL,LOW,LOW,NORMAL,HIGH,ZERO,HIGH,HIGH,HIGH,False,ZERO,NORMAL,NORMAL
HIGH,NORMAL,LOW,False,False,False,False,False,NORMAL,NORMAL,LOW,LOW,NORMAL,HIGH,HIGH,HIGH,HIGH,NORMAL,False,ZERO,NORMAL,LOW
NORMAL,NORMAL,LOW,False,False,False,False,False,HIGH,NORMAL,HIGH,LOW,NORMAL,NORMAL,ZERO,LOW,LOW,HIGH,False,ZERO,NORMAL,HIGH
HIGH,LOW,ZERO,False,False,False,False,False,NORMAL,NORMAL,LOW,LOW,NORMAL,HIGH,ZERO,HIGH,LOW,NORMAL,False,ZERO,NORMAL,HIGH
HIGH,NORMAL,LOW,False,False,False,True,True,LOW,NORMAL,LOW,LOW,NORMAL,LOW,ZERO,HIGH,HIGH,LOW,False,ZERO,NORMAL,LOW
LOW,HIGH,NORMAL,False,False,False,False,False,NORMAL,ONESIDED,LOW,LOW,NORMAL,HIGH,NORMAL,LOW,LOW,NORMAL,False,NORMAL,HIGH,HIGH
LOW,NORMAL,LOW,False,False,False,False,False,NORMAL,NORMAL,LOW,LOW,NORMAL,NORMAL,ZERO,LOW,LOW,LOW,False,ZERO,NORMAL,NORMAL
HIGH,NORMAL,LOW,False,False,False,True,False,LOW,NORMAL,LOW,LOW,NORMAL,LOW,ZERO,HIGH,HIGH,LOW,False,ZERO,NORMAL,LOW
HIGH,NORMAL,LOW,False,False,False,False,False,NORMAL,NORMAL,LOW,HIGH,NORMAL,HIGH,HIGH,HIGH,HIGH,NORMAL,False,HIGH,NORMAL,NORMAL
HIGH,NORMAL,LOW,False,False,False,False,False,NORMAL,NORMAL,LOW,LOW,NORMAL,HIGH,ZERO,HIGH,HIGH,NORMAL,False,ZERO,NORMAL,NORMAL
LOW,LOW,ZERO,False,False,False,False,True,LOW,NORMAL,LOW,LOW,NORMAL,LOW,ZERO,LOW,LOW,LOW,True,ZERO,NORMAL,HIGH
HIGH,NORMAL,LOW,False,False,False,False,False,NORMAL,NORMAL,LOW,LOW,NORMAL,HIGH,ZERO,HIGH,HIGH,NORMAL,False,ZERO,NORMAL,HIGH
HIGH,NORMAL,LOW,False,False,False,True,False,NORMAL,NORMAL,LOW,LOW,NORMAL,HIGH,ZERO,HIGH,HIGH,NORMAL,False,ZERO,NORMAL,LOW
HIGH,NORMAL,LOW,False,False,False,False,False,HIGH,NORMAL,LOW,LOW,NORMAL,HIGH,ZERO,HIGH,HIGH,HIGH,False,ZERO,NORMAL,LOW
HIGH,NORMAL,LOW,False,False,False,False,False,NORMAL,NORMAL,LOW,LOW,NORMAL,HIGH,ZERO,HIGH,HIGH,NORMAL,False,ZERO,NORMAL,NORMAL
LOW,NORMAL,LOW,False,False,False,False,True,NORMAL,NORMAL,LOW,HIGH,NORMAL,LOW,ZERO,LOW,LOW,NORMAL,False,HIGH,NORMAL,HIGH
HIGH,NORMAL,ZERO,False,False,True,False,False,NORMAL,NORMAL,LOW,HIGH,NORMAL,HIGH,HIGH,NORMAL,NORMAL,NORMAL,False,HIGH,NORMAL,NORMAL
HIGH,NORMAL,LOW,False,False,False,False,False,NORMAL,NORMAL,LOW,LOW,NORMAL,HIGH,ZERO,HIGH,HIGH,NORMAL,False,ZERO,NORMAL,HIGH
HIGH,NORMAL,LOW,False,False,False,False,False,NORMAL,NORMAL,LOW,LOW,NORMAL,HIGH,ZERO,HIGH,HIGH,NORMAL,False,ZERO,NORMAL,LOW
HIGH,NORMAL,LOW,False,False,False,False,False,HIGH,NORMAL,LOW,LOW,NORMAL,HIGH,ZERO,HIGH,HIGH,HIGH,False,ZERO,HIGH,NORMAL
HIGH,NORMAL,LOW,False,False,False,False,False,NORMAL,NORMAL,LOW,LOW,NORMAL,HIGH,ZERO,HIGH,HIGH,NORMAL,False,ZERO,NORMAL,HIGH
LOW,NORMAL,LOW,False,False,False,True,False,NORMAL,NORMAL,ZERO,HIGH,NORMAL,NORMAL,HIGH,LOW,LOW,NORMAL,False,HIGH,NORMAL,HIGH
HIGH,NORMAL,LOW,False,False,False,True,False,NORMAL,NORMAL,LOW,LOW,NORMAL,HIGH,ZERO,HIGH,HIGH,NORMAL,False,ZERO,NORMAL,NORMAL
LOW,NORMAL,LOW,False,False,False,True,False,NORMAL,NORMAL,LOW,LOW,LOW,LOW,ZERO,HIGH,HIGH,HIGH,False,ZERO,NORMAL,LOW
HIGH,NORMAL,LOW,False,False,False,False,False,NORMAL,NORMAL,LOW,LOW,NORMAL,HIGH,ZERO,HIGH,HIGH,NORMAL,False,ZERO,NORMAL,NORMAL
HIGH,NORMAL,NORMAL,False,False,True,False,False,NORMAL,ONESIDED,NORMAL,LOW,NORMAL,HIGH,NORMAL,NORMAL,NORMAL,NORMAL,False,NORMAL,HIGH,LOW
HIGH,NORMAL,LOW,False,False,False,False,False,NORMAL,ONESIDED,NORMAL,LOW,NORMAL,HIGH,ZERO,HIGH,HIGH,NORMAL,False,LOW,HIGH,LOW
HIGH,NORMAL,LOW,False,False,False,False,False,NORMAL,NORMAL,LOW,LOW,NORMAL,HIGH,ZERO,HIGH,HIGH,NORMAL,True,ZERO,NORMAL,NORMAL
HIGH,NORMAL,LOW,False,False,False,True,False,NORMAL,NORMAL,LOW,LOW,NORMAL,HIGH,ZERO,HIGH,HIGH,NORMAL,False,ZERO,NORMAL,LOW
LOW,HIGH,HIGH,False,False,False,False,False,HIGH,NORMAL,LOW,HIGH,NORMAL,LOW,HIGH,LOW,LOW,HIGH,False,HIGH,NORMAL,NORMAL
HIGH,NORMAL,LOW,False,False,False,False,False,NORMAL,NORMAL,LOW,LOW,HIGH,HIGH,ZERO,HIGH,HIGH,NORMAL,False,ZERO,NORMAL,LOW
LOW,NORMAL,ZERO,False,False,False,False,False,NORMAL,NORMAL,ZERO,LOW,NORMAL,NORMAL,HIGH,LOW,LOW,LOW,False,NORMAL,NORMAL,HIGH
HIGH,NORMAL,LOW,False,False,False,False,False,NORMAL,NORMAL,LOW,LOW,NORMAL,NORMAL,ZERO,HIGH,HIGH,NORMAL,False,ZERO,NORMAL,HIGH
HIGH,NORMAL,LOW,False,False,False,False,False,HIGH,ESOPHAGEAL,LOW,LOW,NORMAL,HIGH,LOW,HIGH,HIGH,HIGH,False,LOW,NORMAL,HIGH
LOW,ZERO,ZERO,False,False,False,False,False,NORMAL,NORMAL,LOW,NORMAL,LOW,NORMAL,HIGH,LOW,LOW,NORMAL,False,HIGH,NORMAL,HIGH
HIGH,NORMAL,LOW,False,False,False,False,False,NORMAL,NORMAL,LOW,LOW,NORMAL,HIGH,ZERO,HIGH,HIGH,NORMAL,False,ZERO,NORMAL,HIGH
HIGH,ZERO,ZERO,False,False,False,False,False,NORMAL,NORMAL,LOW,LOW,NORMAL,HIGH,ZERO,HIGH,HIGH,LOW,False,ZERO,NORMAL,NORMAL
HIGH,NORMAL,LOW,False,False,False,False,False,NORMAL,NORMAL,LOW,LOW,NORMAL,HIGH,ZERO,HIGH,HIGH,NORMAL,False,ZERO,NORMAL,NORMAL
HIGH,NORMAL,LOW,False,False,False,False,False,NORMAL,NORMAL,LOW,LOW,NORMAL,HIGH,ZERO,HIGH,HIGH,NORMAL,False,ZERO,NORMAL,NORMAL
HIGH,NORMAL,LOW,False,False,False,False,False,NORMAL,NORMAL,LOW,LOW,LOW,HIGH,ZERO,HIGH,HIGH,NORMAL,False,ZERO,NORMAL,HIGH
HIGH,NORMAL,LOW,False,True,False,False,False,NORMAL,NORMAL,LOW,LOW,HIGH,NORMAL,ZERO,HIGH,HIGH,NORMAL,False,ZERO,NORMAL,LOW
HIGH,NORMAL,LOW,False,False,False,False,False,NORMAL,NORMAL,LOW,LOW,HIGH,HIGH,ZERO,HIGH,HIGH,NORMAL,False,ZERO,NORMAL,NORMAL
HIGH,LOW,ZERO,False,False,False,False,False,HIGH,NORMAL,LOW,HIGH,NORMAL,LOW,ZERO,HIGH,HIGH,HIGH,False,HIGH,NORMAL,NORMAL
HIGH,NORMAL,LOW,False,False,False,False,False,HIGH,NORMAL,LOW,LOW,NORMAL,LOW,ZERO,HIGH,HIGH,HIGH,False,ZERO,NORMAL,HIGH
LOW,NORMAL,ZERO,False,False,False,False,False,NORMAL,NORMAL,LOW,LOW,NORMAL,NORMAL,ZERO,LOW,LOW,NORMAL,False,ZERO,NORMAL,NORMAL
HIGH,NORMAL,LOW,False,False,False,False,False,NORMAL,NORMAL,LOW,LOW,NORMAL,HIGH,ZERO,HIGH,HIGH,NORMAL,False,ZERO,NORMAL,NORMAL
LOW,NORMAL,LOW,False,False,False,False,False,NORMAL,NORMAL,LOW,LOW,LOW,NORMAL,ZERO,LOW,LOW,NORMAL,False,ZERO,NORMAL,NORMAL
HIGH,NORMAL,LOW,False,False,True,False,False,NORMAL,NORMAL,LOW,LOW,NORMAL,HIGH,ZERO,NORMAL,NORMAL,NORMAL,False,ZERO,NORMAL,HIGH
NORMAL,HIGH,HIGH,False,False,False,False,False,NORMAL,NORMAL,ZERO,HIGH,NORMAL,HIGH,HIGH,HIGH,HIGH,HIGH,False,HIGH,NORMAL,NORMAL
NORMAL,NORMAL,LOW,False,False,False,False,True,LOW,NORMAL,LOW,LOW,NORMAL,LOW,ZERO,HIGH,HIGH,LOW,False,ZERO,NORMAL,LOW
HIGH,NORMAL,LOW,False,False,False,False,False,NORMAL,NORMAL,LOW,LOW,NORMAL,NORMAL,ZERO,HIGH,HIGH,NORMAL,False,ZERO,NORMAL,NORMAL
HIGH,LOW,ZERO,False,False,False,False,False,NORMAL,NORMAL,LOW,LOW,NORMAL,HIGH,ZERO,HIGH,HIGH,NORMAL,False,ZERO,NORMAL,LOW
HIGH,NORMAL,LOW,False,False,False,False,False,NORMAL,NORMAL,LOW,LOW,NORMAL,HIGH,ZERO,HIGH,HIGH,NORMAL,True,ZERO,NORMAL,HIGH
HIGH,NORMAL,LOW,False,False,False,False,False,NORMAL,NORMAL,LOW,LOW,NORMAL,HIGH,ZERO,HIGH,HIGH,NORMAL,False,ZERO,NORMAL,LOW
HIGH,NORMAL,LOW,False,False,False,False,False,NORMAL,ONESIDED,ZERO,LOW,NORMAL,HIGH,NORMAL,HIGH,HIGH,NORMAL,False,NORMAL,NORMAL,NORMAL
HIGH,NORMAL,LOW,False,False,False,False,False,NORMAL,NORMAL,LOW,LOW,NORMAL,HIGH,ZERO,HIGH,HIGH,NORMAL,False,ZERO,NORMAL,HIGH
HIGH,NORMAL,LOW,False,False,False,False,False,NORMAL,NORMAL,LOW,LOW,NORMAL,HIGH,ZERO,HIGH,HIGH,NORMAL,False,ZERO,NORMAL,HIGH
HIGH,NORMAL,LOW,False,False,False,False,False,HIGH,ONESIDED,NORMAL,LOW,NORMAL,NORMAL,LOW,HIGH,HIGH,HIGH,False,LOW,NORMAL,HIGH
LOW,NORMAL,ZERO,False,False,False,False,False,NORMAL,NORMAL,LOW,HIGH,NORMAL,NORMAL,HIGH,LOW,LOW,NORMAL,False,HIGH,NORMAL,HIGH
HIGH,NORMAL,LOW,False,False,False,False,False,NORMAL,NORMAL,LOW,LOW,NORMAL,HIGH,ZERO,HIGH,HIGH,NORMAL,False,ZERO,NORMAL,HIGH
HIGH,NORMAL,LOW,False,False,False,False,False,HIGH,NORMAL,LOW,LOW,NORMAL,LOW,HIGH,HIGH,HIGH,HIGH,False,ZERO,NORMAL,HIGH
HIGH,NORMAL,LOW,False,False,False,False,False,HIGH,NORMAL,LOW,LOW,NORMAL,HIGH,ZERO,HIGH,HIGH,HIGH,False,ZERO,NORMAL,NORMAL
HIGH,NORMAL,ZERO,False,False,False,False,False,HIGH,ESOPHAGEAL,LOW,LOW,NORMAL,LOW,LOW,HIGH,HIGH,HIGH,True,LOW,NORMAL,HIGH
HIGH,NORMAL,LOW,False,False,False,False,False,NORMAL,NORMAL,LOW,LOW,NORMAL,HIGH,ZERO,HIGH,HIGH,NORMAL,False,ZERO,NORMAL,HIGH
HIGH,LOW,ZERO,False,False,False,False,False,NORMAL,NORMAL,LOW,HIGH,NORMAL,HIGH,HIGH,HIGH,HIGH,NORMAL,False,HIGH,NORMAL,LOW
HIGH,NORMAL,LOW,False,False,False,False,False,NORMAL,NORMAL,LOW,LOW,NORMAL,HIGH,ZERO,HIGH,HIGH,NORMAL,False,ZERO,NORMAL,NORMAL
HIGH,HIGH,HIGH,False,False,False,False,False,NORMAL,NORMAL,LOW,HIGH,NORMAL,NORMAL,HIGH,HIGH,HIGH,NORMAL,False,HIGH,NORMAL,HIGH
HIGH,NORMAL,LOW,False,False,False,False,False,NORMAL,NORMAL,LOW,LOW,NORMAL,HIGH,ZERO,HIGH,HIGH,NORMAL,False,ZERO,NORMAL,LOW
HIGH,NORMAL,LOW,False,False,False,False,False,HIGH,NORMAL,LOW,LOW,NORMAL,HIGH,ZERO,HIGH,HIGH,HIGH,False,ZERO,NORMAL,NORMAL
LOW,NORMAL,LOW,False,False,False,False,False,HIGH,NORMAL,LOW,LOW,NORMAL,LOW,ZERO,LOW,HIGH,HIGH,False,NORMAL,NORMAL,HIGH
NORMAL,NORMAL,LOW,False,False,False,False,False,NORMAL,NORMAL,LOW,LOW,NORMAL,LOW,ZERO,NORMAL,NORMAL,NORMAL,False,ZERO,NORMAL,NORMAL
HIGH,HIGH,HIGH,False,False,False,True,False,NORMAL,NORMAL,LOW,HIGH,NORMAL,LOW,HIGH,HIGH,HIGH,NORMAL,False,HIGH,NORMAL,LOW
HIGH,NORMAL,LOW,False,False,False,False,False,NORMAL,NORMAL,LOW,LOW,NORMAL,HIGH,ZERO,HIGH,HIGH,NORMAL,True,ZERO,NORMAL,NORMAL
LOW,NORMAL,LOW,False,False,False,True,False,NORMAL,NORMAL,LOW,LOW,HIGH,LOW,ZERO,LOW,LOW,NORMAL,False,ZERO,NORMAL,LOW
HIGH,LOW,ZERO,False,False,False,False,False,NORMAL,NORMAL,LOW,LOW,HIGH,HIGH,ZERO,HIGH,HIGH,NORMAL,False,ZERO,NORMAL,HIGH
HIGH,NORMAL,LOW,False,False,False,False,False,NORMAL,NORMAL,LOW,LOW,NORMAL,HIGH,ZERO,HIGH,HIGH,NORMAL,False,ZERO,NORMAL,NORMAL
HIGH,HIGH,HIGH,False,False,False,False,False,HIGH,NORMAL,LOW,HIGH,NORMAL,HIGH,HIGH,HIGH,HIGH,HIGH,False,HIGH,NORMAL,NORMAL
HIGH,NORMAL,LOW,False,False,True,False,False,HIGH,NORMAL,LOW,LOW,NORMAL,HIGH,ZERO,NORMAL,NORMAL,HIGH,False,ZERO,NORMAL,NORMAL
HIGH,ZERO,ZERO,False,False,False,False,False,NORMAL,NORMAL,LOW,LOW,NORMAL,HIGH,ZERO,HIGH,HIGH,NORMAL,False,ZERO,NORMAL,LOW
NORMAL,NORMAL,LOW,False,False,False,False,False,NORMAL,NORMAL,LOW,LOW,NORMAL,HIGH,ZERO,HIGH,HIGH,NORMAL,False,ZERO,NORMAL,LOW
HIGH,NORMAL,LOW,False,False,False,False,False,NORMAL,NORMAL,LOW,LOW,NORMAL,HIGH,ZERO,HIGH,HIGH,NORMAL,False,ZERO,NORMAL,LOW
HIGH,HIGH,HIGH,False,False,False,True,False,NORMAL,NORMAL,NORMAL,LOW,HIGH,HIGH,HIGH,HIGH,HIGH,NORMAL,False,ZERO,NORMAL,HIGH
HIGH,NORMAL,LOW,False,False,False,False,False,NORMAL,NORMAL,LOW,LOW,NORMAL,HIGH,ZERO,HIGH,HIGH,NORMAL,False,ZERO,NORMAL,NORMAL
HIGH,NORMAL,LOW,False,False,False,False,False,NORMAL,NORMAL,LOW,LOW,NORMAL,HIGH,ZERO,HIGH,HIGH,NORMAL,False,ZERO,NORMAL,NORMAL
LOW,LOW,ZERO,False,False,False,False,False,NORMAL,NORMAL,ZERO,HIGH,NORMAL,NORMAL,HIGH,LOW,LOW,NORMAL,False,HIGH,NORMAL,HIGH
HIGH,LOW,ZERO,False,False,False,False,False,NORMAL,NORMAL,LOW,LOW,NORMAL,HIGH,ZERO,HIGH,LOW,NORMAL,True,ZERO,NORMAL,LOW
LOW,NORMAL,LOW,False,False,False,False,False,NORMAL,NORMAL,LOW,NORMAL,NORMAL,NORMAL,ZERO,LOW,LOW,NORMAL,False,ZERO,NORMAL,HIGH
NORMAL,NORMAL,LOW,False,False,False,False,False,NORMAL,NORMAL,HIGH,HIGH,NORMAL,HIGH,LOW,LOW,LOW,NORMAL,False,LOW,NORMAL,HIGH
LOW,NORMAL,LOW,False,False,False,True,False,NORMAL,NORMAL,LOW,LOW,NORMAL,NORMAL,ZERO,LOW,LOW,LOW,False,ZERO,NORMAL,LOW
LOW,HIGH,HIGH,False,False,False,True,False,NORMAL,NORMAL,LOW,HIGH,NORMAL,NORMAL,HIGH,LOW,LOW,NORMAL,False,HIGH,NORMAL,HIGH
HIGH,NORMAL,LOW,False,False,False,False,False,NORMAL,NORMAL,LOW,LOW,LOW,HIGH,ZERO,HIGH,HIGH,NORMAL,False,ZERO,NORMAL,HIGH
HIGH,NORMAL,LOW,False,False,False,False,False,LOW,NORMAL,LOW,LOW,NORMAL,HIGH,ZERO,HIGH,HIGH,LOW,False,ZERO,NORMAL,NORMAL
NORMAL,NORMAL,LOW,False,False,False,True,False,HIGH,NORMAL,LOW,LOW,NORMAL,LOW,ZERO,HIGH,HIGH,HIGH,False,ZERO,NORMAL,HIGH
HIGH,NORMAL,LOW,False,False,False,False,False,HIGH,NORMAL,LOW,LOW,LOW,HIGH,ZERO,HIGH,HIGH,HIGH,False,NORMAL,NORMAL,LOW
HIGH,NORMAL,LOW,False,False,False,False,False,NORMAL,NORMAL,LOW,LOW,NORMAL,HIGH,ZERO,HIGH,HIGH,NORMAL,False,ZERO,NORMAL,HIGH
NORMAL,NORMAL,LOW,False,False,False,True,False,HIGH,NORMAL,LOW,LOW,NORMAL,LOW,ZERO,HIGH,HIGH,HIGH,False,ZERO,NORMAL,LOW
HIGH,NORMAL,LOW,False,False,False,False,False,NORMAL,NORMAL,LOW,LOW,NORMAL,HIGH,ZERO,HIGH,HIGH,NORMAL,False,ZERO,NORMAL,LOW
HIGH,NORMAL,LOW,False,False,False,False,False,NORMAL,NORMAL,LOW,LOW,NORMAL,HIGH,ZERO,HIGH,HIGH,NORMAL,False,ZERO,NORMAL,HIGH
HIGH,NORMAL,LOW,False,False,False,False,False,NORMAL,NORMAL,LOW,LOW,NORMAL,HIGH,ZERO,HIGH,HIGH,NORMAL,False,ZERO,NORMAL,NORMAL
HIGH,NORMAL,LOW,False,False,False,False,False,LOW,NORMAL,LOW,LOW,NORMAL,HIGH,ZERO,HIGH,HIGH,LOW,False,ZERO,NORMAL,NORMAL
HIGH,NORMAL,LOW,False,False,False,False,False,HIGH,NORMAL,LOW,LOW,NORMAL,NORMAL,ZERO,HIGH,HIGH,HIGH,False,ZERO,NORMAL,NORMAL
LOW,NORMAL,LOW,False,False,False,False,False,NORMAL,NORMAL,LOW,LOW,NORMAL,LOW,ZERO,LOW,LOW,NORMAL,False,ZERO,NORMAL,LOW
NORMAL,LOW,ZERO,False,False,False,False,False,NORMAL,NORMAL,LOW,HIGH,LOW,HIGH,HIGH,HIGH,HIGH,NORMAL,False,HIGH,HIGH,NORMAL
HIGH,NORMAL,LOW,False,False,False,False,False,NORMAL,NORMAL,LOW,LOW,NORMAL,HIGH,ZERO,HIGH,HIGH,NORMAL,False,ZERO,NORMAL,NORMAL
LOW,NORMAL,HIGH,False,False,False,False,False,NORMAL,NORMAL,LOW,HIGH,NORMAL,NORMAL,HIGH,LOW,LOW,NORMAL,False,HIGH,NORMAL,HIGH
HIGH,LOW,ZERO,False,False,False,False,False,NORMAL,NORMAL,LOW,LOW,NORMAL,LOW,ZERO,HIGH,HIGH,NORMAL,False,ZERO,NORMAL,NORMAL
HIGH,NORMAL,LOW,False,False,False,False,False,NORMAL,NORMAL,LOW,LOW,NORMAL,HIGH,ZERO,HIGH,HIGH,NORMAL,False,ZERO,NORMAL,LOW
HIGH,NORMAL,LOW,False,False,False,False,False,NORMAL,NORMAL,HIGH,LOW,NORMAL,HIGH,LOW,HIGH,HIGH,LOW,False,LOW,NORMAL,LOW
LOW,LOW,ZERO,False,False,False,False,False,NORMAL,NORMAL,LOW,HIGH,NORMAL,NORMAL,HIGH,LOW,LOW,NORMAL,False,HIGH,NORMAL,HIGH
LOW,NORMAL,LOW,False,False,False,False,False,LOW,NORMAL,LOW,LOW,NORMAL,NORMAL,ZERO,LOW,LOW,LOW,False,ZERO,NORMAL,HIGH
LOW,NORMAL,LOW,False,False,False,False,False,NORMAL,NORMAL,LOW,LOW,NORMAL,NORMAL,ZERO,LOW,LOW,NORMAL,False,NORMAL,NORMAL,HIGH
HIGH,NORMAL,LOW,False,False,False,False,False,NORMAL,NORMAL,LOW,LOW,HIGH,HIGH,ZERO,HIGH,HIGH,NORMAL,False,ZERO,NORMAL,HIGH
HIGH,NORMAL,ZERO,False,False,False,False,False,NORMAL,NORMAL,LOW,LOW,NORMAL,HIGH,ZERO,HIGH,HIGH,NORMAL,False,ZERO,NORMAL,NORMAL
HIGH,NORMAL,LOW,False,False,False,False,False,HIGH,NORMAL,LOW,LOW,NORMAL,HIGH,ZERO,HIGH,HIGH,HIGH,False,ZERO,NORMAL,LOW
HIGH,NORMAL,LOW,False,False,False,False,False,NORMAL,NORMAL,LOW,LOW,NORMAL,HIGH,ZERO,HIGH,HIGH,NORMAL,False,ZERO,NORMAL,NORMAL
LOW,NORMAL,LOW,False,False,False,False,False,NORMAL,NORMAL,LOW,LOW,NORMAL,NORMAL,ZERO,LOW,LOW,LOW,False,ZERO,NORMAL,LOW
HIGH,NORMAL,LOW,False,False,False,False,False,HIGH,NORMAL,NORMAL,LOW,LOW,HIGH,LOW,HIGH,HIGH,HIGH,False,NORMAL,NORMAL,NORMAL
HIGH,NORMAL,LOW,False,False,False,True,False,HIGH,NORMAL,LOW,LOW,NORMAL,LOW,ZERO,HIGH,HIGH,HIGH,False,ZERO,NORMAL,NORMAL
NORMAL,NORMAL,ZERO,False,False,False,False,False,HIGH,NORMAL,LOW,LOW,NORMAL,NORMAL,HIGH,HIGH,HIGH,HIGH,False,HIGH,NORMAL,HIGH
HIGH,NORMAL,LOW,False,False,False,False,False,NORMAL,NORMAL,LOW,LOW,NORMAL,HIGH,ZERO,HIGH,HIGH,NORMAL,False,ZERO,NORMAL,HIGH
HIGH,NORMAL,LOW,False,False,False,False,False,NORMAL,ESOPHAGEAL,NORMAL,LOW,NORMAL,HIGH,ZERO,HIGH,HIGH,NORMAL,False,ZERO,NORMAL,LOW
HIGH,NORMAL,LOW,False,False,False,False,False,HIGH,NORMAL,LOW,LOW,NORMAL,HIGH,ZERO,HIGH,HIGH,NORMAL,False,ZERO,NORMAL,LOW
HIGH,HIGH,HIGH,False,False,False,False,False,NORMAL,NORMAL,LOW,HIGH,NORMAL,HIGH,HIGH,HIGH,HIGH,NORMAL,False,HIGH,NORMAL,LOW
HIGH,NORMAL,ZERO,False,False,False,False,False,NORMAL,NORMAL,ZERO,HIGH,NORMAL,NORMAL,HIGH,HIGH,HIGH,NORMAL,False,HIGH,NORMAL,NORMAL
HIGH,ZERO,ZERO,False,False,True,False,False,NORMAL,NORMAL,LOW,HIGH,NORMAL,HIGH,HIGH,NORMAL,NORMAL,NORMAL,False,HIGH,NORMAL,NORMAL
HIGH,NORMAL,LOW,False,False,False,False,False,HIGH,NORMAL,LOW,LOW,NORMAL,LOW,ZERO,HIGH,HIGH,HIGH,False,ZERO,NORMAL,NORMAL
NORMAL,NORMAL,LOW,False,False,False,False,False,NORMAL,NORMAL,LOW,LOW,NORMAL,HIGH,ZERO,HIGH,HIGH,NORMAL,False,ZERO,HIGH,NORMAL
HIGH,NORMAL,ZERO,False,False,False,False,False,NORMAL,NORMAL,LOW,HIGH,NORMAL,HIGH,HIGH,HIGH,HIGH,NORMAL,False,HIGH,NORMAL,NORMAL
HIGH,NORMAL,LOW,False,False,False,False,False,HIGH,NORMAL,LOW,LOW,NORMAL,LOW,ZERO,HIGH,HIGH,HIGH,False,ZERO,NORMAL,HIGH
HIGH,NORMAL,LOW,False,False,True,False,False,HIGH,NORMAL,LOW,LOW,NORMAL,HIGH,ZERO,NORMAL,NORMAL,HIGH,False,ZERO,NORMAL,LOW
HIGH,ZERO,ZERO,False,False,False,False,False,NORMAL,NORMAL,LOW,HIGH,NORMAL,HIGH,HIGH,HIGH,HIGH,NORMAL,False,HIGH,HIGH,NORMAL
HIGH,NORMAL,LOW,False,False,False,False,False,NORMAL,NORMAL,LOW,LOW,NORMAL,HIGH,ZERO,HIGH,HIGH,NORMAL,False,ZERO,NORMAL,NORMAL
HIGH,NORMAL,LOW,False,False,False,True,False,NORMAL,ONESIDED,NORMAL,LOW,NORMAL,HIGH,LOW,HIGH,HIGH,NORMAL,False,LOW,HIGH,NORMAL
LOW,NORMAL,LOW,False,False,False,False,False,NORMAL,NORMAL,LOW,LOW,NORMAL,LOW,ZERO,HIGH,HIGH,NORMAL,False,ZERO,NORMAL,HIGH
HIGH,NORMAL,LOW,False,False,False,False,False,NORMAL,NORMAL,LOW,LOW,NORMAL,LOW,ZERO,HIGH,HIGH,NORMAL,False,ZERO,NORMAL,HIGH
LOW,NORMAL,LOW,False,False,False,False,False,NORMAL,NORMAL,LOW,LOW,NORMAL,NORMAL,ZERO,LOW,LOW,NORMAL,False,ZERO,NORMAL,HIGH
HIGH,NORMAL,LOW,False,False,False,False,False,NORMAL,NORMAL,LOW,LOW,NORMAL,HIGH,ZERO,HIGH,HIGH,NORMAL,False,ZERO,NORMAL,HIGH
HIGH,NORMAL,LOW,False,False,False,False,False,HIGH,NORMAL,LOW,LOW,NORMAL,LOW,ZERO,HIGH,HIGH,HIGH,False,ZERO,NORMAL,LOW
HIGH,NORMAL,LOW,False,False,False,False,False,NORMAL,NORMAL,LOW,LOW,NORMAL,HIGH,ZERO,HIGH,HIGH,NORMAL,False,ZERO,NORMAL,HIGH
HIGH,NORMAL,ZERO,False,False,False,False,False,HIGH,NORMAL,LOW,LOW,NORMAL,NORMAL,ZERO,HIGH,HIGH,HIGH,False,ZERO,NORMAL,HIGH
HIGH,NORMAL,LOW,False,False,False,False,False,NORMAL,NORMAL,LOW,LOW,NORMAL,HIGH,ZERO,HIGH,HIGH,NORMAL,False,ZERO,HIGH,NORMAL
HIGH,LOW,ZERO,False,False,False,False,False,NORMAL,NORMAL,LOW,LOW,NORMAL,HIGH,ZERO,HIGH,LOW,NORMAL,False,ZERO,HIGH,NORMAL
HIGH,NORMAL,LOW,False,False,True,False,False,NORMAL,NORMAL,LOW,LOW,NORMAL,HIGH,ZERO,NORMAL,NORMAL,NORMAL,False,ZERO,NORMAL,HIGH
NORMAL,NORMAL,LOW,False,False,False,False,False,HIGH,NORMAL,LOW,LOW,NORMAL,LOW,ZERO,LOW,LOW,HIGH,False,ZERO,NORMAL,HIGH
HIGH,LOW,ZERO,False,False,False,False,False,NORMAL,NORMAL,ZERO,HIGH,NORMAL,HIGH,HIGH,HIGH,HIGH,NORMAL,False,HIGH,NORMAL,NORMAL
HIGH,NORMAL,LOW,False,False,False,False,False,NORMAL,NORMAL,LOW,LOW,NORMAL,HIGH,ZERO,HIGH,HIGH,NORMAL,False,ZERO,NORMAL,NORMAL
HIGH,NORMAL,LOW,False,False,False,False,False,NORMAL,NORMAL,LOW,LOW,NORMAL,HIGH,ZERO,HIGH,HIGH,NORMAL,False,ZERO,NORMAL,HIGH
HIGH,NORMAL,LOW,False,False,False,False,False,NORMAL,NORMAL,LOW,LOW,NORMAL,HIGH,ZERO,HIGH,HIGH,NORMAL,True,ZERO,NORMAL,LOW
HIGH,NORMAL,LOW,False,False,False,False,False,HIGH,NORMAL,LOW,LOW,NORMAL,HIGH,ZERO,HIGH,HIGH,HIGH,False,ZERO,NORMAL,NORMAL
HIGH,NORMAL,LOW,False,False,False,False,False,NORMAL,NORMAL,LOW,LOW,NORMAL,HIGH,ZERO,HIGH,HIGH,NORMAL,False,ZERO,NORMAL,LOW
HIGH,NORMAL,LOW,False,False,False,False,False,NORMAL,NORMAL,LOW,LOW,LOW,HIGH,ZERO,HIGH,HIGH,NORMAL,False,ZERO,NORMAL,HIGH
HIGH,NORMAL,LOW,False,False,False,False,False,NORMAL,NORMAL,LOW,LOW,NORMAL,HIGH,ZERO,HIGH,HIGH,NORMAL,False,ZERO,NORMAL,NORMAL
HIGH,NORMAL,LOW,False,False,False,False,False,HIGH,NORMAL,LOW,LOW,NORMAL,HIGH,ZERO,HIGH,HIGH,LOW,False,ZERO,NORMAL,NORMAL
HIGH,NORMAL,LOW,False,False,False,False,False,NORMAL,NORMAL,LOW,LOW,NORMAL,HIGH,ZERO,HIGH,HIGH,NORMAL,False,ZERO,NORMAL,NORMAL
HIGH,NORMAL,LOW,False,False,False,False,False,NORMAL,NORMAL,LOW,LOW,NORMAL,HIGH,ZERO,HIGH,HIGH,NORMAL,False,ZERO,NORMAL,NORMAL
HIGH,NORMAL,ZERO,False,False,True,True,False,NORMAL,NORMAL,ZERO,HIGH,HIGH,HIGH,HIGH,NORMAL,NORMAL,NORMAL,False,HIGH,NORMAL,NORMAL
HIGH,NORMAL,LOW,False,False,False,False,False,NORMAL,NORMAL,HIGH,LOW,NORMAL,HIGH,ZERO,HIGH,HIGH,NORMAL,False,ZERO,NORMAL,NORMAL
HIGH,LOW,ZERO,False,False,False,False,False,LOW,NORMAL,LOW,LOW,NORMAL,HIGH,ZERO,HIGH,HIGH,LOW,False,ZERO,NORMAL,HIGH
HIGH,NORMAL,LOW,False,False,False,False,False,LOW,NORMAL,LOW,LOW,NORMAL,HIGH,ZERO,HIGH,HIGH,LOW,False,ZERO,NORMAL,HIGH
LOW,NORMAL,ZERO,False,False,True,False,True,LOW,NORMAL,LOW,HIGH,NORMAL,LOW,HIGH,HIGH,NORMAL,NORMAL,False,HIGH,NORMAL,HIGH
HIGH,NORMAL,LOW,False,False,False,False,False,HIGH,NORMAL,LOW,LOW,NORMAL,NORMAL,ZERO,HIGH,HIGH,HIGH,False,ZERO,NORMAL,HIGH
HIGH,NORMAL,LOW,False,False,False,False,False,NORMAL,NORMAL,LOW,LOW,NORMAL,HIGH,ZERO,HIGH,HIGH,NORMAL,False,ZERO,NORMAL,HIGH
HIGH,ZERO,ZERO,False,False,False,False,False,NORMAL,ESOPHAGEAL,LOW,LOW,LOW,HIGH,LOW,HIGH,HIGH,NORMAL,False,LOW,NORMAL,NORMAL
HIGH,NORMAL,LOW,False,False,False,False,False,NORMAL,NORMAL,LOW,LOW,NORMAL,HIGH,ZERO,HIGH,HIGH,NORMAL,False,ZERO,NORMAL,HIGH
HIGH,NORMAL,LOW,False,False,False,False,False,NORMAL,NORMAL,LOW,LOW,LOW,LOW,ZERO,HIGH,HIGH,NORMAL,False,ZERO,NORMAL,NORMAL
HIGH,NORMAL,LOW,False,False,False,False,False,NORMAL,NORMAL,LOW,HIGH,NORMAL,HIGH,HIGH,HIGH,HIGH,NORMAL,False,HIGH,NORMAL,LOW
LOW,NORMAL,ZERO,False,False,True,False,False,NORMAL,NORMAL,ZERO,HIGH,NORMAL,NORMAL,HIGH,NORMAL,LOW,NORMAL,False,HIGH,NORMAL,NORMAL
HIGH,HIGH,HIGH,False,False,True,False,False,NORMAL,NORMAL,LOW,HIGH,NORMAL,HIGH,HIGH,NORMAL,NORMAL,NORMAL,False,HIGH,NORMAL,LOW
LOW,NORMAL,LOW,False,False,False,False,False,NORMAL,NORMAL,LOW,LOW,NORMAL,NORMAL,ZERO,LOW,LOW,NORMAL,False,ZERO,NORMAL,HIGH
HIGH,NORMAL,LOW,False,False,False,False,False,NORMAL,NORMAL,LOW,LOW,NORMAL,HIGH,ZERO,HIGH,HIGH,NORMAL,False,ZERO,NORMAL,HIGH
HIGH,HIGH,HIGH,False,False,False,False,False,NORMAL,NORMAL,ZERO,HIGH,NORMAL,NORMAL,HIGH,HIGH,HIGH,NORMAL,False,HIGH,HIGH,NORMAL
HIGH,NORMAL,ZERO,False,False,False,False,False,HIGH,NORMAL,LOW,HIGH,NORMAL,LOW,HIGH,HIGH,HIGH,HIGH,False,HIGH,NORMAL,LOW
HIGH,NORMAL,ZERO,False,False,False,True,True,LOW,NORMAL,LOW,HIGH,NORMAL,LOW,HIGH,HIGH,HIGH,LOW,False,HIGH,NORMAL,LOW
HIGH,NORMAL,NORMAL,False,False,False,False,False,NORMAL,NORMAL,HIGH,LOW,NORMAL,HIGH,LOW,HIGH,HIGH,NORMAL,False,LOW,NORMAL,NORMAL
LOW,NORMAL,LOW,False,False,False,False,False,NORMAL,NORMAL,LOW,LOW,NORMAL,HIGH,ZERO,HIGH,HIGH,NORMAL,False,ZERO,NORMAL,NORMAL
HIGH,HIGH,NORMAL,False,False,False,False,False,NORMAL,NORMAL,HIGH,LOW,NORMAL,HIGH,LOW,HIGH,HIGH,LOW,False,LOW,NORMAL,HIGH
HIGH,NORMAL,LOW,False,False,False,False,False,NORMAL,NORMAL,LOW,LOW,NORMAL,HIGH,ZERO,LOW,HIGH,NORMAL,False,ZERO,NORMAL,HIGH
LOW,NORMAL,LOW,False,False,True,False,False,NORMAL,NORMAL,LOW,LOW,NORMAL,NORMAL,ZERO,NORMAL,NORMAL,NORMAL,False,ZERO,NORMAL,HIGH
HIGH,NORMAL,LOW,False,False,False,False,False,HIGH,NORMAL,LOW,LOW,NORMAL,LOW,ZERO,HIGH,HIGH,HIGH,False,ZERO,NORMAL,LOW
HIGH,HIGH,HIGH,True,False,False,False,False,NORMAL,NORMAL,LOW,HIGH,NORMAL,HIGH,HIGH,HIGH,HIGH,NORMAL,False,HIGH,NORMAL,LOW
HIGH,NORMAL,LOW,False,False,False,False,False,HIGH,NORMAL,LOW,LOW,NORMAL,HIGH,ZERO,HIGH,HIGH,HIGH,False,ZERO,NORMAL,NORMAL
HIGH,NORMAL,LOW,False,False,False,False,False,HIGH,NORMAL,LOW,LOW,NORMAL,HIGH,ZERO,HIGH,HIGH,HIGH,False,ZERO,NORMAL,NORMAL
HIGH,NORMAL,LOW,False,False,False,True,False,NORMAL,NORMAL,LOW,LOW,NORMAL,HIGH,ZERO,HIGH,HIGH,NORMAL,False,ZERO,NORMAL,NORMAL
HIGH,NORMAL,LOW,False,False,False,False,False,NORMAL,NORMAL,LOW,LOW,NORMAL,HIGH,ZERO,HIGH,LOW,NORMAL,False,ZERO,NORMAL,NORMAL
HIGH,NORMAL,LOW,False,False,False,False,False,HIGH,NORMAL,LOW,LOW,NORMAL,LOW,ZERO,HIGH,HIGH,HIGH,False,ZERO,NORMAL,HIGH
HIGH,NORMAL,LOW,False,False,False,False,False,NORMAL,NORMAL,ZERO,HIGH,HIGH,HIGH,ZERO,HIGH,HIGH,HIGH,False,HIGH,NORMAL,LOW
HIGH,NORMAL,LOW,False,False,False,False,False,NORMAL,NORMAL,LOW,LOW,NORMAL,HIGH,ZERO,HIGH,HIGH,NORMAL,False,ZERO,NORMAL,LOW
HIGH,NORMAL,LOW,False,False,False,False,False,NORMAL,NORMAL,LOW,LOW,NORMAL,HIGH,ZERO,HIGH,HIGH,NORMAL,False,ZERO,NORMAL,NORMAL
HIGH,NORMAL,LOW,False,False,True,True,False,NORMAL,NORMAL,LOW,LOW,NORMAL,HIGH,ZERO,NORMAL,NORMAL,NORMAL,False,ZERO,NORMAL,HIGH
NORMAL,LOW,ZERO,False,False,False,False,False,NORMAL,NORMAL,LOW,HIGH,LOW,HIGH,HIGH,HIGH,HIGH,NORMAL,False,HIGH,NORMAL,NORMAL
HIGH,NORMAL,LOW,False,False,False,False,True,LOW,NORMAL,LOW,LOW,NORMAL,LOW,ZERO,HIGH,HIGH,LOW,False,ZERO,NORMAL,HIGH
HIGH,NORMAL,LOW,False,False,False,False,False,NORMAL,NORMAL,LOW,LOW,NORMAL,HIGH,ZERO,HIGH,HIGH,NORMAL,False,ZERO,NORMAL,HIGH
HIGH,HIGH,HIGH,False,False,False,False,False,NORMAL,NORMAL,LOW,HIGH,NORMAL,HIGH,HIGH,HIGH,HIGH,NORMAL,False,HIGH,NORMAL,NORMAL
LOW,NORMAL,LOW,False,True,True,False,False,NORMAL,NORMAL,LOW,LOW,NORMAL,NORMAL,ZERO,LOW,LOW,NORMAL,True,ZERO,HIGH,HIGH
LOW,NORMAL,LOW,False,False,False,False,False,NORMAL,ONESIDED,LOW,LOW,NORMAL,NORMAL,NORMAL,LOW,LOW,NORMAL,False,NORMAL,HIGH,NORMAL
HIGH,ZERO,ZERO,False,False,False,False,False,NORMAL,ESOPHAGEAL,LOW,LOW,NORMAL,HIGH,LOW,HIGH,HIGH,NORMAL,False,LOW,NORMAL,LOW
HIGH,NORMAL,LOW,False,False,False,False,False,NORMAL,ONESIDED,NORMAL,LOW,NORMAL,HIGH,LOW,HIGH,HIGH,NORMAL,False,LOW,HIGH,HIGH
LOW,NORMAL,LOW,False,False,False,False,False,NORMAL,NORMAL,LOW,LOW,NORMAL,NORMAL,ZERO,LOW,LOW,NORMAL,False,ZERO,NORMAL,NORMAL
HIGH,NORMAL,LOW,True,False,False,False,False,NORMAL,NORMAL,LOW,LOW,HIGH,HIGH,ZERO,HIGH,HIGH,NORMAL,False,ZERO,NORMAL,LOW
NORMAL,NORMAL,LOW,False,False,False,False,False,HIGH,ESOPHAGEAL,LOW,LOW,NORMAL,HIGH,LOW,HIGH,HIGH,HIGH,False,LOW,NORMAL,LOW
HIGH,NORMAL,LOW,False,False,False,False,False,NORMAL,NORMAL,LOW,LOW,NORMAL,HIGH,ZERO,HIGH,HIGH,NORMAL,False,ZERO,NORMAL,LOW
HIGH,NORMAL,LOW,False,False,False,True,False,NORMAL,NORMAL,NORMAL,LOW,NORMAL,HIGH,ZERO,HIGH,HIGH,NORMAL,False,ZERO,NORMAL,HIGH
HIGH,NORMAL,NORMAL,False,False,False,False,False,NORMAL,NORMAL,HIGH,LOW,NORMAL,HIGH,LOW,HIGH,HIGH,NORMAL,False,LOW,NORMAL,NORMAL
HIGH,NORMAL,LOW,False,False,False,False,False,NORMAL,NORMAL,LOW,LOW,HIGH,HIGH,ZERO,HIGH,HIGH,NORMAL,False,ZERO,NORMAL,NORMAL
HIGH,NORMAL,LOW,False,False,False,False,False,NORMAL,NORMAL,LOW,LOW,NORMAL,HIGH,ZERO,HIGH,HIGH,NORMAL,False,ZERO,NORMAL,HIGH
HIGH,NORMAL,LOW,False,False,False,False,False,NORMAL,NORMAL,LOW,LOW,NORMAL,HIGH,ZERO,HIGH,HIGH,NORMAL,False,ZERO,NORMAL,HIGH
HIGH,HIGH,HIGH,False,False,False,False,False,NORMAL,NORMAL,LOW,HIGH,NORMAL,HIGH,HIGH,HIGH,HIGH,NORMAL,False,HIGH,NORMAL,NORMAL
HIGH,NORMAL,LOW,False,False,False,False,False,NORMAL,NORMAL,LOW,LOW,NORMAL,HIGH,ZERO,HIGH,HIGH,NORMAL,False,ZERO,NORMAL,NORMAL
LOW,NORMAL,LOW,False,False,False,True,False,NORMAL,NORMAL,LOW,HIGH,NORMAL,NORMAL,HIGH,LOW,LOW,NORMAL,False,HIGH,NORMAL,NORMAL
LOW,NORMAL,LOW,False,False,False,False,False,NORMAL,NORMAL,LOW,LOW,NORMAL,NORMAL,ZERO,LOW,LOW,NORMAL,True,ZERO,NORMAL,NORMAL
NORMAL,NORMAL,LOW,False,False,False,False,False,NORMAL,ONESIDED,LOW,LOW,NORMAL,HIGH,NORMAL,HIGH,HIGH,NORMAL,False,NORMAL,HIGH,NORMAL
HIGH,NORMAL,LOW,False,False,False,False,False,HIGH,NORMAL,LOW,HIGH,NORMAL,HIGH,HIGH,HIGH,HIGH,HIGH,False,HIGH,NORMAL,NORMAL
LOW,NORMAL,LOW,False,False,False,False,False,NORMAL,NORMAL,LOW,LOW,HIGH,NORMAL,ZERO,LOW,LOW,NORMAL,False,ZERO,NORMAL,HIGH
HIGH,NORMAL,LOW,False,False,False,False,False,HIGH,NORMAL,LOW,LOW,NORMAL,LOW,ZERO,HIGH,HIGH,HIGH,False,ZERO,NORMAL,LOW
HIGH,NORMAL,LOW,False,False,False,False,False,NORMAL,NORMAL,LOW,LOW,NORMAL,HIGH,ZERO,HIGH,HIGH,NORMAL,False,ZERO,NORMAL,HIGH
LOW,ZERO,ZERO,False,False,False,False,False,NORMAL,NORMAL,LOW,HIGH,NORMAL,LOW,LOW,NORMAL,NORMAL,NORMAL,False,HIGH,NORMAL,NORMAL
HIGH,NORMAL,ZERO,False,False,False,True,False,HIGH,NORMAL,LOW,LOW,NORMAL,HIGH,ZERO,HIGH,HIGH,HIGH,False,ZERO,NORMAL,HIGH
HIGH,NORMAL,LOW,False,False,False,False,False,NORMAL,NORMAL,ZERO,LOW,NORMAL,LOW,LOW,HIGH,HIGH,NORMAL,False,NORMAL,NORMAL,NORMAL
HIGH,NORMAL,LOW,False,False,True,False,False,NORMAL,ONESIDED,NORMAL,LOW,NORMAL,HIGH,ZERO,NORMAL,NORMAL,NORMAL,False,LOW,HIGH,LOW
HIGH,NORMAL,LOW,False,False,True,False,False,NORMAL,NORMAL,LOW,LOW,NORMAL,HIGH,ZERO,NORMAL,NORMAL,NORMAL,False,ZERO,NORMAL,HIGH
HIGH,HIGH,HIGH,False,False,False,True,False,NORMAL,NORMAL,LOW,HIGH,NORMAL,HIGH,HIGH,HIGH,HIGH,NORMAL,False,HIGH,NORMAL,NORMAL
HIGH,ZERO,ZERO,False,False,False,True,False,LOW,NORMAL,LOW,LOW,NORMAL,HIGH,ZERO,HIGH,HIGH,LOW,False,ZERO,NORMAL,LOW
HIGH,NORMAL,LOW,False,False,False,False,False,NORMAL,NORMAL,LOW,LOW,NORMAL,HIGH,ZERO,HIGH,HIGH,NORMAL,False,ZERO,NORMAL,HIGH
LOW,NORMAL,HIGH,False,False,False,False,False,NORMAL,NORMAL,LOW,HIGH,NORMAL,NORMAL,HIGH,LOW,LOW,NORMAL,False,HIGH,NORMAL,NORMAL
LOW,NORMAL,LOW,False,False,False,False,False,HIGH,NORMAL,LOW,LOW,NORMAL,LOW,ZERO,LOW,LOW,HIGH,False,ZERO,NORMAL,LOW
HIGH,ZERO,ZERO,False,False,False,False,False,NORMAL,ONESIDED,LOW,LOW,NORMAL,HIGH,NORMAL,HIGH,HIGH,NORMAL,False,NORMAL,HIGH,NORMAL
HIGH,NORMAL,LOW,False,False,False,False,False,NORMAL,NORMAL,ZERO,LOW,NORMAL,LOW,ZERO,HIGH,HIGH,NORMAL,False,ZERO,NORMAL,LOW
LOW,HIGH,HIGH,False,False,False,False,False,NORMAL,NORMAL,LOW,HIGH,NORMAL,NORMAL,HIGH,LOW,LOW,NORMAL,False,HIGH,NORMAL,HIGH
HIGH,NORMAL,LOW,False,False,False,False,False,NORMAL,NORMAL,LOW,LOW,NORMAL,HIGH,ZERO,NORMAL,HIGH,NORMAL,False,ZERO,NORMAL,LOW
HIGH,ZERO,ZERO,False,False,False,True,False,HIGH,NORMAL,LOW,HIGH,NORMAL,LOW,HIGH,HIGH,HIGH,HIGH,False,HIGH,NORMAL,LOW
HIGH,NORMAL,LOW,False,False,False,False,False,HIGH,NORMAL,LOW,LOW,NORMAL,LOW,ZERO,HIGH,HIGH,HIGH,False,ZERO,NORMAL,HIGH
LOW,NORMAL,LOW,False,False,False,False,True,LOW,NORMAL,LOW,LOW,LOW,LOW,ZERO,LOW,LOW,LOW,False,ZERO,NORMAL,HIGH
HIGH,NORMAL,LOW,False,False,False,True,False,NORMAL,NORMAL,LOW,LOW,NORMAL,HIGH,ZERO,HIGH,HIGH,NORMAL,False,ZERO,NORMAL,LOW
HIGH,NORMAL,LOW,False,False,False,False,False,HIGH,NORMAL,LOW,LOW,NORMAL,HIGH,ZERO,HIGH,HIGH,HIGH,False,ZERO,NORMAL,HIGH
LOW,HIGH,HIGH,False,False,False,True,False,NORMAL,NORMAL,LOW,HIGH,NORMAL,NORMAL,HIGH,LOW,LOW,NORMAL,False,HIGH,NORMAL,HIGH
LOW,NORMAL,HIGH,False,False,False,False,False,NORMAL,NORMAL,LOW,HIGH,NORMAL,NORMAL,HIGH,LOW,LOW,NORMAL,False,HIGH,NORMAL,HIGH
HIGH,NORMAL,LOW,False,False,True,False,False,NORMAL,NORMAL,LOW,LOW,NORMAL,HIGH,ZERO,NORMAL,NORMAL,NORMAL,False,ZERO,NORMAL,NORMAL
HIGH,NORMAL,LOW,False,False,False,False,False,NORMAL,NORMAL,LOW,LOW,NORMAL,HIGH,ZERO,HIGH,HIGH,NORMAL,False,ZERO,NORMAL,HIGH
HIGH,LOW,ZERO,False,False,False,False,False,NORMAL,NORMAL,LOW,HIGH,NORMAL,HIGH,HIGH,HIGH,HIGH,NORMAL,False,HIGH,NORMAL,NORMAL
LOW,LOW,ZERO,False,False,False,False,False,NORMAL,NORMAL,ZERO,HIGH,NORMAL,NORMAL,HIGH,LOW,LOW,NORMAL,False,HIGH,NORMAL,HIGH
HIGH,NORMAL,LOW,False,False,False,False,False,NORMAL,ONESIDED,NORMAL,LOW,NORMAL,HIGH,ZERO,HIGH,HIGH,NORMAL,False,LOW,HIGH,NORMAL
HIGH,NORMAL,LOW,False,False,False,False,False,NORMAL,NORMAL,LOW,LOW,NORMAL,HIGH,ZERO,HIGH,HIGH,NORMAL,False,ZERO,NORMAL,HIGH
LOW,NORMAL,LOW,False,False,False,False,False,NORMAL,NORMAL,LOW,LOW,NORMAL,NORMAL,ZERO,LOW,LOW,NORMAL,False,ZERO,NORMAL,HIGH
HIGH,ZERO,ZERO,False,False,False,False,True,LOW,NORMAL,ZERO,HIGH,NORMAL,LOW,HIGH,HIGH,HIGH,LOW,False,HIGH,NORMAL,NORMAL
HIGH,NORMAL,LOW,False,False,False,False,False,HIGH,NORMAL,LOW,LOW,NORMAL,HIGH,ZERO,HIGH,HIGH,HIGH,False,ZERO,NORMAL,LOW
HIGH,NORMAL,LOW,False,False,False,False,False,HIGH,NORMAL,LOW,LOW,NORMAL,HIGH,ZERO,HIGH,HIGH,HIGH,False,ZERO,NORMAL,LOW
HIGH,NORMAL,LOW,False,False,False,False,False,HIGH,NORMAL,LOW,LOW,NORMAL,HIGH,ZERO,HIGH,HIGH,HIGH,False,ZERO,NORMAL,NORMAL
LOW,NORMAL,LOW,False,False,False,True,False,NORMAL,NORMAL,LOW,LOW,NORMAL,NORMAL,ZERO,LOW,LOW,NORMAL,False,NORMAL,NORMAL,HIGH
HIGH,NORMAL,ZERO,False,False,False,False,False,LOW,NORMAL,LOW,LOW,NORMAL,HIGH,ZERO,HIGH,HIGH,LOW,False,ZERO,NORMAL,HIGH
NORMAL,HIGH,HIGH,False,False,False,False,False,NORMAL,NORMAL,NORMAL,HIGH,NORMAL,HIGH,HIGH,HIGH,HIGH,NORMAL,False,HIGH,NORMAL,HIGH
HIGH,NORMAL,LOW,False,False,True,False,False,NORMAL,NORMAL,LOW,LOW,NORMAL,HIGH,ZERO,NORMAL,NORMAL,NORMAL,False,ZERO,NORMAL,LOW
NORMAL,NORMAL,ZERO,False,False,False,False,False,NORMAL,NORMAL,LOW,HIGH,NORMAL,NORMAL,HIGH,LOW,LOW,NORMAL,False,HIGH,NORMAL,HIGH
HIGH,NORMAL,LOW,False,False,False,False,True,LOW,NORMAL,LOW,LOW,NORMAL,LOW,ZERO,HIGH,HIGH,LOW,False,ZERO,NORMAL,HIGH
HIGH,NORMAL,LOW,False,False,False,False,False,NORMAL,NORMAL,LOW,LOW,NORMAL,HIGH,ZERO,HIGH,HIGH,NORMAL,False,ZERO,NORMAL,HIGH
LOW,NORMAL,LOW,False,False,False,False,False,NORMAL,NORMAL,HIGH,LOW,NORMAL,NORMAL,LOW,LOW,LOW,NORMAL,False,LOW,NORMAL,LOW
HIGH,ZERO,ZERO,False,False,False,False,False,NORMAL,NORMAL,LOW,LOW,NORMAL,HIGH,ZERO,HIGH,HIGH,NORMAL,False,ZERO,NORMAL,HIGH
LOW,NORMAL,LOW,False,False,False,False,False,NORMAL,NORMAL,LOW,LOW,NORMAL,NORMAL,ZERO,LOW,NORMAL,NORMAL,False,ZERO,NORMAL,HIGH
HIGH,NORMAL,NORMAL,False,False,False,False,False,NORMAL,ONESIDED,LOW,LOW,NORMAL,HIGH,NORMAL,HIGH,HIGH,NORMAL,False,NORMAL,HIGH,NORMAL
HIGH,NORMAL,LOW,False,False,True,True,False,NORMAL,NORMAL,LOW,LOW,NORMAL,HIGH,ZERO,NORMAL,NORMAL,NORMAL,False,ZERO,NORMAL,NORMAL
HIGH,NORMAL,LOW,False,False,False,False,False,NORMAL,NORMAL,LOW,LOW,NORMAL,HIGH,ZERO,HIGH,HIGH,NORMAL,False,ZERO,NORMAL,LOW
HIGH,NORMAL,LOW,False,False,False,False,False,NORMAL,ESOPHAGEAL,NORMAL,LOW,NORMAL,HIGH,ZERO,HIGH,HIGH,NORMAL,False,ZERO,NORMAL,HIGH
HIGH,NORMAL,LOW,False,False,False,False,False,HIGH,NORMAL,LOW,LOW,NORMAL,HIGH,ZERO,HIGH,HIGH,HIGH,False,ZERO,NORMAL,HIGH
HIGH,NORMAL,LOW,False,False,False,False,False,HIGH,NORMAL,LOW,LOW,NORMAL,HIGH,ZERO,HIGH,HIGH,HIGH,False,ZERO,NORMAL,HIGH
HIGH,NORMAL,LOW,False,False,False,True,False,NORMAL,NORMAL,LOW,LOW,NORMAL,HIGH,ZERO,HIGH,HIGH,NORMAL,False,ZERO,NORMAL,NORMAL
LOW,NORMAL,HIGH,False,False,False,True,False,NORMAL,NORMAL,LOW,HIGH,NORMAL,NORMAL,HIGH,LOW,LOW,NORMAL,False,HIGH,NORMAL,HIGH
HIGH,ZERO,ZERO,True,False,False,False,False,HIGH,NORMAL,LOW,HIGH,NORMAL,LOW,HIGH,HIGH,HIGH,HIGH,False,HIGH,NORMAL,LOW
HIGH,NORMAL,LOW,False,False,True,False,False,NORMAL,NORMAL,LOW,LOW,NORMAL,HIGH,ZERO,NORMAL,NORMAL,NORMAL,False,ZERO,NORMAL,LOW
HIGH,NORMAL,LOW,False,False,False,False,False,NORMAL,NORMAL,LOW,LOW,HIGH,HIGH,ZERO,HIGH,HIGH,NORMAL,False,ZERO,HIGH,HIGH
HIGH,NORMAL,ZERO,False,False,False,False,False,NORMAL,NORMAL,LOW,LOW,NORMAL,HIGH,ZERO,HIGH,HIGH,NORMAL,False,ZERO,NORMAL,LOW
LOW,HIGH,HIGH,False,True,False,True,False,HIGH,NORMAL,LOW,HIGH,HIGH,LOW,NORMAL,NORMAL,NORMAL,HIGH,False,HIGH,HIGH,HIGH
HIGH,LOW,ZERO,False,False,True,False,False,NORMAL,NORMAL,LOW,HIGH,HIGH,HIGH,HIGH,NORMAL,NORMAL,NORMAL,False,HIGH,NORMAL,LOW
HIGH,NORMAL,LOW,False,False,True,False,False,NORMAL,NORMAL,LOW,LOW,NORMAL,HIGH,ZERO,NORMAL,HIGH,NORMAL,False,ZERO,NORMAL,NORMAL
HIGH,NORMAL,LOW,False,False,True,False,False,LOW,NORMAL,LOW,LOW,NORMAL,HIGH,ZERO,NORMAL,NORMAL,LOW,False,ZERO,NORMAL,LOW
HIGH,NORMAL,LOW,False,False,False,True,False,NORMAL,ESOPHAGEAL,NORMAL,LOW,NORMAL,HIGH,ZERO,HIGH,HIGH,NORMAL,False,ZERO,NORMAL,LOW
HIGH,NORMAL,ZERO,False,False,False,False,False,NORMAL,NORMAL,ZERO,HIGH,NORMAL,HIGH,ZERO,HIGH,LOW,NORMAL,False,HIGH,NORMAL,NORMAL
LOW,NORMAL,LOW,False,False,False,False,False,NORMAL,NORMAL,LOW,LOW,NORMAL,NORMAL,ZERO,LOW,LOW,LOW,False,ZERO,NORMAL,LOW
HIGH,NORMAL,LOW,False,False,True,True,False,LOW,ESOPHAGEAL,LOW,NORMAL,NORMAL,HIGH,LOW,NORMAL,NORMAL,HIGH,False,LOW,NORMAL,LOW
HIGH,NORMAL,LOW,False,False,False,False,False,NORMAL,NORMAL,LOW,LOW,NORMAL,HIGH,ZERO,HIGH,HIGH,NORMAL,False,ZERO,NORMAL,HIGH
HIGH,NORMAL,ZERO,False,False,False,False,False,HIGH,NORMAL,LOW,HIGH,NORMAL,HIGH,HIGH,HIGH,HIGH,HIGH,False,HIGH,NORMAL,NORMAL
HIGH,NORMAL,LOW,False,False,False,False,False,NORMAL,NORMAL,LOW,LOW,NORMAL,HIGH,ZERO,HIGH,HIGH,NORMAL,False,ZERO,NORMAL,HIGH
HIGH,NORMAL,ZERO,False,False,False,False,False,HIGH,NORMAL,LOW,LOW,NORMAL,LOW,ZERO,HIGH,HIGH,HIGH,False,ZERO,NORMAL,NORMAL
NORMAL,NORMAL,LOW,False,False,False,False,False,NORMAL,NORMAL,LOW,LOW,NORMAL,HIGH,ZERO,HIGH,HIGH,NORMAL,True,ZERO,NORMAL,NORMAL
HIGH,NORMAL,LOW,False,False,False,False,False,NORMAL,ESOPHAGEAL,NORMAL,LOW,NORMAL,LOW,ZERO,HIGH,HIGH,LOW,False,ZERO,NORMAL,NORMAL
HIGH,NORMAL,LOW,False,False,False,False,False,NORMAL,NORMAL,LOW,LOW,NORMAL,HIGH,ZERO,HIGH,HIGH,NORMAL,False,ZERO,NORMAL,NORMAL
HIGH,NORMAL,ZERO,False,False,False,False,False,NORMAL,NORMAL,LOW,LOW,NORMAL,HIGH,ZERO,HIGH,HIGH,NORMAL,True,ZERO,NORMAL,NORMAL
HIGH,NORMAL,LOW,False,False,False,False,False,NORMAL,NORMAL,LOW,LOW,HIGH,HIGH,ZERO,HIGH,HIGH,NORMAL,False,ZERO,NORMAL,LOW
HIGH,NORMAL,LOW,False,False,False,False,False,NORMAL,NORMAL,LOW,LOW,NORMAL,HIGH,ZERO,HIGH,HIGH,NORMAL,False,ZERO,NORMAL,NORMAL
NORMAL,NORMAL,LOW,False,False,False,True,False,NORMAL,NORMAL,LOW,LOW,NORMAL,HIGH,ZERO,HIGH,HIGH,NORMAL,False,ZERO,NORMAL,LOW
NORMAL,ZERO,ZERO,False,False,False,False,False,NORMAL,NORMAL,LOW,HIGH,NORMAL,HIGH,HIGH,HIGH,HIGH,NORMAL,False,HIGH,NORMAL,NORMAL
HIGH,NORMAL,LOW,False,False,False,False,True,LOW,NORMAL,LOW,LOW,NORMAL,LOW,ZERO,HIGH,HIGH,LOW,False,ZERO,NORMAL,NORMAL
HIGH,HIGH,HIGH,False,False,False,False,False,HIGH,NORMAL,LOW,HIGH,NORMAL,LOW,HIGH,HIGH,HIGH,HIGH,False,HIGH,NORMAL,NORMAL
HIGH,NORMAL,LOW,True,False,False,False,False,NORMAL,ONESIDED,NORMAL,LOW,NORMAL,HIGH,ZERO,HIGH,HIGH,NORMAL,False,LOW,HIGH,LOW
HIGH,HIGH,HIGH,False,False,False,True,False,NORMAL,NORMAL,ZERO,HIGH,NORMAL,HIGH,HIGH,HIGH,HIGH,NORMAL,False,HIGH,NORMAL,LOW
LOW,NORMAL,LOW,False,False,False,False,False,NORMAL,NORMAL,ZERO,LOW,NORMAL,HIGH,ZERO,LOW,LOW,HIGH,False,NORMAL,NORMAL,HIGH
HIGH,NORMAL,LOW,False,False,False,False,False,NORMAL,ONESIDED,NORMAL,LOW,NORMAL,HIGH,LOW,HIGH,HIGH,NORMAL,False,LOW,HIGH,HIGH
HIGH,NORMAL,LOW,False,False,False,True,False,NORMAL,NORMAL,LOW,LOW,LOW,HIGH,ZERO,HIGH,HIGH,NORMAL,False,ZERO,NORMAL,HIGH
HIGH,NORMAL,LOW,False,False,False,False,False,NORMAL,NORMAL,LOW,LOW,NORMAL,HIGH,ZERO,HIGH,HIGH,NORMAL,False,ZERO,NORMAL,NORMAL
HIGH,NORMAL,LOW,False,False,False,False,False,NORMAL,NORMAL,LOW,LOW,NORMAL,HIGH,ZERO,HIGH,HIGH,NORMAL,False,ZERO,NORMAL,LOW
LOW,NORMAL,LOW,False,False,False,False,False,NORMAL,NORMAL,LOW,LOW,NORMAL,NORMAL,ZERO,LOW,LOW,NORMAL,False,ZERO,NORMAL,NORMAL
HIGH,LOW,ZERO,False,False,False,False,False,NORMAL,NORMAL,LOW,LOW,HIGH,HIGH,ZERO,HIGH,HIGH,NORMAL,False,ZERO,NORMAL,HIGH
LOW,NORMAL,ZERO,False,False,False,False,False,NORMAL,NORMAL,LOW,HIGH,NORMAL,NORMAL,HIGH,LOW,LOW,NORMAL,False,HIGH,NORMAL,NORMAL
HIGH,NORMAL,LOW,False,False,False,False,False,NORMAL,NORMAL,LOW,LOW,NORMAL,HIGH,NORMAL,HIGH,HIGH,NORMAL,False,ZERO,NORMAL,NORMAL
HIGH,NORMAL,NORMAL,False,False,False,False,False,NORMAL,NORMAL,HIGH,LOW,NORMAL,LOW,LOW,HIGH,HIGH,NORMAL,False,LOW,NORMAL,NORMAL
HIGH,NORMAL,LOW,False,False,False,False,False,NORMAL,NORMAL,LOW,LOW,NORMAL,HIGH,ZERO,HIGH,HIGH,NORMAL,False,ZERO,NORMAL,HIGH
LOW,ZERO,ZERO,False,False,False,False,False,NORMAL,NORMAL,LOW,LOW,NORMAL,NORMAL,ZERO,LOW,LOW,NORMAL,False,ZERO,NORMAL,LOW
HIGH,NORMAL,LOW,False,False,False,False,False,NORMAL,NORMAL,LOW,LOW,NORMAL,HIGH,ZERO,HIGH,HIGH,NORMAL,False,ZERO,NORMAL,NORMAL
HIGH,NORMAL,LOW,False,False,False,False,False,HIGH,NORMAL,LOW,LOW,NORMAL,HIGH,ZERO,HIGH,HIGH,HIGH,False,ZERO,NORMAL,HIGH
LOW,NORMAL,LOW,False,False,False,False,False,NORMAL,NORMAL,LOW,HIGH,NORMAL,NORMAL,HIGH,LOW,LOW,NORMAL,False,HIGH,NORMAL,NORMAL
HIGH,NORMAL,LOW,False,False,False,False,False,NORMAL,NORMAL,LOW,LOW,NORMAL,HIGH,ZERO,HIGH,HIGH,NORMAL,False,ZERO,NORMAL,NORMAL
HIGH,NORMAL,LOW,False,False,False,True,False,HIGH,NORMAL,LOW,LOW,NORMAL,HIGH,ZERO,HIGH,HIGH,HIGH,False,ZERO,NORMAL,NORMAL
HIGH,NORMAL,LOW,False,False,False,False,False,NORMAL,NORMAL,LOW,LOW,NORMAL,HIGH,ZERO,HIGH,HIGH,NORMAL,False,ZERO,NORMAL,HIGH
HIGH,NORMAL,LOW,False,False,False,False,False,HIGH,NORMAL,LOW,LOW,NORMAL,HIGH,ZERO,HIGH,HIGH,HIGH,False,ZERO,NORMAL,LOW
LOW,NORMAL,LOW,False,False,False,False,False,NORMAL,NORMAL,LOW,LOW,NORMAL,HIGH,ZERO,HIGH,HIGH,NORMAL,False,ZERO,HIGH,HIGH
NORMAL,LOW,ZERO,False,False,False,False,False,NORMAL,ONESIDED,LOW,LOW,NORMAL,HIGH,ZERO,HIGH,HIGH,NORMAL,False,NORMAL,HIGH,LOW
HIGH,NORMAL,LOW,False,False,False,False,True,LOW,NORMAL,LOW,LOW,NORMAL,LOW,ZERO,HIGH,HIGH,LOW,False,ZERO,NORMAL,NORMAL
LOW,NORMAL,LOW,False,False,False,False,False,NORMAL,ONESIDED,LOW,LOW,NORMAL,NORMAL,NORMAL,LOW,LOW,NORMAL,False,NORMAL,HIGH,HIGH
HIGH,NORMAL,NORMAL,False,False,True,False,False,NORMAL,NORMAL,HIGH,LOW,NORMAL,HIGH,LOW,NORMAL,NORMAL,NORMAL,False,LOW,NORMAL,LOW
HIGH,NORMAL,LOW,False,False,False,False,False,NORMAL,NORMAL,LOW,LOW,NORMAL,HIGH,ZERO,HIGH,HIGH,NORMAL,False,ZERO,NORMAL,LOW
HIGH,NORMAL,LOW,False,False,False,False,False,NORMAL,NORMAL,LOW,LOW,HIGH,HIGH,ZERO,HIGH,HIGH,NORMAL,False,ZERO,NORMAL,NORMAL
HIGH,NORMAL,ZERO,False,False,False,False,False,NORMAL,NORMAL,LOW,LOW,NORMAL,HIGH,ZERO,HIGH,HIGH,NORMAL,False,ZERO,NORMAL,NORMAL
HIGH,HIGH,HIGH,False,False,False,True,False,NORMAL,NORMAL,LOW,HIGH,NORMAL,HIGH,HIGH,HIGH,HIGH,NORMAL,False,HIGH,NORMAL,NORMAL
HIGH,NORMAL,LOW,False,False,False,False,False,NORMAL,NORMAL,LOW,LOW,NORMAL,HIGH,ZERO,HIGH,HIGH,NORMAL,False,ZERO,NORMAL,NORMAL
HIGH,NORMAL,NORMAL,False,False,False,False,False,HIGH,NORMAL,HIGH,LOW,NORMAL,HIGH,LOW,HIGH,HIGH,HIGH,False,LOW,NORMAL,NORMAL
HIGH,NORMAL,LOW,False,False,False,False,False,NORMAL,NORMAL,LOW,LOW,NORMAL,HIGH,ZERO,HIGH,HIGH,NORMAL,False,ZERO,NORMAL,LOW
LOW,NORMAL,LOW,False,False,False,False,False,NORMAL,NORMAL,LOW,LOW,NORMAL,LOW,ZERO,LOW,LOW,NORMAL,False,ZERO,NORMAL,HIGH
LOW,ZERO,ZERO,False,False,False,False,False,NORMAL,NORMAL,ZERO,HIGH,NORMAL,NORMAL,HIGH,LOW,LOW,NORMAL,False,HIGH,NORMAL,HIGH
HIGH,NORMAL,LOW,False,False,False,False,False,NORMAL,NORMAL,LOW,LOW,NORMAL,LOW,ZERO,HIGH,HIGH,NORMAL,False,ZERO,NORMAL,LOW
HIGH,NORMAL,LOW,False,False,False,False,False,NORMAL,NORMAL,LOW,LOW,NORMAL,HIGH,ZERO,HIGH,HIGH,NORMAL,False,ZERO,NORMAL,NORMAL
HIGH,HIGH,HIGH,False,False,False,True,False,HIGH,NORMAL,LOW,HIGH,HIGH,HIGH,HIGH,HIGH,HIGH,HIGH,False,HIGH,NORMAL,NORMAL
HIGH,NORMAL,LOW,False,False,False,False,False,NORMAL,NORMAL,LOW,LOW,NORMAL,HIGH,ZERO,HIGH,HIGH,NORMAL,False,ZERO,NORMAL,LOW
HIGH,HIGH,HIGH,False,False,False,False,False,NORMAL,NORMAL,LOW,HIGH,NORMAL,NORMAL,HIGH,HIGH,HIGH,NORMAL,False,HIGH,HIGH,LOW
HIGH,NORMAL,ZERO,False,False,False,False,False,NORMAL,NORMAL,LOW,HIGH,NORMAL,HIGH,HIGH,HIGH,HIGH,NORMAL,False,HIGH,NORMAL,LOW
HIGH,NORMAL,ZERO,False,False,True,False,False,NORMAL,NORMAL,LOW,LOW,NORMAL,LOW,ZERO,NORMAL,NORMAL,NORMAL,False,ZERO,NORMAL,NORMAL
HIGH,NORMAL,LOW,False,False,False,False,False,NORMAL,ESOPHAGEAL,LOW,LOW,NORMAL,HIGH,LOW,HIGH,HIGH,LOW,False,LOW,NORMAL,HIGH
HIGH,NORMAL,LOW,False,False,False,False,False,HIGH,NORMAL,ZERO,LOW,NORMAL,LOW,ZERO,HIGH,HIGH,HIGH,False,ZERO,NORMAL,LOW
HIGH,NORMAL,LOW,False,False,False,False,False,HIGH,NORMAL,LOW,LOW,NORMAL,NORMAL,ZERO,HIGH,HIGH,HIGH,False,ZERO,NORMAL,LOW
HIGH,NORMAL,LOW,False,False,True,False,False,NORMAL,NORMAL,LOW,LOW,NORMAL,HIGH,NORMAL,NORMAL,NORMAL,NORMAL,False,ZERO,NORMAL,HIGH
NORMAL,NORMAL,LOW,False,False,False,False,False,HIGH,NORMAL,LOW,LOW,NORMAL,HIGH,ZERO,HIGH,HIGH,HIGH,False,ZERO,NORMAL,NORMAL
HIGH,ZERO,LOW,False,False,False,False,False,NORMAL,NORMAL,LOW,LOW,NORMAL,HIGH,ZERO,HIGH,HIGH,NORMAL,False,ZERO,NORMAL,NORMAL
HIGH,NORMAL,LOW,False,False,False,False,False,NORMAL,NORMAL,LOW,LOW,NORMAL,HIGH,ZERO,HIGH,HIGH,NORMAL,False,ZERO,NORMAL,LOW
HIGH,NORMAL,LOW,False,False,True,False,False,NORMAL,NORMAL,LOW,LOW,NORMAL,HIGH,ZERO,NORMAL,NORMAL,NORMAL,False,ZERO,NORMAL,HIGH
HIGH,NORMAL,LOW,False,False,False,False,False,HIGH,NORMAL,LOW,LOW,NORMAL,NORMAL,ZERO,HIGH,HIGH,HIGH,False,ZERO,NORMAL,NORMAL
HIGH,NORMAL,LOW,False,False,False,False,False,NORMAL,NORMAL,LOW,LOW,NORMAL,HIGH,ZERO,NORMAL,HIGH,NORMAL,False,ZERO,NORMAL,LOW
HIGH,NORMAL,LOW,False,False,False,True,False,NORMAL,NORMAL,LOW,LOW,NORMAL,HIGH,ZERO,HIGH,HIGH,NORMAL,False,ZERO,NORMAL,NORMAL
LOW,ZERO,ZERO,False,False,False,False,False,NORMAL,NORMAL,LOW,NORMAL,LOW,NORMAL,HIGH,LOW,LOW,LOW,False,HIGH,NORMAL,HIGH
HIGH,NORMAL,ZERO,False,False,False,False,False,NORMAL,NORMAL,LOW,LOW,NORMAL,HIGH,ZERO,HIGH,HIGH,NORMAL,False,ZERO,HIGH,LOW
HIGH,NORMAL,LOW,False,False,False,False,False,NORMAL,NORMAL,LOW,NORMAL,NORMAL,HIGH,ZERO,HIGH,LOW,NORMAL,False,ZERO,NORMAL,NORMAL
HIGH,NORMAL,LOW,False,False,False,False,False,HIGH,NORMAL,LOW,LOW,NORMAL,HIGH,ZERO,HIGH,HIGH,HIGH,False,ZERO,NORMAL,NORMAL
HIGH,NORMAL,LOW,False,False,False,True,False,HIGH,NORMAL,LOW,LOW,NORMAL,HIGH,ZERO,HIGH,HIGH,HIGH,False,ZERO,NORMAL,NORMAL
HIGH,NORMAL,LOW,False,False,False,False,False,NORMAL,NORMAL,LOW,LOW,NORMAL,HIGH,ZERO,HIGH,HIGH,NORMAL,False,ZERO,NORMAL,NORMAL
LOW,HIGH,HIGH,False,False,True,True,False,NORMAL,NORMAL,LOW,HIGH,HIGH,NORMAL,HIGH,NORMAL,NORMAL,NORMAL,False,HIGH,NORMAL,HIGH
HIGH,NORMAL,LOW,False,False,False,True,False,NORMAL,NORMAL,LOW,LOW,NORMAL,HIGH,ZERO,HIGH,HIGH,NORMAL,False,ZERO,HIGH,LOW
HIGH,NORMAL,LOW,False,False,False,False,False,NORMAL,NORMAL,LOW,LOW,NORMAL,LOW,ZERO,HIGH,HIGH,NORMAL,False,ZERO,NORMAL,LOW
LOW,NORMAL,LOW,False,False,False,False,False,HIGH,NORMAL,LOW,LOW,NORMAL,LOW,ZERO,LOW,LOW,HIGH,False,ZERO,NORMAL,HIGH
HIGH,NORMAL,LOW,False,False,False,False,True,LOW,NORMAL,LOW,LOW,NORMAL,LOW,ZERO,HIGH,HIGH,LOW,False,ZERO,NORMAL,HIGH
HIGH,NORMAL,LOW,False,False,False,False,False,NORMAL,NORMAL,LOW,LOW,NORMAL,HIGH,ZERO,HIGH,HIGH,NORMAL,False,ZERO,NORMAL,NORMAL
HIGH,NORMAL,LOW,False,False,False,False,False,NORMAL,NORMAL,LOW,LOW,HIGH,HIGH,HIGH,HIGH,HIGH,NORMAL,False,ZERO,NORMAL,NORMAL
LOW,NORMAL,LOW,False,False,False,False,False,NORMAL,NORMAL,LOW,LOW,NORMAL,HIGH,ZERO,LOW,LOW,NORMAL,False,ZERO,NORMAL,HIGH
HIGH,NORMAL,LOW,False,False,False,False,False,NORMAL,NORMAL,LOW,LOW,NORMAL,HIGH,ZERO,HIGH,HIGH,NORMAL,False,ZERO,NORMAL,NORMAL
HIGH,NORMAL,ZERO,False,False,False,False,False,NORMAL,NORMAL,LOW,HIGH,NORMAL,HIGH,HIGH,HIGH,HIGH,NORMAL,False,HIGH,NORMAL,NORMAL
HIGH,ZERO,ZERO,False,False,True,False,False,NORMAL,NORMAL,LOW,LOW,NORMAL,LOW,ZERO,NORMAL,NORMAL,NORMAL,False,ZERO,NORMAL,HIGH
HIGH,NORMAL,LOW,False,False,False,False,False,HIGH,NORMAL,LOW,LOW,NORMAL,NORMAL,ZERO,HIGH,HIGH,HIGH,True,ZERO,NORMAL,HIGH
HIGH,NORMAL,LOW,False,False,False,False,False,NORMAL,NORMAL,LOW,LOW,NORMAL,HIGH,ZERO,HIGH,HIGH,NORMAL,False,ZERO,NORMAL,LOW
HIGH,LOW,ZERO,False,False,False,False,False,HIGH,NORMAL,NORMAL,HIGH,NORMAL,LOW,HIGH,HIGH,HIGH,HIGH,False,HIGH,NORMAL,LOW
HIGH,NORMAL,LOW,False,False,False,False,False,NORMAL,NORMAL,LOW,LOW,NORMAL,HIGH,ZERO,HIGH,HIGH,NORMAL,False,ZERO,NORMAL,LOW
HIGH,NORMAL,ZERO,False,False,False,False,False,HIGH,NORMAL,LOW,HIGH,NORMAL,LOW,HIGH,HIGH,HIGH,HIGH,False,HIGH,NORMAL,NORMAL
HIGH,NORMAL,LOW,False,False,False,False,False,LOW,NORMAL,LOW,LOW,NORMAL,HIGH,ZERO,HIGH,HIGH,LOW,False,ZERO,NORMAL,NORMAL
HIGH,NORMAL,LOW,False,False,False,False,False,HIGH,NORMAL,LOW,LOW,NORMAL,HIGH,ZERO,HIGH,HIGH,HIGH,False,ZERO,NORMAL,LOW
HIGH,NORMAL,LOW,False,False,False,False,False,NORMAL,NORMAL,LOW,LOW,NORMAL,LOW,ZERO,HIGH,HIGH,NORMAL,False,ZERO,NORMAL,NORMAL
HIGH,NORMAL,LOW,False,False,True,False,False,NORMAL,NORMAL,LOW,LOW,NORMAL,HIGH,ZERO,NORMAL,NORMAL,NORMAL,False,ZERO,HIGH,LOW
HIGH,NORMAL,LOW,False,False,False,False,False,NORMAL,NORMAL,LOW,LOW,NORMAL,HIGH,ZERO,HIGH,HIGH,NORMAL,False,ZERO,NORMAL,LOW
HIGH,NORMAL,ZERO,False,False,False,False,False,NORMAL,NORMAL,LOW,LOW,NORMAL,NORMAL,ZERO,HIGH,HIGH,NORMAL,False,ZERO,NORMAL,NORMAL
HIGH,NORMAL,LOW,False,False,False,False,False,HIGH,NORMAL,LOW,LOW,NORMAL,NORMAL,ZERO,LOW,HIGH,HIGH,False,ZERO,NORMAL,NORMAL
NORMAL,NORMAL,LOW,False,False,False,False,False,HIGH,NORMAL,LOW,LOW,NORMAL,HIGH,ZERO,HIGH,HIGH,HIGH,False,ZERO,NORMAL,NORMAL
HIGH,ZERO,ZERO,False,False,False,True,False,NORMAL,NORMAL,ZERO,HIGH,NORMAL,HIGH,HIGH,HIGH,HIGH,NORMAL,False,HIGH,NORMAL,NORMAL
HIGH,NORMAL,LOW,False,False,False,False,False,NORMAL,NORMAL,LOW,LOW,NORMAL,HIGH,ZERO,HIGH,HIGH,NORMAL,False,ZERO,NORMAL,NORMAL
HIGH,NORMAL,LOW,False,False,False,False,False,HIGH,NORMAL,LOW,NORMAL,NORMAL,HIGH,ZERO,HIGH,HIGH,HIGH,False,ZERO,NORMAL,LOW
LOW,NORMAL,ZERO,False,False,False,False,False,NORMAL,NORMAL,LOW,HIGH,NORMAL,NORMAL,HIGH,LOW,LOW,NORMAL,False,HIGH,NORMAL,HIGH
HIGH,NORMAL,LOW,False,False,False,False,False,NORMAL,NORMAL,LOW,LOW,NORMAL,HIGH,ZERO,HIGH,HIGH,NORMAL,False,ZERO,NORMAL,HIGH
HIGH,NORMAL,LOW,False,False,False,True,False,NORMAL,NORMAL,LOW,LOW,NORMAL,HIGH,ZERO,HIGH,HIGH,NORMAL,False,ZERO,NORMAL,HIGH
HIGH,NORMAL,LOW,False,False,False,False,True,LOW,NORMAL,LOW,LOW,NORMAL,LOW,ZERO,HIGH,HIGH,LOW,False,ZERO,NORMAL,HIGH
HIGH,NORMAL,LOW,False,False,False,False,False,NORMAL,NORMAL,LOW,LOW,NORMAL,HIGH,ZERO,HIGH,HIGH,NORMAL,False,ZERO,NORMAL,HIGH
LOW,ZERO,ZERO,False,False,False,False,False,NORMAL,ONESIDED,LOW,LOW,NORMAL,NORMAL,NORMAL,LOW,LOW,NORMAL,False,NORMAL,HIGH,HIGH
HIGH,NORMAL,LOW,False,False,False,False,False,HIGH,NORMAL,LOW,LOW,NORMAL,NORMAL,ZERO,HIGH,HIGH,HIGH,False,ZERO,NORMAL,HIGH
HIGH,NORMAL,LOW,False,False,True,False,False,NORMAL,NORMAL,LOW,LOW,LOW,HIGH,ZERO,NORMAL,NORMAL,NORMAL,False,ZERO,NORMAL,NORMAL
LOW,NORMAL,LOW,False,False,False,True,False,HIGH,ONESIDED,NORMAL,LOW,NORMAL,LOW,NORMAL,LOW,LOW,HIGH,False,LOW,HIGH,LOW
HIGH,NORMAL,LOW,False,False,False,False,False,NORMAL,NORMAL,LOW,LOW,NORMAL,HIGH,ZERO,HIGH,HIGH,NORMAL,False,ZERO,NORMAL,LOW
HIGH,HIGH,NORMAL,False,False,False,False,False,NORMAL,NORMAL,HIGH,LOW,NORMAL,HIGH,LOW,HIGH,HIGH,NORMAL,False,LOW,NORMAL,LOW
HIGH,NORMAL,LOW,False,False,False,False,False,NORMAL,NORMAL,LOW,LOW,NORMAL,HIGH,ZERO,HIGH,HIGH,NORMAL,False,ZERO,NORMAL,NORMAL
HIGH,NORMAL,LOW,False,False,False,False,False,NORMAL,NORMAL,ZERO,HIGH,LOW,HIGH,ZERO,HIGH,HIGH,NORMAL,False,HIGH,NORMAL,HIGH
HIGH,NORMAL,LOW,False,False,False,False,False,HIGH,NORMAL,LOW,LOW,NORMAL,HIGH,ZERO,HIGH,HIGH,NORMAL,False,NORMAL,NORMAL,NORMAL
LOW,NORMAL,LOW,False,False,False,False,False,NORMAL,NORMAL,LOW,LOW,NORMAL,NORMAL,ZERO,LOW,LOW,NORMAL,False,ZERO,NORMAL,LOW
LOW,HIGH,HIGH,False,False,False,False,False,NORMAL,NORMAL,LOW,HIGH,NORMAL,NORMAL,HIGH,LOW,LOW,NORMAL,False,HIGH,NORMAL,HIGH
HIGH,NORMAL,LOW,False,False,False,False,False,NORMAL,NORMAL,LOW,LOW,NORMAL,HIGH,ZERO,HIGH,HIGH,NORMAL,False,LOW,NORMAL,NORMAL
HIGH,NORMAL,LOW,False,False,True,False,False,NORMAL,NORMAL,LOW,LOW,NORMAL,HIGH,ZERO,NORMAL,NORMAL,NORMAL,False,ZERO,NORMAL,NORMAL
HIGH,LOW,ZERO,False,False,True,False,False,NORMAL,NORMAL,LOW,HIGH,NORMAL,HIGH,HIGH,NORMAL,NORMAL,NORMAL,False,HIGH,NORMAL,NORMAL
HIGH,NORMAL,LOW,False,False,False,False,False,LOW,NORMAL,LOW,LOW,NORMAL,HIGH,ZERO,HIGH,HIGH,LOW,False,ZERO,NORMAL,NORMAL
HIGH,NORMAL,ZERO,False,False,False,False,False,NORMAL,NORMAL,LOW,LOW,NORMAL,HIGH,ZERO,HIGH,HIGH,NORMAL,False,ZERO,NORMAL,LOW
HIGH,NORMAL,LOW,False,False,False,False,False,HIGH,NORMAL,LOW,LOW,LOW,HIGH,ZERO,HIGH,HIGH,HIGH,False,ZERO,NORMAL,NORMAL
HIGH,NORMAL,LOW,False,False,False,False,False,HIGH,NORMAL,LOW,LOW,NORMAL,HIGH,ZERO,HIGH,HIGH,HIGH,False,ZERO,NORMAL,LOW
HIGH,NORMAL,ZERO,False,False,False,False,False,HIGH,NORMAL,LOW,LOW,NORMAL,NORMAL,ZERO,HIGH,HIGH,HIGH,False,ZERO,NORMAL,NORMAL
HIGH,NORMAL,LOW,False,False,False,False,False,NORMAL,NORMAL,LOW,HIGH,NORMAL,HIGH,HIGH,HIGH,HIGH,NORMAL,True,HIGH,NORMAL,LOW
HIGH,NORMAL,LOW,False,False,False,False,False,NORMAL,ESOPHAGEAL,NORMAL,LOW,NORMAL,HIGH,ZERO,HIGH,LOW,NORMAL,False,ZERO,NORMAL,LOW
HIGH,ZERO,ZERO,False,False,False,False,False,NORMAL,NORMAL,LOW,HIGH,NORMAL,HIGH,HIGH,HIGH,HIGH,NORMAL,False,HIGH,NORMAL,LOW
HIGH,NORMAL,LOW,False,False,False,False,False,NORMAL,NORMAL,LOW,LOW,NORMAL,HIGH,ZERO,LOW,HIGH,NORMAL,False,ZERO,NORMAL,NORMAL
LOW,NORMAL,LOW,False,False,False,False,True,LOW,NORMAL,LOW,LOW,NORMAL,LOW,ZERO,LOW,LOW,HIGH,False,ZERO,NORMAL,HIGH
HIGH,NORMAL,LOW,False,False,False,False,False,NORMAL,NORMAL,LOW,NORMAL,NORMAL,HIGH,ZERO,HIGH,HIGH,NORMAL,False,ZERO,NORMAL,NORMAL
HIGH,NORMAL,LOW,False,False,False,False,False,HIGH,NORMAL,LOW,LOW,NORMAL,NORMAL,ZERO,HIGH,HIGH,HIGH,False,ZERO,NORMAL,NORMAL
HIGH,NORMAL,LOW,False,False,False,False,False,NORMAL,NORMAL,LOW,LOW,NORMAL,HIGH,ZERO,HIGH,HIGH,NORMAL,False,ZERO,NORMAL,NORMAL
HIGH,NORMAL,LOW,False,False,False,False,False,NORMAL,NORMAL,LOW,LOW,HIGH,HIGH,ZERO,HIGH,HIGH,NORMAL,False,ZERO,NORMAL,NORMAL
HIGH,NORMAL,ZERO,False,False,False,True,False,NORMAL,ONESIDED,LOW,LOW,NORMAL,HIGH,NORMAL,HIGH,HIGH,NORMAL,False,NORMAL,HIGH,NORMAL
HIGH,LOW,ZERO,False,False,False,False,False,NORMAL,ONESIDED,LOW,LOW,HIGH,HIGH,NORMAL,HIGH,HIGH,NORMAL,False,NORMAL,HIGH,NORMAL
LOW,NORMAL,LOW,False,False,False,False,False,NORMAL,NORMAL,LOW,LOW,NORMAL,NORMAL,ZERO,LOW,LOW,NORMAL,False,ZERO,NORMAL,LOW
HIGH,NORMAL,LOW,False,False,False,False,False,NORMAL,NORMAL,LOW,LOW,NORMAL,HIGH,NORMAL,HIGH,HIGH,NORMAL,False,ZERO,NORMAL,HIGH
LOW,LOW,ZERO,False,False,False,False,True,LOW,NORMAL,LOW,HIGH,NORMAL,LOW,HIGH,LOW,LOW,LOW,False,HIGH,NORMAL,HIGH
HIGH,NORMAL,LOW,False,False,False,False,False,NORMAL,ESOPHAGEAL,NORMAL,LOW,NORMAL,HIGH,ZERO,HIGH,HIGH,NORMAL,False,ZERO,NORMAL,NORMAL
HIGH,HIGH,LOW,False,False,False,False,False,LOW,NORMAL,LOW,LOW,NORMAL,HIGH,ZERO,HIGH,HIGH,LOW,False,ZERO,NORMAL,NORMAL
LOW,NORMAL,LOW,False,False,False,False,False,NORMAL,NORMAL,LOW,LOW,NORMAL,NORMAL,ZERO,LOW,LOW,NORMAL,False,ZERO,NORMAL,LOW
HIGH,NORMAL,LOW,False,False,False,False,False,NORMAL,NORMAL,LOW,LOW,NORMAL,HIGH,ZERO,HIGH,HIGH,NORMAL,False,ZERO,NORMAL,LOW
HIGH,NORMAL,LOW,False,False,False,True,False,NORMAL,ESOPHAGEAL,LOW,LOW,NORMAL,HIGH,ZERO,HIGH,HIGH,NORMAL,False,ZERO,NORMAL,HIGH
LOW,NORMAL,LOW,False,False,False,False,False,HIGH,NORMAL,LOW,LOW,LOW,NORMAL,ZERO,LOW,LOW,HIGH,False,ZERO,NORMAL,NORMAL
HIGH,NORMAL,LOW,False,False,False,False,False,HIGH,NORMAL,LOW,LOW,NORMAL,HIGH,ZERO,HIGH,HIGH,HIGH,False,ZERO,NORMAL,NORMAL
HIGH,NORMAL,LOW,False,False,False,True,False,NORMAL,NORMAL,LOW,LOW,NORMAL,HIGH,ZERO,HIGH,HIGH,NORMAL,False,ZERO,NORMAL,NORMAL
LOW,ZERO,ZERO,False,False,False,False,False,HIGH,NORMAL,LOW,HIGH,NORMAL,LOW,HIGH,LOW,LOW,HIGH,False,HIGH,NORMAL,HIGH
LOW,NORMAL,ZERO,False,False,False,False,False,NORMAL,NORMAL,LOW,HIGH,NORMAL,NORMAL,HIGH,LOW,LOW,NORMAL,False,HIGH,NORMAL,NORMAL
HIGH,NORMAL,LOW,False,False,False,True,False,NORMAL,NORMAL,LOW,LOW,NORMAL,HIGH,ZERO,HIGH,HIGH,NORMAL,False,ZERO,NORMAL,NORMAL
LOW,NORMAL,LOW,False,False,True,False,False,NORMAL,NORMAL,LOW,HIGH,NORMAL,NORMAL,HIGH,NORMAL,LOW,NORMAL,False,HIGH,HIGH,HIGH
LOW,NORMAL,LOW,False,False,False,False,False,NORMAL,NORMAL,LOW,LOW,NORMAL,NORMAL,ZERO,LOW,LOW,NORMAL,False,ZERO,NORMAL,NORMAL
HIGH,HIGH,HIGH,True,False,False,True,False,HIGH,ONESIDED,HIGH,LOW,NORMAL,HIGH,HIGH,HIGH,HIGH,HIGH,False,LOW,HIGH,LOW
HIGH,NORMAL,LOW,False,False,False,False,True,NORMAL,NORMAL,LOW,LOW,NORMAL,NORMAL,ZERO,HIGH,HIGH,NORMAL,False,ZERO,NORMAL,LOW
HIGH,NORMAL,LOW,False,False,False,False,False,NORMAL,NORMAL,LOW,LOW,NORMAL,HIGH,ZERO,HIGH,HIGH,NORMAL,False,ZERO,NORMAL,HIGH
HIGH,LOW,ZERO,False,False,False,False,False,NORMAL,NORMAL,LOW,LOW,NORMAL,HIGH,ZERO,HIGH,HIGH,NORMAL,False,ZERO,NORMAL,NORMAL
HIGH,ZERO,ZERO,False,False,False,False,False,NORMAL,NORMAL,LOW,HIGH,HIGH,HIGH,HIGH,HIGH,HIGH,NORMAL,False,HIGH,NORMAL,LOW
LOW,NORMAL,LOW,False,False,False,True,False,NORMAL,NORMAL,LOW,LOW,NORMAL,NORMAL,ZERO,LOW,LOW,NORMAL,False,ZERO,NORMAL,NORMAL
HIGH,LOW,ZERO,False,False,False,True,False,NORMAL,ONESIDED,LOW,LOW,NORMAL,HIGH,NORMAL,HIGH,HIGH,NORMAL,False,ZERO,NORMAL,LOW
HIGH,NORMAL,LOW,False,False,False,False,False,NORMAL,NORMAL,LOW,LOW,NORMAL,HIGH,ZERO,HIGH,HIGH,NORMAL,False,ZERO,NORMAL,NORMAL
HIGH,NORMAL,LOW,False,False,False,False,False,HIGH,NORMAL,LOW,LOW,NORMAL,LOW,ZERO,HIGH,HIGH,HIGH,False,ZERO,NORMAL,HIGH
NORMAL,NORMAL,LOW,False,False,False,True,False,NORMAL,NORMAL,LOW,LOW,NORMAL,LOW,ZERO,LOW,LOW,NORMAL,False,ZERO,NORMAL,NORMAL
LOW,ZERO,ZERO,False,False,False,False,False,NORMAL,NORMAL,LOW,HIGH,NORMAL,NORMAL,HIGH,LOW,LOW,NORMAL,False,HIGH,NORMAL,LOW
HIGH,NORMAL,LOW,False,False,False,False,False,NORMAL,NORMAL,NORMAL,LOW,NORMAL,HIGH,ZERO,HIGH,HIGH,NORMAL,False,ZERO,NORMAL,HIGH
HIGH,NORMAL,ZERO,False,False,False,False,False,NORMAL,NORMAL,LOW,LOW,NORMAL,HIGH,ZERO,HIGH,HIGH,NORMAL,True,ZERO,NORMAL,NORMAL
HIGH,NORMAL,LOW,False,False,False,False,False,NORMAL,NORMAL,LOW,LOW,NORMAL,HIGH,ZERO,HIGH,HIGH,NORMAL,False,ZERO,NORMAL,HIGH
HIGH,NORMAL,LOW,False,False,False,False,False,NORMAL,NORMAL,LOW,LOW,NORMAL,HIGH,ZERO,HIGH,HIGH,NORMAL,True,ZERO,NORMAL,LOW
NORMAL,NORMAL,LOW,False,False,False,False,False,NORMAL,NORMAL,LOW,LOW,NORMAL,HIGH,ZERO,HIGH,HIGH,NORMAL,False,ZERO,NORMAL,LOW
HIGH,NORMAL,LOW,False,False,False,True,False,HIGH,NORMAL,LOW,LOW,NORMAL,LOW,ZERO,HIGH,HIGH,HIGH,False,ZERO,HIGH,LOW
HIGH,NORMAL,ZERO,False,False,False,True,False,NORMAL,NORMAL,LOW,LOW,NORMAL,HIGH,ZERO,HIGH,HIGH,NORMAL,False,ZERO,HIGH,NORMAL
HIGH,HIGH,HIGH,False,False,False,False,False,NORMAL,NORMAL,LOW,HIGH,NORMAL,LOW,HIGH,HIGH,HIGH,NORMAL,False,HIGH,NORMAL,NORMAL
HIGH,NORMAL,LOW,False,False,False,False,False,NORMAL,NORMAL,LOW,LOW,NORMAL,HIGH,ZERO,HIGH,HIGH,NORMAL,False,ZERO,NORMAL,NORMAL
HIGH,NORMAL,ZERO,False,False,False,False,False,NORMAL,NORMAL,LOW,HIGH,NORMAL,HIGH,HIGH,HIGH,HIGH,NORMAL,False,HIGH,NORMAL,LOW
HIGH,NORMAL,LOW,False,False,False,False,False,NORMAL,NORMAL,LOW,LOW,NORMAL,HIGH,ZERO,HIGH,HIGH,NORMAL,False,ZERO,NORMAL,HIGH
HIGH,NORMAL,LOW,False,False,False,False,False,NORMAL,NORMAL,LOW,LOW,NORMAL,HIGH,ZERO,HIGH,HIGH,LOW,False,ZERO,NORMAL,LOW
HIGH,NORMAL,LOW,False,False,False,False,False,HIGH,ESOPHAGEAL,LOW,LOW,NORMAL,HIGH,LOW,HIGH,HIGH,HIGH,False,LOW,NORMAL,NORMAL
HIGH,NORMAL,LOW,False,False,False,False,False,NORMAL,NORMAL,LOW,LOW,NORMAL,NORMAL,ZERO,HIGH,HIGH,NORMAL,False,ZERO,NORMAL,NORMAL
HIGH,NORMAL,LOW,False,False,False,False,False,NORMAL,NORMAL,NORMAL,HIGH,NORMAL,HIGH,HIGH,HIGH,HIGH,NORMAL,False,HIGH,NORMAL,LOW
HIGH,NORMAL,LOW,False,True,False,False,False,NORMAL,NORMAL,LOW,LOW,NORMAL,HIGH,ZERO,HIGH,HIGH,NORMAL,False,ZERO,HIGH,NORMAL
HIGH,NORMAL,LOW,False,False,False,False,False,NORMAL,ONESIDED,HIGH,LOW,NORMAL,HIGH,LOW,HIGH,HIGH,NORMAL,False,LOW,HIGH,NORMAL
HIGH,NORMAL,ZERO,False,False,False,False,False,NORMAL,NORMAL,LOW,HIGH,NORMAL,HIGH,HIGH,HIGH,HIGH,NORMAL,False,HIGH,NORMAL,NORMAL
HIGH,NORMAL,LOW,False,False,False,False,False,NORMAL,NORMAL,LOW,LOW,NORMAL,HIGH,ZERO,HIGH,HIGH,NORMAL,False,ZERO,NORMAL,LOW
LOW,LOW,ZERO,False,False,False,True,False,NORMAL,NORMAL,LOW,NORMAL,HIGH,NORMAL,HIGH,LOW,LOW,LOW,False,HIGH,NORMAL,HIGH
HIGH,NORMAL,LOW,False,False,False,False,False,NORMAL,NORMAL,LOW,LOW,NORMAL,HIGH,ZERO,HIGH,HIGH,NORMAL,False,ZERO,NORMAL,LOW
LOW,HIGH,HIGH,False,False,False,False,True,LOW,NORMAL,LOW,HIGH,NORMAL,LOW,HIGH,LOW,LOW,LOW,False,HIGH,NORMAL,HIGH
HIGH,NORMAL,LOW,True,False,False,False,False,NORMAL,NORMAL,LOW,LOW,NORMAL,HIGH,ZERO,HIGH,HIGH,NORMAL,True,ZERO,NORMAL,LOW
HIGH,NORMAL,LOW,False,False,False,False,False,HIGH,NORMAL,LOW,LOW,NORMAL,LOW,ZERO,HIGH,HIGH,HIGH,False,ZERO,HIGH,NORMAL
HIGH,NORMAL,LOW,False,False,False,False,False,HIGH,NORMAL,LOW,LOW,NORMAL,LOW,ZERO,HIGH,HIGH,HIGH,True,ZERO,NORMAL,NORMAL
LOW,NORMAL,LOW,False,False,False,False,False,NORMAL,NORMAL,ZERO,HIGH,NORMAL,NORMAL,ZERO,LOW,LOW,NORMAL,False,HIGH,NORMAL,NORMAL
HIGH,NORMAL,ZERO,False,False,False,False,False,HIGH,NORMAL,LOW,LOW,HIGH,NORMAL,ZERO,HIGH,HIGH,NORMAL,False,ZERO,NORMAL,HIGH
HIGH,NORMAL,LOW,False,False,False,False,False,NORMAL,NORMAL,LOW,LOW,NORMAL,HIGH,ZERO,NORMAL,HIGH,NORMAL,False,ZERO,NORMAL,NORMAL
LOW,NORMAL,ZERO,False,False,True,False,False,LOW,NORMAL,LOW,LOW,NORMAL,NORMAL,ZERO,NORMAL,HIGH,LOW,False,ZERO,NORMAL,HIGH
HIGH,NORMAL,LOW,False,False,False,False,False,LOW,NORMAL,NORMAL,LOW,NORMAL,HIGH,LOW,HIGH,HIGH,LOW,False,NORMAL,NORMAL,NORMAL
HIGH,NORMAL,LOW,False,False,False,False,False,NORMAL,NORMAL,LOW,LOW,NORMAL,HIGH,ZERO,HIGH,HIGH,NORMAL,False,ZERO,NORMAL,NORMAL
HIGH,NORMAL,LOW,False,False,False,False,False,NORMAL,NORMAL,LOW,LOW,NORMAL,HIGH,ZERO,HIGH,HIGH,NORMAL,False,ZERO,NORMAL,HIGH
HIGH,NORMAL,LOW,False,False,False,False,False,NORMAL,ESOPHAGEAL,LOW,LOW,NORMAL,HIGH,LOW,HIGH,HIGH,NORMAL,False,LOW,NORMAL,LOW
HIGH,NORMAL,LOW,False,False,False,False,False,NORMAL,NORMAL,LOW,LOW,LOW,HIGH,ZERO,HIGH,HIGH,NORMAL,False,ZERO,NORMAL,NORMAL
HIGH,NORMAL,LOW,False,True,False,True,False,LOW,NORMAL,LOW,LOW,HIGH,HIGH,ZERO,HIGH,HIGH,LOW,False,ZERO,HIGH,LOW
HIGH,NORMAL,LOW,False,False,False,False,False,NORMAL,ONESIDED,LOW,LOW,HIGH,HIGH,NORMAL,HIGH,HIGH,NORMAL,False,NORMAL,HIGH,LOW
HIGH,NORMAL,LOW,False,False,False,False,False,NORMAL,NORMAL,LOW,LOW,NORMAL,HIGH,ZERO,HIGH,HIGH,NORMAL,False,ZERO,NORMAL,LOW
HIGH,NORMAL,ZERO,False,False,False,False,False,NORMAL,NORMAL,LOW,NORMAL,NORMAL,HIGH,ZERO,HIGH,HIGH,NORMAL,False,ZERO,NORMAL,HIGH
NORMAL,NORMAL,LOW,False,False,True,False,False,NORMAL,NORMAL,LOW,LOW,NORMAL,HIGH,ZERO,NORMAL,NORMAL,NORMAL,False,ZERO,NORMAL,NORMAL
HIGH,NORMAL,ZERO,False,False,False,False,False,NORMAL,NORMAL,LOW,LOW,NORMAL,HIGH,ZERO,HIGH,HIGH,NORMAL,False,ZERO,NORMAL,HIGH
HIGH,NORMAL,LOW,True,False,False,False,False,NORMAL,NORMAL,LOW,LOW,NORMAL,HIGH,LOW,HIGH,HIGH,NORMAL,False,ZERO,NORMAL,LOW
HIGH,NORMAL,LOW,False,False,False,False,True,LOW,NORMAL,LOW,LOW,NORMAL,LOW,ZERO,HIGH,HIGH,LOW,False,ZERO,NORMAL,HIGH
LOW,ZERO,ZERO,False,False,False,False,False,NORMAL,NORMAL,LOW,HIGH,HIGH,NORMAL,HIGH,LOW,LOW,NORMAL,False,HIGH,NORMAL,HIGH
HIGH,NORMAL,LOW,False,False,False,False,False,NORMAL,NORMAL,LOW,LOW,NORMAL,HIGH,ZERO,HIGH,HIGH,NORMAL,False,ZERO,NORMAL,HIGH
LOW,NORMAL,LOW,False,False,False,False,False,NORMAL,NORMAL,LOW,LOW,NORMAL,NORMAL,ZERO,LOW,LOW,NORMAL,False,ZERO,NORMAL,NORMAL
LOW,NORMAL,LOW,False,False,False,False,False,NORMAL,NORMAL,LOW,LOW,NORMAL,NORMAL,ZERO,LOW,LOW,NORMAL,False,ZERO,NORMAL,LOW
HIGH,NORMAL,LOW,False,False,False,False,False,HIGH,ONESIDED,LOW,LOW,HIGH,LOW,NORMAL,HIGH,HIGH,HIGH,False,NORMAL,HIGH,LOW
LOW,NORMAL,LOW,False,False,False,False,False,NORMAL,NORMAL,LOW,LOW,NORMAL,NORMAL,ZERO,LOW,LOW,HIGH,False,ZERO,NORMAL,LOW
HIGH,NORMAL,LOW,False,False,False,False,False,HIGH,NORMAL,LOW,HIGH,NORMAL,LOW,ZERO,HIGH,HIGH,HIGH,False,HIGH,NORMAL,NORMAL
HIGH,NORMAL,LOW,False,False,False,False,False,NORMAL,NORMAL,LOW,LOW,LOW,HIGH,ZERO,HIGH,HIGH,NORMAL,False,ZERO,NORMAL,HIGH
LOW,HIGH,HIGH,False,False,False,False,False,HIGH,ESOPHAGEAL,NORMAL,NORMAL,LOW,NORMAL,ZERO,LOW,LOW,HIGH,False,HIGH,NORMAL,HIGH
HIGH,NORMAL,LOW,False,False,False,False,False,NORMAL,NORMAL,LOW,LOW,HIGH,HIGH,ZERO,HIGH,HIGH,NORMAL,False,ZERO,NORMAL,NORMAL
HIGH,NORMAL,LOW,False,False,False,False,False,NORMAL,NORMAL,LOW,LOW,NORMAL,HIGH,ZERO,HIGH,HIGH,NORMAL,False,ZERO,NORMAL,LOW
HIGH,NORMAL,LOW,False,False,False,False,False,NORMAL,NORMAL,LOW,LOW,NORMAL,HIGH,ZERO,HIGH,HIGH,NORMAL,False,LOW,NORMAL,NORMAL
HIGH,NORMAL,LOW,False,False,True,False,False,LOW,NORMAL,LOW,LOW,NORMAL,HIGH,ZERO,NORMAL,NORMAL,LOW,False,ZERO,NORMAL,NORMAL
HIGH,NORMAL,LOW,False,False,False,False,False,NORMAL,NORMAL,LOW,LOW,NORMAL,HIGH,ZERO,HIGH,HIGH,NORMAL,False,ZERO,NORMAL,LOW
LOW,NORMAL,LOW,False,False,False,False,False,HIGH,NORMAL,LOW,LOW,NORMAL,NORMAL,ZERO,LOW,LOW,NORMAL,False,NORMAL,NORMAL,HIGH
HIGH,NORMAL,LOW,False,False,False,False,False,LOW,NORMAL,LOW,LOW,NORMAL,HIGH,ZERO,HIGH,HIGH,LOW,False,ZERO,NORMAL,LOW
NORMAL,NORMAL,LOW,False,False,True,False,False,HIGH,ONESIDED,NORMAL,LOW,NORMAL,NORMAL,ZERO,NORMAL,NORMAL,HIGH,False,LOW,HIGH,NORMAL
LOW,NORMAL,ZERO,False,False,True,False,False,NORMAL,NORMAL,LOW,LOW,NORMAL,HIGH,ZERO,NORMAL,NORMAL,NORMAL,False,ZERO,NORMAL,LOW
LOW,HIGH,HIGH,False,False,False,False,False,NORMAL,NORMAL,LOW,HIGH,NORMAL,NORMAL,HIGH,LOW,LOW,NORMAL,False,HIGH,NORMAL,HIGH
HIGH,NORMAL,LOW,False,False,False,False,False,NORMAL,NORMAL,LOW,LOW,NORMAL,HIGH,ZERO,HIGH,HIGH,NORMAL,False,ZERO,NORMAL,LOW
HIGH,NORMAL,LOW,False,False,True,False,False,HIGH,NORMAL,ZERO,LOW,NORMAL,HIGH,ZERO,NORMAL,NORMAL,HIGH,False,ZERO,NORMAL,LOW
NORMAL,NORMAL,LOW,False,False,False,False,False,NORMAL,NORMAL,LOW,LOW,NORMAL,HIGH,ZERO,HIGH,HIGH,NORMAL,False,ZERO,NORMAL,HIGH
HIGH,HIGH,HIGH,False,False,False,True,False,HIGH,NORMAL,NORMAL,LOW,NORMAL,HIGH,HIGH,HIGH,HIGH,HIGH,False,LOW,HIGH,NORMAL
HIGH,NORMAL,LOW,False,False,False,False,False,LOW,NORMAL,LOW,LOW,NORMAL,HIGH,ZERO,HIGH,HIGH,LOW,False,ZERO,NORMAL,NORMAL
HIGH,NORMAL,LOW,False,False,False,False,False,HIGH,NORMAL,LOW,LOW,NORMAL,HIGH,ZERO,HIGH,HIGH,HIGH,False,ZERO,NORMAL,LOW
LOW,NORMAL,ZERO,False,False,False,False,False,HIGH,NORMAL,LOW,LOW,NORMAL,LOW,ZERO,LOW,LOW,HIGH,False,ZERO,NORMAL,HIGH
HIGH,NORMAL,LOW,False,False,True,False,False,HIGH,NORMAL,ZERO,HIGH,NORMAL,HIGH,ZERO,NORMAL,NORMAL,HIGH,False,HIGH,NORMAL,LOW
HIGH,NORMAL,LOW,False,False,False,False,False,NORMAL,NORMAL,LOW,LOW,NORMAL,HIGH,ZERO,HIGH,HIGH,NORMAL,False,ZERO,NORMAL,NORMAL
LOW,NORMAL,LOW,False,False,False,False,False,NORMAL,NORMAL,LOW,LOW,NORMAL,NORMAL,ZERO,LOW,LOW,NORMAL,False,ZERO,NORMAL,NORMAL
LOW,HIGH,NORMAL,False,False,False,False,False,NORMAL,NORMAL,HIGH,LOW,NORMAL,NORMAL,LOW,LOW,HIGH,NORMAL,False,LOW,NORMAL,LOW
HIGH,NORMAL,LOW,False,False,False,False,False,NORMAL,NORMAL,LOW,LOW,NORMAL,HIGH,ZERO,HIGH,HIGH,NORMAL,False,ZERO,NORMAL,NORMAL
HIGH,NORMAL,LOW,False,False,False,True,False,NORMAL,NORMAL,LOW,LOW,NORMAL,HIGH,ZERO,HIGH,HIGH,NORMAL,False,LOW,NORMAL,LOW
NORMAL,HIGH,HIGH,False,False,False,False,False,NORMAL,NORMAL,LOW,HIGH,NORMAL,HIGH,HIGH,HIGH,HIGH,NORMAL,False,HIGH,NORMAL,NORMAL
HIGH,NORMAL,LOW,False,False,False,True,False,NORMAL,NORMAL,HIGH,LOW,NORMAL,HIGH,ZERO,HIGH,HIGH,NORMAL,False,ZERO,NORMAL,HIGH
HIGH,HIGH,NORMAL,False,False,False,False,False,NORMAL,NORMAL,HIGH,LOW,NORMAL,HIGH,LOW,HIGH,HIGH,NORMAL,False,LOW,NORMAL,NORMAL
HIGH,NORMAL,LOW,False,False,False,False,False,NORMAL,NORMAL,LOW,LOW,NORMAL,HIGH,ZERO,HIGH,HIGH,NORMAL,False,ZERO,NORMAL,LOW
HIGH,LOW,ZERO,False,False,False,False,False,NORMAL,NORMAL,LOW,LOW,NORMAL,HIGH,ZERO,HIGH,HIGH,NORMAL,False,ZERO,NORMAL,NORMAL
HIGH,HIGH,HIGH,False,False,False,True,False,HIGH,NORMAL,LOW,HIGH,NORMAL,HIGH,HIGH,HIGH,HIGH,HIGH,False,HIGH,NORMAL,NORMAL
HIGH,NORMAL,LOW,False,False,False,False,False,HIGH,NORMAL,LOW,LOW,NORMAL,LOW,ZERO,HIGH,HIGH,NORMAL,False,ZERO,NORMAL,HIGH
HIGH,NORMAL,LOW,False,False,False,False,True,LOW,NORMAL,LOW,LOW,NORMAL,LOW,ZERO,HIGH,HIGH,LOW,False,ZERO,NORMAL,HIGH
LOW,HIGH,HIGH,False,False,False,False,False,HIGH,NORMAL,LOW,HIGH,NORMAL,LOW,HIGH,LOW,HIGH,HIGH,False,HIGH,NORMAL,HIGH
HIGH,NORMAL,LOW,False,False,False,False,False,NORMAL,NORMAL,LOW,LOW,NORMAL,HIGH,HIGH,HIGH,HIGH,NORMAL,False,ZERO,NORMAL,HIGH
HIGH,HIGH,HIGH,False,False,False,True,False,NORMAL,NORMAL,LOW,HIGH,NORMAL,HIGH,HIGH,HIGH,HIGH,NORMAL,False,HIGH,NORMAL,NORMAL
LOW,NORMAL,LOW,False,False,False,False,False,NORMAL,NORMAL,LOW,LOW,NORMAL,LOW,ZERO,HIGH,NORMAL,NORMAL,False,ZERO,NORMAL,NORMAL
LOW,NORMAL,LOW,False,False,True,False,False,NORMAL,NORMAL,LOW,LOW,NORMAL,NORMAL,ZERO,NORMAL,NORMAL,NORMAL,False,ZERO,NORMAL,NORMAL
HIGH,NORMAL,LOW,False,False,False,False,False,HIGH,NORMAL,LOW,LOW,NORMAL,HIGH,ZERO,HIGH,HIGH,HIGH,False,ZERO,NORMAL,NORMAL
HIGH,NORMAL,LOW,False,False,False,False,False,NORMAL,NORMAL,LOW,LOW,LOW,HIGH,ZERO,HIGH,HIGH,NORMAL,False,ZERO,HIGH,NORMAL
HIGH,NORMAL,ZERO,False,False,False,False,False,NORMAL,NORMAL,NORMAL,HIGH,HIGH,HIGH,HIGH,HIGH,HIGH,HIGH,False,HIGH,NORMAL,NORMAL
HIGH,NORMAL,LOW,False,False,False,False,True,LOW,NORMAL,LOW,LOW,NORMAL,LOW,ZERO,NORMAL,HIGH,LOW,False,ZERO,NORMAL,NORMAL
LOW,NORMAL,LOW,False,False,False,False,False,NORMAL,NORMAL,LOW,LOW,NORMAL,NORMAL,ZERO,LOW,LOW,NORMAL,False,ZERO,NORMAL,NORMAL
HIGH,NORMAL,LOW,False,False,False,False,False,NORMAL,NORMAL,LOW,LOW,NORMAL,LOW,ZERO,HIGH,HIGH,NORMAL,False,ZERO,NORMAL,LOW
HIGH,NORMAL,LOW,False,False,False,False,False,HIGH,NORMAL,LOW,LOW,NORMAL,HIGH,ZERO,HIGH,HIGH,HIGH,False,ZERO,NORMAL,LOW
HIGH,NORMAL,LOW,False,False,False,False,False,NORMAL,NORMAL,LOW,LOW,NORMAL,HIGH,ZERO,HIGH,HIGH,NORMAL,False,ZERO,NORMAL,HIGH
LOW,NORMAL,ZERO,False,False,False,False,False,NORMAL,NORMAL,LOW,NORMAL,NORMAL,NORMAL,HIGH,LOW,LOW,NORMAL,False,HIGH,NORMAL,HIGH
HIGH,NORMAL,LOW,False,False,False,False,False,NORMAL,NORMAL,LOW,LOW,NORMAL,HIGH,ZERO,HIGH,HIGH,NORMAL,False,ZERO,NORMAL,NORMAL
HIGH,LOW,ZERO,False,True,False,False,False,NORMAL,NORMAL,LOW,HIGH,HIGH,HIGH,HIGH,HIGH,HIGH,NORMAL,False,HIGH,HIGH,LOW
HIGH,ZERO,ZERO,False,False,False,False,False,NORMAL,NORMAL,LOW,LOW,NORMAL,HIGH,ZERO,HIGH,HIGH,HIGH,False,ZERO,NORMAL,LOW
HIGH,NORMAL,LOW,False,False,False,False,False,NORMAL,NORMAL,LOW,LOW,NORMAL,HIGH,ZERO,HIGH,HIGH,NORMAL,False,ZERO,NORMAL,LOW
HIGH,NORMAL,LOW,False,False,False,False,False,NORMAL,NORMAL,LOW,LOW,NORMAL,HIGH,ZERO,NORMAL,HIGH,NORMAL,False,ZERO,NORMAL,LOW
HIGH,NORMAL,LOW,False,False,False,False,False,HIGH,NORMAL,LOW,LOW,NORMAL,LOW,ZERO,HIGH,HIGH,HIGH,False,ZERO,NORMAL,HIGH
HIGH,NORMAL,LOW,False,False,False,False,False,NORMAL,NORMAL,LOW,LOW,HIGH,LOW,ZERO,HIGH,HIGH,NORMAL,False,ZERO,NORMAL,LOW
LOW,NORMAL,NORMAL,False,False,False,False,False,LOW,NORMAL,HIGH,LOW,NORMAL,LOW,LOW,LOW,LOW,LOW,False,LOW,NORMAL,NORMAL
LOW,NORMAL,LOW,False,False,False,False,False,NORMAL,ONESIDED,LOW,LOW,HIGH,NORMAL,NORMAL,LOW,LOW,NORMAL,False,NORMAL,HIGH,HIGH
NORMAL,ZERO,ZERO,False,False,False,False,False,NORMAL,ESOPHAGEAL,LOW,LOW,NORMAL,HIGH,LOW,HIGH,HIGH,NORMAL,False,LOW,NORMAL,HIGH
HIGH,NORMAL,LOW,False,False,False,False,False,NORMAL,NORMAL,LOW,LOW,NORMAL,HIGH,ZERO,HIGH,HIGH,NORMAL,False,ZERO,NORMAL,LOW
HIGH,NORMAL,LOW,False,False,False,True,False,HIGH,NORMAL,LOW,LOW,NORMAL,HIGH,ZERO,HIGH,HIGH,HIGH,False,ZERO,NORMAL,NORMAL
HIGH,NORMAL,LOW,False,False,False,False,True,LOW,NORMAL,LOW,LOW,HIGH,NORMAL,ZERO,HIGH,HIGH,LOW,False,ZERO,NORMAL,NORMAL
LOW,NORMAL,LOW,False,False,False,False,True,LOW,NORMAL,LOW,LOW,NORMAL,LOW,ZERO,LOW,LOW,LOW,False,ZERO,NORMAL,HIGH
NORMAL,NORMAL,LOW,False,False,False,False,False,NORMAL,NORMAL,LOW,LOW,NORMAL,LOW,ZERO,NORMAL,HIGH,NORMAL,False,ZERO,NORMAL,HIGH
HIGH,NORMAL,LOW,False,False,False,False,False,HIGH,NORMAL,LOW,LOW,HIGH,NORMAL,ZERO,HIGH,HIGH,HIGH,False,ZERO,NORMAL,LOW
HIGH,NORMAL,ZERO,False,False,False,False,False,HIGH,NORMAL,LOW,LOW,NORMAL,LOW,ZERO,LOW,LOW,HIGH,False,ZERO,NORMAL,HIGH
HIGH,NORMAL,LOW,False,False,False,False,False,NORMAL,NORMAL,LOW,LOW,NORMAL,HIGH,ZERO,HIGH,HIGH,NORMAL,False,ZERO,NORMAL,NORMAL
HIGH,NORMAL,LOW,False,False,False,False,False,HIGH,NORMAL,LOW,LOW,NORMAL,HIGH,ZERO,HIGH,HIGH,HIGH,False,ZERO,NORMAL,NORMAL
HIGH,NORMAL,LOW,False,False,False,False,False,NORMAL,NORMAL,LOW,LOW,NORMAL,HIGH,ZERO,HIGH,HIGH,NORMAL,False,ZERO,NORMAL,HIGH
LOW,NORMAL,LOW,False,False,False,False,False,NORMAL,NORMAL,LOW,LOW,NORMAL,LOW,HIGH,LOW,LOW,NORMAL,False,ZERO,NORMAL,HIGH
HIGH,NORMAL,LOW,False,False,False,True,False,NORMAL,NORMAL,LOW,LOW,NORMAL,HIGH,ZERO,HIGH,HIGH,NORMAL,False,ZERO,NORMAL,HIGH
HIGH,ZERO,ZERO,False,False,False,False,False,HIGH,NORMAL,LOW,LOW,NORMAL,HIGH,ZERO,HIGH,HIGH,HIGH,False,ZERO,NORMAL,LOW
HIGH,HIGH,HIGH,False,False,False,False,False,NORMAL,NORMAL,ZERO,LOW,NORMAL,HIGH,HIGH,HIGH,HIGH,NORMAL,False,NORMAL,NORMAL,LOW
HIGH,NORMAL,LOW,False,False,False,False,False,NORMAL,NORMAL,LOW,LOW,NORMAL,HIGH,ZERO,HIGH,HIGH,NORMAL,False,ZERO,NORMAL,LOW
LOW,NORMAL,ZERO,False,False,False,False,False,NORMAL,NORMAL,LOW,NORMAL,NORMAL,NORMAL,HIGH,LOW,LOW,NORMAL,False,HIGH,NORMAL,HIGH
HIGH,ZERO,ZERO,False,False,False,False,False,NORMAL,NORMAL,LOW,LOW,NORMAL,HIGH,ZERO,HIGH,HIGH,NORMAL,False,ZERO,NORMAL,HIGH
HIGH,NORMAL,LOW,False,False,False,False,False,HIGH,NORMAL,LOW,LOW,NORMAL,HIGH,ZERO,HIGH,HIGH,HIGH,False,ZERO,NORMAL,HIGH
HIGH,NORMAL,LOW,False,False,False,False,False,NORMAL,NORMAL,ZERO,HIGH,NORMAL,HIGH,HIGH,HIGH,HIGH,NORMAL,False,HIGH,NORMAL,LOW
HIGH,ZERO,ZERO,False,False,False,False,False,NORMAL,NORMAL,LOW,LOW,NORMAL,HIGH,ZERO,HIGH,HIGH,NORMAL,False,ZERO,NORMAL,LOW
HIGH,NORMAL,LOW,False,False,False,False,False,NORMAL,NORMAL,LOW,LOW,NORMAL,HIGH,ZERO,HIGH,HIGH,LOW,True,ZERO,NORMAL,LOW
HIGH,NORMAL,LOW,False,False,False,False,False,NORMAL,NORMAL,LOW,LOW,NORMAL,HIGH,ZERO,HIGH,HIGH,NORMAL,False,ZERO,NORMAL,NORMAL
HIGH,LOW,ZERO,False,False,False,False,False,HIGH,ONESIDED,LOW,LOW,NORMAL,HIGH,NORMAL,HIGH,HIGH,HIGH,False,NORMAL,HIGH,LOW
HIGH,NORMAL,LOW,False,False,False,False,False,NORMAL,ESOPHAGEAL,NORMAL,LOW,NORMAL,HIGH,ZERO,HIGH,HIGH,NORMAL,False,ZERO,NORMAL,LOW
HIGH,NORMAL,LOW,False,False,False,False,False,NORMAL,NORMAL,LOW,LOW,NORMAL,HIGH,ZERO,HIGH,HIGH,NORMAL,False,ZERO,NORMAL,LOW
HIGH,NORMAL,LOW,False,False,False,False,False,NORMAL,NORMAL,LOW,LOW,NORMAL,HIGH,ZERO,HIGH,HIGH,NORMAL,True,ZERO,NORMAL,HIGH
HIGH,NORMAL,LOW,False,False,False,False,False,NORMAL,NORMAL,LOW,LOW,NORMAL,HIGH,ZERO,HIGH,HIGH,NORMAL,False,ZERO,NORMAL,NORMAL
HIGH,NORMAL,ZERO,False,False,False,True,False,HIGH,NORMAL,LOW,HIGH,LOW,HIGH,HIGH,HIGH,HIGH,HIGH,False,HIGH,NORMAL,NORMAL
HIGH,NORMAL,LOW,False,False,True,False,False,NORMAL,NORMAL,ZERO,LOW,NORMAL,HIGH,ZERO,NORMAL,NORMAL,NORMAL,False,ZERO,NORMAL,NORMAL
HIGH,LOW,ZERO,False,False,False,False,False,NORMAL,NORMAL,ZERO,LOW,NORMAL,HIGH,HIGH,HIGH,HIGH,NORMAL,False,HIGH,HIGH,NORMAL
HIGH,NORMAL,ZERO,False,False,False,False,False,HIGH,NORMAL,LOW,LOW,NORMAL,HIGH,ZERO,HIGH,HIGH,HIGH,False,LOW,NORMAL,LOW
HIGH,NORMAL,HIGH,False,False,False,False,False,HIGH,NORMAL,LOW,HIGH,NORMAL,HIGH,HIGH,HIGH,HIGH,HIGH,False,HIGH,NORMAL,NORMAL
LOW,NORMAL,LOW,False,False,False,False,False,HIGH,NORMAL,LOW,LOW,NORMAL,LOW,ZERO,LOW,LOW,HIGH,False,ZERO,NORMAL,NORMAL
HIGH,LOW,ZERO,False,False,False,False,False,NORMAL,NORMAL,LOW,LOW,NORMAL,HIGH,ZERO,HIGH,HIGH,LOW,False,ZERO,NORMAL,LOW
LOW,HIGH,HIGH,False,False,False,False,False,NORMAL,NORMAL,HIGH,HIGH,NORMAL,NORMAL,HIGH,LOW,LOW,NORMAL,False,HIGH,NORMAL,HIGH
HIGH,NORMAL,LOW,False,False,False,False,False,NORMAL,NORMAL,LOW,LOW,NORMAL,HIGH,ZERO,HIGH,HIGH,NORMAL,False,ZERO,NORMAL,HIGH
HIGH,ZERO,ZERO,False,False,False,False,False,NORMAL,NORMAL,LOW,HIGH,NORMAL,HIGH,HIGH,HIGH,HIGH,NORMAL,False,HIGH,NORMAL,NORMAL
HIGH,NORMAL,LOW,False,False,False,False,False,NORMAL,NORMAL,LOW,LOW,NORMAL,HIGH,ZERO,HIGH,HIGH,NORMAL,False,ZERO,NORMAL,HIGH
HIGH,NORMAL,LOW,False,False,False,False,False,NORMAL,NORMAL,LOW,LOW,NORMAL,HIGH,ZERO,HIGH,HIGH,NORMAL,False,ZERO,NORMAL,LOW
NORMAL,NORMAL,LOW,False,False,False,False,False,HIGH,ONESIDED,NORMAL,LOW,NORMAL,NORMAL,ZERO,HIGH,HIGH,HIGH,False,LOW,HIGH,HIGH
HIGH,LOW,ZERO,False,False,False,True,False,NORMAL,NORMAL,LOW,HIGH,NORMAL,HIGH,HIGH,HIGH,HIGH,NORMAL,False,HIGH,HIGH,LOW
LOW,NORMAL,LOW,False,False,False,True,False,HIGH,NORMAL,LOW,LOW,NORMAL,LOW,ZERO,LOW,LOW,HIGH,False,ZERO,NORMAL,LOW
HIGH,NORMAL,LOW,False,False,False,False,False,NORMAL,NORMAL,LOW,LOW,LOW,HIGH,ZERO,HIGH,HIGH,NORMAL,False,ZERO,NORMAL,LOW
LOW,NORMAL,LOW,False,False,False,False,False,HIGH,NORMAL,LOW,LOW,NORMAL,LOW,ZERO,LOW,LOW,HIGH,False,ZERO,NORMAL,LOW
HIGH,NORMAL,LOW,False,False,False,False,False,NORMAL,NORMAL,LOW,LOW,NORMAL,LOW,ZERO,HIGH,HIGH,NORMAL,False,ZERO,NORMAL,LOW
LOW,NORMAL,LOW,False,False,False,False,False,HIGH,NORMAL,LOW,LOW,NORMAL,NORMAL,ZERO,LOW,LOW,HIGH,False,ZERO,NORMAL,NORMAL
HIGH,NORMAL,ZERO,False,False,True,False,False,NORMAL,NORMAL,NORMAL,LOW,LOW,HIGH,HIGH,NORMAL,NORMAL,NORMAL,False,ZERO,NORMAL,LOW
HIGH,NORMAL,LOW,False,False,False,False,False,NORMAL,NORMAL,LOW,LOW,LOW,NORMAL,ZERO,HIGH,HIGH,NORMAL,False,ZERO,NORMAL,NORMAL
LOW,NORMAL,LOW,False,False,False,False,False,HIGH,NORMAL,LOW,LOW,NORMAL,NORMAL,ZERO,LOW,LOW,HIGH,False,ZERO,NORMAL,HIGH
HIGH,NORMAL,LOW,False,False,False,False,False,NORMAL,NORMAL,LOW,LOW,NORMAL,HIGH,LOW,HIGH,HIGH,NORMAL,False,ZERO,NORMAL,NORMAL
HIGH,NORMAL,LOW,False,False,False,True,False,NORMAL,NORMAL,LOW,LOW,NORMAL,HIGH,ZERO,HIGH,HIGH,NORMAL,False,ZERO,NORMAL,LOW
NORMAL,NORMAL,LOW,False,False,False,True,False,HIGH,NORMAL,LOW,LOW,NORMAL,HIGH,ZERO,HIGH,HIGH,HIGH,False,ZERO,NORMAL,HIGH
HIGH,NORMAL,LOW,False,False,True,False,False,NORMAL,NORMAL,LOW,LOW,NORMAL,LOW,ZERO,NORMAL,NORMAL,NORMAL,True,ZERO,HIGH,NORMAL
HIGH,NORMAL,LOW,False,False,True,False,False,NORMAL,NORMAL,ZERO,LOW,NORMAL,HIGH,ZERO,NORMAL,NORMAL,NORMAL,False,ZERO,NORMAL,NORMAL
HIGH,NORMAL,LOW,False,False,False,False,False,NORMAL,NORMAL,LOW,LOW,NORMAL,HIGH,ZERO,HIGH,HIGH,NORMAL,False,ZERO,NORMAL,NORMAL
NORMAL,NORMAL,LOW,False,False,False,False,False,NORMAL,NORMAL,LOW,LOW,NORMAL,HIGH,ZERO,HIGH,HIGH,NORMAL,False,ZERO,NORMAL,LOW
HIGH,NORMAL,ZERO,False,False,False,False,False,NORMAL,NORMAL,LOW,HIGH,NORMAL,HIGH,HIGH,HIGH,LOW,NORMAL,False,HIGH,NORMAL,LOW
HIGH,NORMAL,LOW,False,False,True,False,False,NORMAL,NORMAL,LOW,LOW,NORMAL,NORMAL,ZERO,NORMAL,NORMAL,NORMAL,False,ZERO,NORMAL,NORMAL
HIGH,NORMAL,LOW,False,False,False,False,False,NORMAL,NORMAL,LOW,LOW,NORMAL,HIGH,ZERO,HIGH,HIGH,NORMAL,False,ZERO,NORMAL,NORMAL
HIGH,NORMAL,LOW,False,False,False,False,False,HIGH,NORMAL,ZERO,LOW,NORMAL,HIGH,ZERO,HIGH,HIGH,HIGH,False,ZERO,NORMAL,HIGH
HIGH,NORMAL,LOW,False,False,False,False,False,LOW,NORMAL,LOW,LOW,NORMAL,HIGH,ZERO,HIGH,HIGH,LOW,False,ZERO,NORMAL,NORMAL
HIGH,NORMAL,LOW,False,False,False,False,False,NORMAL,NORMAL,LOW,LOW,NORMAL,HIGH,ZERO,HIGH,HIGH,NORMAL,False,LOW,NORMAL,HIGH
HIGH,HIGH,HIGH,False,False,False,False,True,LOW,NORMAL,LOW,HIGH,NORMAL,NORMAL,HIGH,HIGH,HIGH,LOW,False,HIGH,NORMAL,LOW
LOW,NORMAL,LOW,False,False,False,True,False,NORMAL,NORMAL,LOW,LOW,NORMAL,NORMAL,ZERO,LOW,LOW,NORMAL,False,NORMAL,NORMAL,HIGH
HIGH,NORMAL,LOW,False,False,False,False,False,LOW,NORMAL,LOW,LOW,NORMAL,HIGH,ZERO,HIGH,HIGH,LOW,False,ZERO,NORMAL,LOW
HIGH,NORMAL,LOW,False,False,False,False,False,HIGH,NORMAL,LOW,LOW,NORMAL,LOW,ZERO,NORMAL,HIGH,HIGH,False,ZERO,NORMAL,HIGH
HIGH,NORMAL,LOW,False,False,False,False,False,NORMAL,NORMAL,LOW,LOW,NORMAL,HIGH,ZERO,HIGH,HIGH,NORMAL,False,ZERO,NORMAL,NORMAL
HIGH,HIGH,NORMAL,False,False,False,False,False,NORMAL,NORMAL,HIGH,LOW,NORMAL,HIGH,LOW,HIGH,LOW,NORMAL,False,LOW,NORMAL,HIGH
HIGH,NORMAL,ZERO,False,False,False,False,False,NORMAL,NORMAL,LOW,LOW,NORMAL,HIGH,ZERO,HIGH,HIGH,NORMAL,False,ZERO,NORMAL,NORMAL
HIGH,NORMAL,LOW,False,False,False,False,False,NORMAL,NORMAL,LOW,LOW,NORMAL,HIGH,ZERO,HIGH,HIGH,NORMAL,False,ZERO,NORMAL,HIGH
HIGH,NORMAL,LOW,False,False,False,False,False,HIGH,NORMAL,LOW,LOW,NORMAL,HIGH,ZERO,HIGH,HIGH,HIGH,False,ZERO,NORMAL,NORMAL
HIGH,NORMAL,LOW,False,False,False,False,False,HIGH,NORMAL,LOW,LOW,NORMAL,HIGH,ZERO,HIGH,HIGH,HIGH,True,ZERO,HIGH,NORMAL
LOW,NORMAL,LOW,False,False,False,False,False,HIGH,NORMAL,LOW,LOW,NORMAL,LOW,ZERO,HIGH,HIGH,HIGH,False,ZERO,NORMAL,HIGH
HIGH,LOW,ZERO,False,False,False,False,False,HIGH,NORMAL,ZERO,NORMAL,NORMAL,LOW,HIGH,HIGH,HIGH,HIGH,False,HIGH,NORMAL,NORMAL
HIGH,NORMAL,LOW,False,False,False,False,False,HIGH,NORMAL,LOW,LOW,NORMAL,LOW,ZERO,HIGH,HIGH,HIGH,False,ZERO,NORMAL,NORMAL
HIGH,NORMAL,LOW,False,False,False,False,False,LOW,NORMAL,LOW,LOW,NORMAL,HIGH,ZERO,HIGH,HIGH,LOW,False,ZERO,NORMAL,LOW
HIGH,NORMAL,LOW,False,False,False,False,False,HIGH,NORMAL,LOW,LOW,NORMAL,HIGH,ZERO,HIGH,HIGH,HIGH,False,ZERO,NORMAL,LOW
LOW,NORMAL,LOW,False,False,False,False,False,NORMAL,NORMAL,NORMAL,LOW,NORMAL,NORMAL,ZERO,LOW,LOW,NORMAL,False,ZERO,NORMAL,LOW
HIGH,NORMAL,LOW,False,False,False,True,False,LOW,NORMAL,LOW,LOW,LOW,HIGH,ZERO,HIGH,HIGH,LOW,False,ZERO,NORMAL,NORMAL
HIGH,NORMAL,LOW,False,False,False,True,False,NORMAL,NORMAL,LOW,LOW,NORMAL,HIGH,ZERO,HIGH,HIGH,NORMAL,False,ZERO,NORMAL,NORMAL
HIGH,NORMAL,LOW,False,False,False,False,False,NORMAL,NORMAL,LOW,LOW,NORMAL,HIGH,ZERO,HIGH,HIGH,LOW,False,ZERO,NORMAL,HIGH
LOW,NORMAL,LOW,False,False,False,False,False,HIGH,NORMAL,LOW,LOW,HIGH,NORMAL,ZERO,LOW,LOW,HIGH,False,ZERO,NORMAL,NORMAL
HIGH,NORMAL,LOW,False,False,False,False,False,NORMAL,NORMAL,LOW,LOW,LOW,HIGH,ZERO,HIGH,HIGH,NORMAL,False,ZERO,NORMAL,NORMAL
HIGH,NORMAL,LOW,False,False,True,False,False,NORMAL,NORMAL,LOW,LOW,NORMAL,HIGH,ZERO,NORMAL,NORMAL,NORMAL,False,ZERO,NORMAL,HIGH
HIGH,NORMAL,ZERO,False,False,False,False,False,NORMAL,NORMAL,LOW,HIGH,NORMAL,HIGH,HIGH,HIGH,HIGH,NORMAL,False,HIGH,NORMAL,NORMAL
HIGH,NORMAL,LOW,False,False,False,False,True,LOW,NORMAL,LOW,LOW,NORMAL,NORMAL,ZERO,HIGH,HIGH,LOW,False,ZERO,NORMAL,NORMAL
HIGH,ZERO,ZERO,False,False,False,False,False,HIGH,NORMAL,LOW,LOW,NORMAL,LOW,ZERO,HIGH,HIGH,HIGH,True,ZERO,NORMAL,NORMAL
HIGH,NORMAL,LOW,False,False,True,False,False,NORMAL,NORMAL,LOW,LOW,NORMAL,LOW,ZERO,NORMAL,NORMAL,NORMAL,False,ZERO,NORMAL,LOW
HIGH,NORMAL,LOW,False,False,False,False,False,NORMAL,NORMAL,NORMAL,LOW,NORMAL,HIGH,ZERO,HIGH,HIGH,NORMAL,False,NORMAL,NORMAL,NORMAL
HIGH,NORMAL,LOW,False,False,False,True,False,HIGH,NORMAL,LOW,LOW,NORMAL,HIGH,ZERO,HIGH,HIGH,HIGH,False,ZERO,NORMAL,NORMAL
HIGH,NORMAL,ZERO,False,False,False,False,False,NORMAL,NORMAL,LOW,HIGH,NORMAL,HIGH,HIGH,HIGH,HIGH,NORMAL,False,HIGH,NORMAL,NORMAL
HIGH,NORMAL,LOW,False,False,False,False,False,NORMAL,NORMAL,LOW,LOW,NORMAL,HIGH,ZERO,HIGH,HIGH,NORMAL,False,ZERO,NORMAL,LOW
LOW,NORMAL,LOW,False,False,False,False,False,NORMAL,NORMAL,LOW,LOW,NORMAL,NORMAL,ZERO,LOW,LOW,NORMAL,False,ZERO,NORMAL,HIGH
HIGH,NORMAL,LOW,False,False,False,False,False,NORMAL,NORMAL,LOW,LOW,NORMAL,HIGH,ZERO,HIGH,HIGH,NORMAL,False,ZERO,HIGH,HIGH
HIGH,NORMAL,LOW,False,False,False,False,False,HIGH,NORMAL,LOW,LOW,NORMAL,HIGH,ZERO,HIGH,HIGH,NORMAL,False,ZERO,NORMAL,HIGH
LOW,LOW,ZERO,False,False,False,False,False,HIGH,NORMAL,LOW,LOW,NORMAL,NORMAL,HIGH,LOW,LOW,HIGH,False,HIGH,NORMAL,NORMAL
HIGH,NORMAL,LOW,False,False,False,False,False,NORMAL,NORMAL,LOW,LOW,NORMAL,HIGH,ZERO,HIGH,HIGH,NORMAL,False,ZERO,NORMAL,HIGH
LOW,NORMAL,ZERO,False,False,False,False,False,HIGH,NORMAL,ZERO,HIGH,LOW,NORMAL,HIGH,LOW,LOW,HIGH,False,HIGH,NORMAL,HIGH
HIGH,NORMAL,LOW,False,False,False,False,False,NORMAL,NORMAL,LOW,LOW,NORMAL,LOW,ZERO,HIGH,HIGH,NORMAL,True,ZERO,NORMAL,NORMAL
HIGH,NORMAL,LOW,False,False,False,True,False,HIGH,NORMAL,LOW,LOW,NORMAL,HIGH,ZERO,HIGH,HIGH,HIGH,False,ZERO,NORMAL,HIGH
HIGH,NORMAL,HIGH,False,False,False,False,False,NORMAL,NORMAL,LOW,NORMAL,NORMAL,HIGH,HIGH,HIGH,HIGH,NORMAL,False,HIGH,NORMAL,NORMAL
HIGH,NORMAL,LOW,False,False,False,False,False,NORMAL,NORMAL,LOW,LOW,NORMAL,HIGH,ZERO,HIGH,HIGH,NORMAL,False,ZERO,NORMAL,NORMAL
HIGH,NORMAL,LOW,False,False,True,False,True,LOW,NORMAL,LOW,LOW,NORMAL,LOW,ZERO,NORMAL,NORMAL,LOW,False,ZERO,NORMAL,HIGH
HIGH,NORMAL,LOW,False,False,False,False,False,NORMAL,NORMAL,LOW,LOW,NORMAL,HIGH,ZERO,HIGH,HIGH,NORMAL,False,ZERO,NORMAL,HIGH
HIGH,NORMAL,LOW,False,False,False,False,False,NORMAL,NORMAL,LOW,LOW,NORMAL,HIGH,ZERO,HIGH,HIGH,NORMAL,False,ZERO,NORMAL,NORMAL
HIGH,NORMAL,LOW,False,False,False,False,False,NORMAL,NORMAL,LOW,LOW,NORMAL,HIGH,ZERO,HIGH,HIGH,LOW,False,ZERO,NORMAL,NORMAL
NORMAL,NORMAL,LOW,False,False,True,True,False,NORMAL,NORMAL,LOW,LOW,NORMAL,HIGH,ZERO,NORMAL,NORMAL,NORMAL,False,ZERO,NORMAL,LOW
NORMAL,NORMAL,LOW,False,False,False,True,False,NORMAL,NORMAL,LOW,LOW,NORMAL,LOW,ZERO,HIGH,LOW,NORMAL,False,ZERO,NORMAL,HIGH
HIGH,NORMAL,LOW,False,False,False,False,False,NORMAL,NORMAL,LOW,LOW,NORMAL,HIGH,ZERO,HIGH,HIGH,NORMAL,False,ZERO,NORMAL,NORMAL
HIGH,LOW,ZERO,False,False,False,False,True,LOW,NORMAL,LOW,HIGH,NORMAL,NORMAL,HIGH,HIGH,HIGH,LOW,False,HIGH,NORMAL,NORMAL
HIGH,NORMAL,LOW,False,False,False,False,False,NORMAL,NORMAL,LOW,HIGH,NORMAL,LOW,HIGH,HIGH,HIGH,NORMAL,False,HIGH,NORMAL,LOW
HIGH,NORMAL,LOW,False,False,False,False,False,NORMAL,NORMAL,LOW,LOW,NORMAL,HIGH,ZERO,HIGH,HIGH,NORMAL,False,ZERO,NORMAL,NORMAL
HIGH,NORMAL,ZERO,False,False,False,False,False,HIGH,NORMAL,LOW,HIGH,NORMAL,HIGH,HIGH,HIGH,HIGH,HIGH,False,HIGH,NORMAL,LOW
HIGH,NORMAL,LOW,False,False,False,False,False,NORMAL,NORMAL,LOW,LOW,NORMAL,HIGH,ZERO,HIGH,HIGH,NORMAL,False,ZERO,NORMAL,NORMAL
HIGH,NORMAL,LOW,False,False,False,True,False,NORMAL,NORMAL,LOW,LOW,NORMAL,HIGH,ZERO,HIGH,HIGH,NORMAL,False,ZERO,NORMAL,NORMAL
HIGH,NORMAL,LOW,False,False,False,False,False,NORMAL,NORMAL,LOW,LOW,NORMAL,HIGH,ZERO,HIGH,HIGH,NORMAL,False,ZERO,NORMAL,NORMAL
NORMAL,NORMAL,LOW,False,False,False,False,False,NORMAL,NORMAL,LOW,LOW,NORMAL,HIGH,ZERO,HIGH,HIGH,NORMAL,False,ZERO,NORMAL,HIGH
LOW,NORMAL,LOW,False,False,True,False,False,HIGH,NORMAL,LOW,LOW,NORMAL,NORMAL,ZERO,LOW,NORMAL,HIGH,False,ZERO,NORMAL,LOW
HIGH,NORMAL,LOW,False,False,False,False,False,NORMAL,NORMAL,LOW,LOW,NORMAL,HIGH,ZERO,HIGH,HIGH,NORMAL,False,ZERO,NORMAL,LOW
HIGH,NORMAL,LOW,False,False,False,False,False,NORMAL,NORMAL,LOW,LOW,NORMAL,HIGH,ZERO,HIGH,HIGH,NORMAL,False,ZERO,NORMAL,LOW
HIGH,NORMAL,LOW,False,False,False,False,False,NORMAL,NORMAL,HIGH,LOW,NORMAL,HIGH,LOW,HIGH,HIGH,NORMAL,True,ZERO,NORMAL,NORMAL
HIGH,LOW,ZERO,False,False,False,False,False,NORMAL,NORMAL,LOW,HIGH,NORMAL,HIGH,HIGH,HIGH,HIGH,NORMAL,False,HIGH,NORMAL,NORMAL
HIGH,NORMAL,LOW,False,False,False,False,False,NORMAL,NORMAL,LOW,LOW,NORMAL,HIGH,ZERO,HIGH,HIGH,NORMAL,False,ZERO,NORMAL,HIGH
HIGH,NORMAL,LOW,False,False,False,False,False,NORMAL,NORMAL,LOW,LOW,LOW,HIGH,ZERO,HIGH,HIGH,NORMAL,False,ZERO,NORMAL,NORMAL
HIGH,NORMAL,LOW,False,False,False,False,False,NORMAL,NORMAL,LOW,LOW,NORMAL,HIGH,ZERO,HIGH,HIGH,NORMAL,False,LOW,NORMAL,LOW
HIGH,NORMAL,LOW,False,False,False,True,False,NORMAL,NORMAL,LOW,LOW,NORMAL,HIGH,ZERO,HIGH,HIGH,NORMAL,False,ZERO,NORMAL,HIGH
HIGH,NORMAL,LOW,False,False,False,False,False,NORMAL,NORMAL,LOW,LOW,NORMAL,HIGH,ZERO,HIGH,HIGH,NORMAL,False,ZERO,NORMAL,HIGH
HIGH,NORMAL,LOW,False,False,False,False,False,NORMAL,NORMAL,LOW,LOW,NORMAL,HIGH,ZERO,HIGH,HIGH,NORMAL,False,ZERO,NORMAL,HIGH
HIGH,NORMAL,LOW,False,False,False,False,False,NORMAL,NORMAL,LOW,LOW,NORMAL,HIGH,ZERO,HIGH,HIGH,NORMAL,False,ZERO,NORMAL,NORMAL
HIGH,NORMAL,LOW,False,False,False,False,True,LOW,NORMAL,LOW,LOW,NORMAL,LOW,ZERO,HIGH,HIGH,LOW,False,ZERO,NORMAL,NORMAL
LOW,NORMAL,LOW,False,False,False,False,True,LOW,NORMAL,LOW,LOW,NORMAL,LOW,ZERO,LOW,LOW,LOW,False,ZERO,NORMAL,NORMAL
HIGH,NORMAL,LOW,False,False,False,False,False,NORMAL,NORMAL,ZERO,LOW,NORMAL,HIGH,ZERO,HIGH,HIGH,NORMAL,False,ZERO,NORMAL,HIGH
HIGH,NORMAL,LOW,False,False,False,False,False,NORMAL,NORMAL,LOW,LOW,NORMAL,HIGH,ZERO,HIGH,HIGH,NORMAL,False,ZERO,NORMAL,LOW
HIGH,NORMAL,LOW,False,False,False,False,False,NORMAL,NORMAL,LOW,LOW,NORMAL,HIGH,ZERO,HIGH,HIGH,NORMAL,False,ZERO,NORMAL,NORMAL
HIGH,NORMAL,LOW,False,False,False,False,False,NORMAL,NORMAL,LOW,LOW,NORMAL,HIGH,ZERO,HIGH,HIGH,NORMAL,False,ZERO,NORMAL,NORMAL
LOW,NORMAL,LOW,False,False,False,False,True,LOW,NORMAL,LOW,LOW,NORMAL,LOW,ZERO,LOW,LOW,LOW,False,ZERO,NORMAL,HIGH
HIGH,NORMAL,LOW,False,False,False,False,False,NORMAL,NORMAL,LOW,LOW,HIGH,NORMAL,ZERO,HIGH,HIGH,NORMAL,False,ZERO,NORMAL,LOW
HIGH,NORMAL,LOW,False,False,False,False,False,NORMAL,NORMAL,LOW,LOW,NORMAL,HIGH,ZERO,HIGH,HIGH,NORMAL,False,ZERO,NORMAL,NORMAL
HIGH,NORMAL,LOW,False,False,False,False,False,HIGH,NORMAL,LOW,LOW,NORMAL,LOW,ZERO,HIGH,HIGH,HIGH,False,ZERO,NORMAL,NORMAL
HIGH,NORMAL,LOW,False,False,False,False,False,NORMAL,NORMAL,LOW,LOW,NORMAL,HIGH,ZERO,HIGH,HIGH,NORMAL,True,ZERO,NORMAL,LOW
HIGH,ZERO,ZERO,False,False,False,False,True,LOW,NORMAL,LOW,LOW,HIGH,NORMAL,ZERO,HIGH,HIGH,LOW,True,ZERO,NORMAL,HIGH
NORMAL,NORMAL,LOW,False,False,False,False,False,LOW,NORMAL,LOW,LOW,LOW,HIGH,ZERO,HIGH,HIGH,NORMAL,False,ZERO,HIGH,HIGH
HIGH,LOW,ZERO,False,False,False,False,False,NORMAL,NORMAL,LOW,HIGH,NORMAL,LOW,HIGH,HIGH,HIGH,NORMAL,False,HIGH,NORMAL,LOW
HIGH,NORMAL,ZERO,False,False,True,False,False,NORMAL,NORMAL,LOW,HIGH,NORMAL,HIGH,HIGH,NORMAL,NORMAL,NORMAL,False,HIGH,NORMAL,NORMAL
HIGH,NORMAL,ZERO,False,False,True,False,True,LOW,NORMAL,ZERO,HIGH,NORMAL,LOW,HIGH,NORMAL,NORMAL,LOW,False,HIGH,NORMAL,LOW
LOW,NORMAL,LOW,False,False,False,False,False,NORMAL,NORMAL,LOW,LOW,NORMAL,HIGH,ZERO,HIGH,HIGH,NORMAL,False,ZERO,NORMAL,NORMAL
HIGH,NORMAL,LOW,False,False,False,False,False,NORMAL,NORMAL,LOW,LOW,NORMAL,HIGH,ZERO,HIGH,HIGH,NORMAL,False,ZERO,NORMAL,HIGH
HIGH,ZERO,ZERO,False,False,False,False,False,NORMAL,NORMAL,LOW,HIGH,NORMAL,HIGH,HIGH,HIGH,HIGH,NORMAL,False,HIGH,NORMAL,NORMAL
HIGH,NORMAL,LOW,False,False,False,True,False,HIGH,NORMAL,LOW,LOW,NORMAL,HIGH,ZERO,HIGH,HIGH,HIGH,False,ZERO,NORMAL,LOW
LOW,NORMAL,ZERO,False,False,False,False,False,NORMAL,NORMAL,LOW,HIGH,NORMAL,NORMAL,HIGH,LOW,LOW,NORMAL,False,HIGH,NORMAL,HIGH
LOW,NORMAL,LOW,False,False,False,False,False,NORMAL,NORMAL,LOW,LOW,NORMAL,NORMAL,ZERO,LOW,LOW,NORMAL,False,ZERO,NORMAL,HIGH
HIGH,NORMAL,LOW,False,False,False,False,False,HIGH,NORMAL,LOW,LOW,NORMAL,NORMAL,ZERO,HIGH,HIGH,HIGH,False,ZERO,NORMAL,NORMAL
HIGH,NORMAL,LOW,False,False,False,False,False,NORMAL,NORMAL,LOW,LOW,NORMAL,HIGH,ZERO,HIGH,HIGH,NORMAL,False,ZERO,NORMAL,LOW
HIGH,NORMAL,LOW,False,False,False,False,False,HIGH,ESOPHAGEAL,LOW,LOW,NORMAL,HIGH,LOW,HIGH,HIGH,HIGH,False,LOW,NORMAL,LOW
HIGH,NORMAL,LOW,False,False,False,False,False,NORMAL,NORMAL,LOW,LOW,NORMAL,HIGH,ZERO,HIGH,HIGH,NORMAL,False,ZERO,NORMAL,HIGH
HIGH,ZERO,LOW,False,False,False,False,False,HIGH,NORMAL,HIGH,LOW,NORMAL,HIGH,ZERO,HIGH,HIGH,HIGH,False,NORMAL,NORMAL,HIGH
LOW,LOW,ZERO,False,False,False,False,True,LOW,NORMAL,LOW,HIGH,NORMAL,LOW,HIGH,LOW,LOW,LOW,False,HIGH,NORMAL,NORMAL
HIGH,NORMAL,LOW,False,False,False,False,False,HIGH,NORMAL,LOW,LOW,NORMAL,HIGH,ZERO,HIGH,HIGH,HIGH,False,ZERO,NORMAL,NORMAL
HIGH,NORMAL,LOW,False,False,False,False,False,HIGH,NORMAL,LOW,LOW,NORMAL,LOW,ZERO,HIGH,HIGH,HIGH,False,ZERO,NORMAL,LOW
HIGH,NORMAL,LOW,False,False,False,False,False,NORMAL,NORMAL,NORMAL,LOW,NORMAL,HIGH,LOW,HIGH,HIGH,NORMAL,False,NORMAL,NORMAL,LOW
HIGH,NORMAL,HIGH,False,False,True,False,False,NORMAL,NORMAL,LOW,HIGH,NORMAL,HIGH,ZERO,NORMAL,NORMAL,NORMAL,False,HIGH,NORMAL,NORMAL
HIGH,NORMAL,LOW,False,False,False,False,False,NORMAL,ESOPHAGEAL,NORMAL,LOW,NORMAL,HIGH,ZERO,HIGH,HIGH,NORMAL,False,ZERO,NORMAL,HIGH
HIGH,NORMAL,LOW,False,False,False,False,False,HIGH,NORMAL,LOW,LOW,NORMAL,LOW,ZERO,HIGH,HIGH,HIGH,False,ZERO,NORMAL,LOW
HIGH,NORMAL,LOW,False,False,False,False,False,NORMAL,NORMAL,LOW,LOW,NORMAL,NORMAL,ZERO,HIGH,HIGH,NORMAL,False,ZERO,NORMAL,NORMAL
LOW,ZERO,ZERO,False,False,False,False,False,LOW,NORMAL,ZERO,NORMAL,HIGH,NORMAL,HIGH,LOW,LOW,LOW,False,HIGH,NORMAL,HIGH
HIGH,NORMAL,LOW,False,False,False,False,False,NORMAL,NORMAL,LOW,LOW,NORMAL,HIGH,ZERO,HIGH,HIGH,NORMAL,False,ZERO,HIGH,NORMAL
NORMAL,NORMAL,LOW,False,False,False,False,False,HIGH,NORMAL,LOW,LOW,NORMAL,HIGH,ZERO,HIGH,HIGH,HIGH,False,ZERO,NORMAL,LOW
HIGH,NORMAL,LOW,False,False,False,False,False,NORMAL,NORMAL,LOW,LOW,NORMAL,NORMAL,ZERO,HIGH,HIGH,NORMAL,False,ZERO,NORMAL,NORMAL
NORMAL,NORMAL,LOW,False,False,False,True,False,HIGH,NORMAL,LOW,LOW,NORMAL,LOW,ZERO,NORMAL,HIGH,HIGH,True,ZERO,NORMAL,NORMAL
HIGH,NORMAL,LOW,False,False,False,True,False,NORMAL,NORMAL,LOW,LOW,NORMAL,HIGH,ZERO,HIGH,HIGH,NORMAL,False,ZERO,NORMAL,LOW
LOW,ZERO,ZERO,False,False,False,True,False,NORMAL,ONESIDED,LOW,LOW,NORMAL,NORMAL,NORMAL,NORMAL,LOW,NORMAL,False,NORMAL,HIGH,HIGH
HIGH,NORMAL,LOW,False,False,False,False,False,HIGH,NORMAL,LOW,LOW,NORMAL,HIGH,ZERO,HIGH,HIGH,HIGH,False,ZERO,NORMAL,LOW
HIGH,ZERO,ZERO,False,False,False,False,False,NORMAL,ONESIDED,LOW,LOW,NORMAL,HIGH,NORMAL,HIGH,HIGH,NORMAL,False,NORMAL,HIGH,NORMAL
HIGH,NORMAL,LOW,False,False,False,False,False,NORMAL,NORMAL,LOW,LOW,LOW,HIGH,ZERO,HIGH,HIGH,NORMAL,False,ZERO,NORMAL,HIGH
LOW,ZERO,ZERO,False,False,False,False,False,HIGH,ONESIDED,LOW,LOW,NORMAL,LOW,NORMAL,LOW,LOW,HIGH,False,NORMAL,HIGH,HIGH
HIGH,NORMAL,LOW,False,False,False,False,False,NORMAL,NORMAL,LOW,LOW,NORMAL,HIGH,ZERO,HIGH,HIGH,NORMAL,False,ZERO,NORMAL,HIGH
NORMAL,NORMAL,LOW,False,False,False,False,False,HIGH,NORMAL,LOW,LOW,NORMAL,LOW,ZERO,HIGH,HIGH,HIGH,False,ZERO,NORMAL,HIGH
LOW,NORMAL,ZERO,False,False,False,False,False,NORMAL,ESOPHAGEAL,LOW,LOW,NORMAL,NORMAL,LOW,LOW,LOW,NORMAL,False,LOW,NORMAL,LOW
HIGH,NORMAL,LOW,False,False,False,False,False,NORMAL,NORMAL,NORMAL,LOW,NORMAL,HIGH,ZERO,HIGH,HIGH,NORMAL,False,ZERO,NORMAL,NORMAL
HIGH,NORMAL,LOW,False,False,False,False,False,NORMAL,NORMAL,LOW,LOW,NORMAL,HIGH,ZERO,HIGH,HIGH,NORMAL,False,ZERO,NORMAL,LOW
HIGH,NORMAL,LOW,False,False,True,False,True,LOW,NORMAL,LOW,LOW,NORMAL,LOW,ZERO,NORMAL,NORMAL,LOW,False,ZERO,NORMAL,HIGH
HIGH,NORMAL,LOW,False,False,True,False,False,HIGH,NORMAL,LOW,LOW,NORMAL,HIGH,ZERO,NORMAL,NORMAL,HIGH,False,ZERO,NORMAL,LOW
HIGH,NORMAL,LOW,False,False,False,False,False,LOW,NORMAL,LOW,LOW,NORMAL,HIGH,ZERO,HIGH,HIGH,LOW,False,ZERO,NORMAL,NORMAL
HIGH,NORMAL,LOW,False,False,False,False,False,NORMAL,NORMAL,LOW,LOW,NORMAL,HIGH,ZERO,HIGH,HIGH,NORMAL,False,ZERO,HIGH,HIGH
HIGH,NORMAL,LOW,False,False,True,False,False,NORMAL,NORMAL,ZERO,HIGH,NORMAL,NORMAL,ZERO,NORMAL,NORMAL,NORMAL,False,HIGH,NORMAL,HIGH
NORMAL,NORMAL,LOW,False,False,False,True,False,NORMAL,NORMAL,LOW,LOW,NORMAL,HIGH,ZERO,HIGH,HIGH,NORMAL,False,ZERO,NORMAL,HIGH
HIGH,NORMAL,LOW,False,False,False,False,False,NORMAL,NORMAL,LOW,LOW,NORMAL,HIGH,ZERO,HIGH,HIGH,NORMAL,False,ZERO,NORMAL,NORMAL
HIGH,NORMAL,LOW,False,False,False,False,True,LOW,NORMAL,LOW,LOW,NORMAL,NORMAL,ZERO,HIGH,HIGH,LOW,False,ZERO,NORMAL,NORMAL
NORMAL,NORMAL,LOW,False,False,False,False,False,HIGH,ONESIDED,NORMAL,LOW,NORMAL,HIGH,LOW,HIGH,HIGH,HIGH,False,LOW,HIGH,LOW
HIGH,NORMAL,LOW,False,False,False,False,False,NORMAL,NORMAL,LOW,LOW,NORMAL,HIGH,ZERO,HIGH,HIGH,NORMAL,False,ZERO,NORMAL,LOW
HIGH,NORMAL,ZERO,False,False,False,False,False,NORMAL,NORMAL,LOW,NORMAL,NORMAL,LOW,HIGH,HIGH,HIGH,NORMAL,False,HIGH,NORMAL,NORMAL
HIGH,NORMAL,LOW,False,False,False,False,False,NORMAL,NORMAL,LOW,LOW,LOW,HIGH,ZERO,HIGH,HIGH,NORMAL,False,ZERO,NORMAL,LOW
HIGH,ZERO,ZERO,False,False,False,False,False,HIGH,NORMAL,LOW,NORMAL,NORMAL,LOW,HIGH,HIGH,HIGH,HIGH,False,HIGH,NORMAL,LOW
HIGH,NORMAL,LOW,False,False,False,False,False,NORMAL,NORMAL,LOW,LOW,NORMAL,HIGH,ZERO,HIGH,HIGH,NORMAL,False,ZERO,HIGH,HIGH
HIGH,LOW,ZERO,False,False,False,False,True,LOW,NORMAL,LOW,HIGH,NORMAL,LOW,HIGH,HIGH,HIGH,LOW,False,HIGH,NORMAL,HIGH
HIGH,NORMAL,LOW,False,False,False,False,False,NORMAL,ONESIDED,NORMAL,NORMAL,NORMAL,HIGH,ZERO,HIGH,HIGH,NORMAL,False,LOW,HIGH,LOW
HIGH,NORMAL,LOW,False,False,False,False,False,NORMAL,NORMAL,LOW,LOW,NORMAL,HIGH,ZERO,HIGH,HIGH,NORMAL,False,ZERO,NORMAL,LOW
HIGH,NORMAL,LOW,False,False,False,False,False,HIGH,NORMAL,LOW,LOW,NORMAL,HIGH,ZERO,HIGH,HIGH,HIGH,False,ZERO,NORMAL,LOW
LOW,NORMAL,LOW,False,False,False,False,False,NORMAL,NORMAL,LOW,LOW,NORMAL,LOW,ZERO,LOW,LOW,NORMAL,True,ZERO,NORMAL,NORMAL
HIGH,NORMAL,LOW,False,False,False,False,False,LOW,NORMAL,LOW,LOW,NORMAL,HIGH,ZERO,HIGH,HIGH,LOW,False,ZERO,NORMAL,LOW
HIGH,NORMAL,LOW,False,False,False,False,False,NORMAL,NORMAL,ZERO,LOW,NORMAL,HIGH,ZERO,HIGH,HIGH,NORMAL,False,ZERO,NORMAL,LOW
HIGH,NORMAL,LOW,False,False,False,False,False,NORMAL,NORMAL,LOW,LOW,NORMAL,HIGH,ZERO,HIGH,HIGH,LOW,False,ZERO,NORMAL,HIGH
HIGH,LOW,ZERO,False,True,False,False,False,NORMAL,ONESIDED,LOW,LOW,HIGH,HIGH,NORMAL,HIGH,NORMAL,NORMAL,False,NORMAL,HIGH,LOW
HIGH,NORMAL,LOW,False,False,False,False,False,HIGH,NORMAL,LOW,LOW,NORMAL,HIGH,ZERO,HIGH,HIGH,HIGH,False,ZERO,NORMAL,HIGH
HIGH,NORMAL,LOW,False,False,False,True,False,NORMAL,NORMAL,LOW,LOW,NORMAL,HIGH,ZERO,HIGH,HIGH,NORMAL,False,ZERO,NORMAL,LOW
HIGH,ZERO,ZERO,False,False,False,False,False,NORMAL,NORMAL,LOW,LOW,LOW,HIGH,ZERO,HIGH,HIGH,NORMAL,True,ZERO,NORMAL,LOW
HIGH,NORMAL,LOW,False,False,False,False,False,NORMAL,NORMAL,LOW,LOW,NORMAL,HIGH,ZERO,HIGH,HIGH,NORMAL,False,ZERO,NORMAL,NORMAL
HIGH,NORMAL,LOW,False,False,False,True,False,NORMAL,NORMAL,LOW,LOW,NORMAL,HIGH,ZERO,HIGH,HIGH,NORMAL,False,ZERO,NORMAL,HIGH
LOW,NORMAL,ZERO,False,False,False,False,False,HIGH,NORMAL,NORMAL,LOW,NORMAL,LOW,HIGH,LOW,LOW,HIGH,False,ZERO,NORMAL,HIGH
HIGH,HIGH,HIGH,False,False,False,False,False,LOW,NORMAL,LOW,HIGH,NORMAL,LOW,HIGH,HIGH,HIGH,LOW,False,HIGH,NORMAL,NORMAL
LOW,NORMAL,LOW,False,False,True,False,True,LOW,NORMAL,LOW,LOW,NORMAL,LOW,ZERO,NORMAL,LOW,LOW,False,ZERO,NORMAL,LOW
HIGH,NORMAL,LOW,False,False,False,False,False,NORMAL,NORMAL,LOW,LOW,NORMAL,HIGH,ZERO,HIGH,HIGH,NORMAL,False,ZERO,NORMAL,HIGH
HIGH,NORMAL,LOW,False,False,False,True,False,NORMAL,NORMAL,LOW,LOW,HIGH,HIGH,ZERO,HIGH,HIGH,NORMAL,False,ZERO,NORMAL,NORMAL
NORMAL,NORMAL,LOW,False,False,False,False,False,HIGH,NORMAL,LOW,LOW,NORMAL,HIGH,ZERO,HIGH,HIGH,HIGH,False,ZERO,NORMAL,LOW
HIGH,NORMAL,LOW,False,False,False,False,False,NORMAL,NORMAL,LOW,LOW,NORMAL,HIGH,ZERO,HIGH,HIGH,NORMAL,False,ZERO,NORMAL,NORMAL
LOW,NORMAL,LOW,False,False,False,True,False,NORMAL,ONESIDED,LOW,LOW,NORMAL,NORMAL,NORMAL,LOW,LOW,NORMAL,False,NORMAL,HIGH,NORMAL
HIGH,ZERO,ZERO,False,False,False,False,False,NORMAL,NORMAL,LOW,HIGH,NORMAL,HIGH,HIGH,HIGH,HIGH,NORMAL,False,HIGH,NORMAL,NORMAL
HIGH,NORMAL,ZERO,False,False,False,False,False,NORMAL,NORMAL,LOW,HIGH,NORMAL,HIGH,HIGH,HIGH,HIGH,NORMAL,False,HIGH,NORMAL,NORMAL
NORMAL,NORMAL,LOW,False,False,False,False,False,NORMAL,NORMAL,LOW,LOW,NORMAL,HIGH,ZERO,LOW,HIGH,NORMAL,False,ZERO,NORMAL,HIGH
NORMAL,NORMAL,LOW,False,False,False,False,False,LOW,NORMAL,LOW,LOW,NORMAL,HIGH,ZERO,HIGH,HIGH,LOW,False,ZERO,HIGH,LOW
LOW,ZERO,ZERO,False,False,True,False,False,NORMAL,NORMAL,LOW,HIGH,NORMAL,NORMAL,HIGH,NORMAL,HIGH,NORMAL,False,HIGH,NORMAL,HIGH
LOW,NORMAL,LOW,False,False,True,False,False,NORMAL,NORMAL,LOW,LOW,NORMAL,NORMAL,ZERO,NORMAL,NORMAL,NORMAL,False,ZERO,NORMAL,LOW
HIGH,NORMAL,ZERO,False,False,False,False,False,NORMAL,NORMAL,LOW,LOW,NORMAL,HIGH,ZERO,HIGH,HIGH,NORMAL,False,ZERO,NORMAL,NORMAL
HIGH,NORMAL,LOW,False,False,False,False,False,HIGH,NORMAL,LOW,LOW,NORMAL,HIGH,ZERO,HIGH,HIGH,HIGH,False,LOW,NORMAL,NORMAL
HIGH,NORMAL,LOW,False,False,False,False,True,LOW,NORMAL,LOW,LOW,NORMAL,LOW,ZERO,HIGH,HIGH,LOW,True,ZERO,NORMAL,NORMAL
HIGH,NORMAL,LOW,False,False,False,False,False,NORMAL,NORMAL,LOW,LOW,NORMAL,HIGH,ZERO,HIGH,HIGH,NORMAL,False,ZERO,NORMAL,HIGH
HIGH,NORMAL,LOW,False,False,False,False,False,NORMAL,NORMAL,LOW,LOW,NORMAL,HIGH,ZERO,HIGH,HIGH,NORMAL,False,ZERO,NORMAL,NORMAL
HIGH,NORMAL,LOW,False,False,True,False,False,NORMAL,NORMAL,LOW,LOW,NORMAL,HIGH,ZERO,NORMAL,NORMAL,NORMAL,False,ZERO,NORMAL,NORMAL
HIGH,NORMAL,LOW,False,False,False,False,False,HIGH,NORMAL,LOW,LOW,NORMAL,LOW,ZERO,HIGH,HIGH,HIGH,False,ZERO,NORMAL,NORMAL
HIGH,NORMAL,ZERO,False,False,False,False,False,NORMAL,NORMAL,LOW,LOW,NORMAL,HIGH,ZERO,HIGH,HIGH,NORMAL,False,ZERO,NORMAL,NORMAL
HIGH,NORMAL,ZERO,False,False,False,False,False,NORMAL,NORMAL,LOW,HIGH,NORMAL,LOW,HIGH,HIGH,HIGH,NORMAL,False,HIGH,NORMAL,NORMAL
HIGH,NORMAL,ZERO,False,False,False,False,False,NORMAL,NORMAL,LOW,LOW,NORMAL,HIGH,ZERO,HIGH,HIGH,NORMAL,True,ZERO,NORMAL,NORMAL
HIGH,HIGH,HIGH,False,False,False,True,False,NORMAL,NORMAL,LOW,HIGH,NORMAL,NORMAL,HIGH,HIGH,HIGH,NORMAL,False,HIGH,NORMAL,NORMAL
HIGH,NORMAL,LOW,False,False,False,False,False,NORMAL,NORMAL,LOW,LOW,NORMAL,HIGH,ZERO,HIGH,HIGH,NORMAL,False,ZERO,NORMAL,HIGH
HIGH,NORMAL,LOW,False,False,False,False,False,HIGH,NORMAL,LOW,LOW,NORMAL,LOW,ZERO,HIGH,HIGH,HIGH,False,ZERO,NORMAL,LOW
NORMAL,NORMAL,LOW,False,False,False,False,False,NORMAL,NORMAL,LOW,LOW,NORMAL,HIGH,ZERO,HIGH,HIGH,NORMAL,False,ZERO,NORMAL,LOW
HIGH,LOW,ZERO,False,False,False,False,False,NORMAL,NORMAL,LOW,HIGH,NORMAL,LOW,HIGH,HIGH,HIGH,NORMAL,False,HIGH,NORMAL,NORMAL
LOW,HIGH,HIGH,False,False,False,False,False,HIGH,NORMAL,LOW,HIGH,NORMAL,HIGH,HIGH,HIGH,HIGH,HIGH,False,HIGH,NORMAL,LOW
HIGH,NORMAL,LOW,False,False,False,False,False,HIGH,ONESIDED,LOW,LOW,NORMAL,LOW,NORMAL,HIGH,HIGH,HIGH,False,NORMAL,HIGH,HIGH
HIGH,NORMAL,LOW,False,False,False,False,True,LOW,NORMAL,LOW,LOW,NORMAL,LOW,HIGH,HIGH,HIGH,LOW,False,ZERO,NORMAL,LOW
LOW,NORMAL,LOW,False,False,True,True,False,NORMAL,NORMAL,LOW,LOW,NORMAL,NORMAL,ZERO,NORMAL,HIGH,NORMAL,True,ZERO,NORMAL,NORMAL
HIGH,NORMAL,LOW,False,False,False,False,False,NORMAL,NORMAL,LOW,LOW,NORMAL,HIGH,ZERO,HIGH,HIGH,NORMAL,False,ZERO,NORMAL,HIGH
HIGH,HIGH,HIGH,False,False,False,False,True,LOW,ONESIDED,HIGH,LOW,NORMAL,HIGH,HIGH,HIGH,HIGH,LOW,False,LOW,HIGH,NORMAL
HIGH,NORMAL,LOW,False,False,True,False,False,NORMAL,NORMAL,LOW,LOW,NORMAL,HIGH,ZERO,NORMAL,NORMAL,NORMAL,False,ZERO,NORMAL,HIGH
HIGH,NORMAL,LOW,False,False,False,False,False,NORMAL,NORMAL,LOW,LOW,NORMAL,LOW,ZERO,HIGH,HIGH,NORMAL,False,ZERO,HIGH,HIGH
NORMAL,NORMAL,LOW,False,False,False,False,False,NORMAL,NORMAL,LOW,LOW,NORMAL,HIGH,ZERO,HIGH,HIGH,NORMAL,False,ZERO,NORMAL,NORMAL
LOW,NORMAL,LOW,False,False,False,False,True,LOW,NORMAL,LOW,LOW,NORMAL,LOW,ZERO,LOW,LOW,LOW,False,ZERO,NORMAL,NORMAL
HIGH,NORMAL,LOW,False,False,False,False,True,LOW,NORMAL,LOW,LOW,NORMAL,NORMAL,ZERO,HIGH,HIGH,LOW,False,ZERO,NORMAL,NORMAL
HIGH,HIGH,HIGH,False,False,False,False,True,LOW,NORMAL,LOW,HIGH,NORMAL,LOW,HIGH,HIGH,HIGH,LOW,False,HIGH,HIGH,NORMAL
HIGH,NORMAL,LOW,False,False,False,False,False,NORMAL,NORMAL,LOW,LOW,LOW,HIGH,ZERO,HIGH,HIGH,NORMAL,False,ZERO,NORMAL,LOW
HIGH,NORMAL,LOW,False,False,False,False,False,NORMAL,NORMAL,LOW,LOW,NORMAL,LOW,ZERO,HIGH,HIGH,NORMAL,False,ZERO,NORMAL,NORMAL
LOW,HIGH,HIGH,False,False,False,True,False,NORMAL,NORMAL,ZERO,HIGH,NORMAL,NORMAL,HIGH,LOW,LOW,NORMAL,False,HIGH,NORMAL,HIGH
HIGH,NORMAL,LOW,False,False,False,False,False,HIGH,NORMAL,LOW,LOW,NORMAL,HIGH,ZERO,HIGH,HIGH,HIGH,True,ZERO,NORMAL,NORMAL
HIGH,NORMAL,ZERO,False,False,False,False,False,NORMAL,NORMAL,HIGH,LOW,NORMAL,HIGH,ZERO,HIGH,HIGH,NORMAL,False,ZERO,NORMAL,NORMAL
HIGH,NORMAL,ZERO,False,False,False,False,False,NORMAL,NORMAL,LOW,LOW,NORMAL,HIGH,ZERO,HIGH,HIGH,LOW,False,ZERO,NORMAL,NORMAL
HIGH,NORMAL,LOW,False,False,False,False,True,LOW,NORMAL,LOW,LOW,NORMAL,LOW,ZERO,HIGH,HIGH,LOW,False,ZERO,NORMAL,NORMAL
HIGH,NORMAL,LOW,False,False,False,False,False,NORMAL,NORMAL,LOW,LOW,NORMAL,HIGH,ZERO,HIGH,HIGH,NORMAL,False,ZERO,NORMAL,NORMAL
HIGH,HIGH,NORMAL,False,False,False,False,False,NORMAL,NORMAL,HIGH,LOW,NORMAL,HIGH,LOW,HIGH,HIGH,NORMAL,False,LOW,HIGH,LOW
LOW,NORMAL,LOW,False,False,False,False,False,NORMAL,NORMAL,LOW,LOW,NORMAL,NORMAL,ZERO,LOW,LOW,NORMAL,False,ZERO,NORMAL,NORMAL
LOW,HIGH,HIGH,False,False,True,False,False,NORMAL,NORMAL,LOW,HIGH,NORMAL,NORMAL,HIGH,NORMAL,HIGH,NORMAL,False,HIGH,NORMAL,HIGH
HIGH,LOW,ZERO,False,False,True,False,False,NORMAL,NORMAL,NORMAL,LOW,NORMAL,HIGH,HIGH,NORMAL,NORMAL,NORMAL,False,LOW,NORMAL,NORMAL
HIGH,NORMAL,ZERO,False,False,False,False,False,NORMAL,NORMAL,LOW,LOW,NORMAL,HIGH,ZERO,HIGH,HIGH,NORMAL,False,ZERO,NORMAL,NORMAL
LOW,NORMAL,HIGH,False,False,False,False,True,LOW,NORMAL,LOW,HIGH,NORMAL,LOW,HIGH,LOW,LOW,LOW,False,HIGH,NORMAL,HIGH
LOW,NORMAL,LOW,False,False,False,False,False,NORMAL,NORMAL,LOW,LOW,NORMAL,NORMAL,ZERO,LOW,LOW,NORMAL,False,ZERO,NORMAL,NORMAL
HIGH,NORMAL,LOW,False,False,True,False,False,NORMAL,NORMAL,LOW,LOW,HIGH,HIGH,ZERO,NORMAL,NORMAL,NORMAL,False,ZERO,NORMAL,HIGH
HIGH,NORMAL,LOW,False,False,False,False,False,HIGH,ESOPHAGEAL,ZERO,HIGH,NORMAL,HIGH,LOW,HIGH,HIGH,HIGH,False,HIGH,NORMAL,NORMAL
NORMAL,NORMAL,LOW,False,False,False,False,False,NORMAL,NORMAL,LOW,LOW,NORMAL,HIGH,ZERO,HIGH,HIGH,NORMAL,False,ZERO,NORMAL,HIGH
HIGH,NORMAL,LOW,False,False,False,False,False,NORMAL,NORMAL,LOW,LOW,NORMAL,HIGH,ZERO,HIGH,HIGH,NORMAL,False,ZERO,NORMAL,HIGH
HIGH,NORMAL,LOW,False,False,False,False,False,HIGH,NORMAL,LOW,LOW,NORMAL,LOW,NORMAL,HIGH,HIGH,HIGH,False,ZERO,HIGH,NORMAL
HIGH,NORMAL,LOW,False,False,False,False,False,HIGH,NORMAL,HIGH,LOW,NORMAL,HIGH,LOW,HIGH,HIGH,HIGH,False,LOW,NORMAL,LOW
LOW,LOW,ZERO,False,False,True,False,False,NORMAL,NORMAL,LOW,HIGH,NORMAL,NORMAL,HIGH,HIGH,LOW,NORMAL,False,HIGH,NORMAL,HIGH
HIGH,NORMAL,LOW,False,False,False,False,False,NORMAL,NORMAL,LOW,LOW,NORMAL,LOW,ZERO,HIGH,HIGH,NORMAL,False,ZERO,NORMAL,HIGH
LOW,LOW,ZERO,False,False,False,False,False,NORMAL,NORMAL,LOW,NORMAL,NORMAL,HIGH,HIGH,LOW,LOW,NORMAL,False,HIGH,NORMAL,NORMAL
HIGH,HIGH,HIGH,False,False,False,True,False,HIGH,ESOPHAGEAL,LOW,HIGH,NORMAL,LOW,LOW,HIGH,HIGH,HIGH,False,HIGH,HIGH,HIGH
NORMAL,NORMAL,LOW,False,False,False,False,False,NORMAL,NORMAL,NORMAL,LOW,NORMAL,LOW,ZERO,HIGH,HIGH,NORMAL,False,ZERO,NORMAL,HIGH
HIGH,NORMAL,LOW,False,False,False,False,False,HIGH,NORMAL,LOW,LOW,NORMAL,HIGH,ZERO,HIGH,HIGH,HIGH,False,ZERO,NORMAL,LOW
HIGH,NORMAL,LOW,False,False,False,False,False,NORMAL,NORMAL,LOW,LOW,HIGH,HIGH,ZERO,LOW,HIGH,NORMAL,False,ZERO,HIGH,LOW
HIGH,ZERO,ZERO,False,False,False,False,False,NORMAL,NORMAL,LOW,LOW,NORMAL,LOW,ZERO,HIGH,HIGH,NORMAL,True,ZERO,NORMAL,LOW
HIGH,NORMAL,LOW,False,False,False,False,False,NORMAL,NORMAL,LOW,LOW,NORMAL,HIGH,ZERO,HIGH,HIGH,NORMAL,False,ZERO,NORMAL,LOW
HIGH,NORMAL,LOW,False,False,False,False,False,NORMAL,NORMAL,LOW,LOW,LOW,NORMAL,ZERO,HIGH,HIGH,NORMAL,False,ZERO,NORMAL,HIGH
HIGH,NORMAL,LOW,False,False,False,True,False,NORMAL,NORMAL,LOW,LOW,LOW,HIGH,ZERO,HIGH,HIGH,NORMAL,False,ZERO,NORMAL,NORMAL
LOW,NORMAL,LOW,False,False,False,False,False,HIGH,NORMAL,LOW,LOW,LOW,LOW,ZERO,LOW,LOW,HIGH,False,ZERO,NORMAL,NORMAL
HIGH,NORMAL,HIGH,False,False,False,False,True,LOW,NORMAL,LOW,NORMAL,NORMAL,LOW,HIGH,HIGH,HIGH,LOW,False,HIGH,NORMAL,LOW
HIGH,NORMAL,LOW,False,False,False,False,False,NORMAL,NORMAL,LOW,LOW,NORMAL,HIGH,ZERO,HIGH,HIGH,NORMAL,False,ZERO,NORMAL,HIGH
HIGH,NORMAL,ZERO,False,False,False,False,False,NORMAL,NORMAL,LOW,HIGH,HIGH,HIGH,HIGH,HIGH,HIGH,NORMAL,False,HIGH,NORMAL,NORMAL
HIGH,NORMAL,LOW,False,False,False,False,False,HIGH,NORMAL,LOW,LOW,LOW,HIGH,ZERO,HIGH,HIGH,HIGH,False,ZERO,NORMAL,HIGH
LOW,NORMAL,ZERO,False,False,False,False,False,HIGH,NORMAL,ZERO,HIGH,NORMAL,NORMAL,HIGH,LOW,LOW,HIGH,False,HIGH,NORMAL,HIGH
HIGH,ZERO,ZERO,False,False,False,False,False,NORMAL,NORMAL,NORMAL,LOW,NORMAL,HIGH,ZERO,HIGH,HIGH,NORMAL,False,ZERO,NORMAL,NORMAL
HIGH,NORMAL,LOW,False,False,False,False,False,LOW,NORMAL,LOW,LOW,NORMAL,HIGH,ZERO,HIGH,NORMAL,LOW,False,ZERO,NORMAL,LOW
HIGH,NORMAL,LOW,False,False,False,False,False,NORMAL,NORMAL,LOW,LOW,NORMAL,HIGH,ZERO,HIGH,HIGH,NORMAL,False,ZERO,NORMAL,HIGH
HIGH,NORMAL,LOW,False,False,True,False,False,NORMAL,NORMAL,LOW,LOW,NORMAL,HIGH,ZERO,NORMAL,NORMAL,NORMAL,False,ZERO,NORMAL,LOW
HIGH,LOW,ZERO,False,False,False,False,False,NORMAL,NORMAL,LOW,LOW,NORMAL,HIGH,ZERO,HIGH,HIGH,NORMAL,True,ZERO,NORMAL,LOW
HIGH,NORMAL,LOW,False,False,False,False,False,NORMAL,NORMAL,LOW,LOW,NORMAL,HIGH,ZERO,HIGH,HIGH,NORMAL,False,ZERO,HIGH,NORMAL
HIGH,NORMAL,LOW,False,False,False,False,True,LOW,NORMAL,LOW,LOW,NORMAL,LOW,ZERO,HIGH,HIGH,NORMAL,False,ZERO,NORMAL,NORMAL
HIGH,NORMAL,LOW,False,False,True,False,False,HIGH,NORMAL,LOW,LOW,NORMAL,HIGH,ZERO,NORMAL,NORMAL,HIGH,False,ZERO,NORMAL,LOW
HIGH,NORMAL,LOW,False,False,False,False,False,HIGH,NORMAL,LOW,LOW,NORMAL,HIGH,ZERO,HIGH,HIGH,NORMAL,False,ZERO,NORMAL,NORMAL
HIGH,NORMAL,LOW,False,False,False,False,False,NORMAL,NORMAL,LOW,LOW,NORMAL,HIGH,ZERO,HIGH,HIGH,NORMAL,False,ZERO,NORMAL,NORMAL
HIGH,NORMAL,LOW,False,False,False,False,False,NORMAL,NORMAL,LOW,LOW,NORMAL,HIGH,ZERO,HIGH,HIGH,NORMAL,False,ZERO,NORMAL,HIGH
HIGH,NORMAL,LOW,False,False,False,False,False,NORMAL,NORMAL,LOW,LOW,NORMAL,HIGH,ZERO,HIGH,HIGH,NORMAL,False,ZERO,NORMAL,NORMAL
HIGH,NORMAL,LOW,False,False,False,False,False,NORMAL,NORMAL,LOW,LOW,LOW,HIGH,ZERO,HIGH,HIGH,NORMAL,False,ZERO,NORMAL,LOW
HIGH,NORMAL,NORMAL,False,False,False,True,False,NORMAL,NORMAL,HIGH,LOW,NORMAL,HIGH,LOW,HIGH,HIGH,NORMAL,False,LOW,NORMAL,HIGH
HIGH,NORMAL,ZERO,False,False,False,False,False,NORMAL,NORMAL,LOW,HIGH,LOW,NORMAL,HIGH,HIGH,NORMAL,NORMAL,False,HIGH,NORMAL,LOW
LOW,LOW,ZERO,False,False,False,False,False,LOW,NORMAL,LOW,HIGH,NORMAL,LOW,HIGH,LOW,LOW,LOW,False,HIGH,NORMAL,HIGH
HIGH,NORMAL,LOW,False,False,True,False,False,NORMAL,NORMAL,LOW,LOW,NORMAL,HIGH,ZERO,NORMAL,NORMAL,NORMAL,False,ZERO,NORMAL,LOW
HIGH,NORMAL,LOW,False,False,False,True,False,HIGH,NORMAL,LOW,LOW,NORMAL,HIGH,ZERO,HIGH,HIGH,HIGH,False,ZERO,NORMAL,HIGH
HIGH,NORMAL,LOW,False,False,False,False,False,HIGH,NORMAL,LOW,LOW,NORMAL,LOW,ZERO,HIGH,NORMAL,HIGH,False,ZERO,NORMAL,NORMAL
HIGH,NORMAL,LOW,False,False,False,True,False,NORMAL,ONESIDED,NORMAL,LOW,NORMAL,HIGH,ZERO,HIGH,HIGH,NORMAL,False,LOW,HIGH,LOW
HIGH,NORMAL,LOW,False,False,True,False,False,NORMAL,NORMAL,LOW,LOW,NORMAL,HIGH,ZERO,NORMAL,NORMAL,NORMAL,False,ZERO,NORMAL,NORMAL
HIGH,ZERO,ZERO,False,False,False,False,False,HIGH,NORMAL,LOW,HIGH,NORMAL,LOW,HIGH,HIGH,HIGH,HIGH,False,HIGH,NORMAL,LOW
HIGH,NORMAL,LOW,False,False,False,False,False,NORMAL,NORMAL,LOW,LOW,NORMAL,LOW,ZERO,HIGH,HIGH,NORMAL,False,ZERO,NORMAL,NORMAL
HIGH,NORMAL,LOW,False,False,False,False,False,HIGH,NORMAL,LOW,LOW,NORMAL,HIGH,ZERO,HIGH,HIGH,HIGH,False,ZERO,NORMAL,HIGH
LOW,NORMAL,LOW,False,False,False,False,False,HIGH,NORMAL,LOW,LOW,NORMAL,LOW,ZERO,LOW,LOW,HIGH,False,ZERO,NORMAL,HIGH
HIGH,LOW,ZERO,False,False,False,True,False,NORMAL,NORMAL,LOW,HIGH,NORMAL,HIGH,HIGH,HIGH,HIGH,NORMAL,False,HIGH,NORMAL,NORMAL
HIGH,LOW,ZERO,False,False,False,False,True,LOW,NORMAL,LOW,HIGH,NORMAL,HIGH,HIGH,HIGH,HIGH,LOW,False,HIGH,NORMAL,NORMAL
HIGH,NORMAL,LOW,False,False,False,False,False,NORMAL,NORMAL,HIGH,LOW,LOW,HIGH,LOW,HIGH,HIGH,NORMAL,False,LOW,NORMAL,NORMAL
HIGH,NORMAL,LOW,False,False,False,False,False,NORMAL,NORMAL,ZERO,LOW,NORMAL,HIGH,ZERO,HIGH,HIGH,NORMAL,False,ZERO,NORMAL,HIGH
LOW,NORMAL,LOW,False,False,True,False,False,NORMAL,NORMAL,HIGH,LOW,NORMAL,NORMAL,LOW,HIGH,LOW,NORMAL,False,LOW,NORMAL,HIGH
HIGH,HIGH,HIGH,False,False,True,False,False,NORMAL,NORMAL,LOW,HIGH,LOW,HIGH,HIGH,NORMAL,NORMAL,NORMAL,False,HIGH,NORMAL,LOW
HIGH,NORMAL,LOW,False,False,False,False,False,NORMAL,NORMAL,LOW,LOW,NORMAL,HIGH,ZERO,HIGH,HIGH,NORMAL,False,ZERO,NORMAL,NORMAL
HIGH,NORMAL,LOW,False,False,False,False,False,NORMAL,NORMAL,LOW,LOW,NORMAL,HIGH,ZERO,HIGH,NORMAL,NORMAL,False,ZERO,NORMAL,HIGH
HIGH,NORMAL,LOW,False,False,False,False,False,HIGH,NORMAL,LOW,LOW,NORMAL,HIGH,ZERO,HIGH,HIGH,HIGH,False,ZERO,NORMAL,LOW
HIGH,NORMAL,LOW,False,False,False,False,False,NORMAL,NORMAL,LOW,LOW,NORMAL,HIGH,ZERO,HIGH,HIGH,NORMAL,False,ZERO,NORMAL,NORMAL
LOW,NORMAL,LOW,False,False,False,False,False,NORMAL,NORMAL,LOW,LOW,NORMAL,LOW,ZERO,LOW,LOW,NORMAL,False,ZERO,NORMAL,LOW
HIGH,NORMAL,LOW,False,False,False,False,False,NORMAL,NORMAL,LOW,LOW,NORMAL,HIGH,ZERO,HIGH,HIGH,NORMAL,False,ZERO,NORMAL,LOW
HIGH,NORMAL,LOW,False,False,False,False,False,HIGH,NORMAL,LOW,LOW,HIGH,HIGH,ZERO,HIGH,HIGH,HIGH,False,ZERO,NORMAL,HIGH
HIGH,NORMAL,LOW,False,False,False,False,False,NORMAL,NORMAL,LOW,LOW,LOW,HIGH,ZERO,HIGH,HIGH,NORMAL,False,ZERO,NORMAL,HIGH
HIGH,NORMAL,LOW,False,False,False,False,False,NORMAL,NORMAL,LOW,LOW,NORMAL,HIGH,ZERO,HIGH,HIGH,NORMAL,False,ZERO,NORMAL,HIGH
LOW,NORMAL,ZERO,False,False,False,True,False,HIGH,NORMAL,LOW,HIGH,NORMAL,NORMAL,HIGH,LOW,LOW,NORMAL,False,HIGH,NORMAL,HIGH
HIGH,HIGH,HIGH,False,False,False,False,False,NORMAL,NORMAL,LOW,HIGH,NORMAL,HIGH,HIGH,HIGH,HIGH,NORMAL,False,HIGH,NORMAL,NORMAL
HIGH,NORMAL,LOW,False,False,False,False,False,NORMAL,NORMAL,LOW,LOW,NORMAL,HIGH,ZERO,HIGH,HIGH,NORMAL,False,ZERO,NORMAL,NORMAL
HIGH,NORMAL,LOW,False,False,False,False,False,HIGH,NORMAL,LOW,LOW,NORMAL,HIGH,ZERO,HIGH,HIGH,HIGH,False,ZERO,NORMAL,NORMAL
HIGH,NORMAL,LOW,False,False,True,False,False,NORMAL,NORMAL,LOW,LOW,NORMAL,HIGH,ZERO,NORMAL,NORMAL,NORMAL,False,ZERO,NORMAL,NORMAL
HIGH,HIGH,HIGH,False,False,False,False,False,NORMAL,NORMAL,NORMAL,NORMAL,NORMAL,HIGH,HIGH,HIGH,HIGH,NORMAL,False,ZERO,HIGH,NORMAL
HIGH,ZERO,HIGH,False,False,False,True,False,NORMAL,NORMAL,LOW,HIGH,NORMAL,HIGH,HIGH,HIGH,HIGH,NORMAL,False,HIGH,NORMAL,NORMAL
HIGH,NORMAL,LOW,False,False,True,False,False,NORMAL,NORMAL,LOW,LOW,NORMAL,HIGH,ZERO,NORMAL,NORMAL,NORMAL,False,ZERO,NORMAL,NORMAL
HIGH,NORMAL,LOW,False,False,False,True,False,NORMAL,NORMAL,LOW,LOW,NORMAL,HIGH,ZERO,HIGH,HIGH,NORMAL,False,ZERO,HIGH,HIGH
HIGH,NORMAL,LOW,False,False,False,False,False,NORMAL,NORMAL,LOW,LOW,NORMAL,HIGH,ZERO,HIGH,HIGH,NORMAL,False,ZERO,NORMAL,NORMAL
LOW,LOW,ZERO,False,False,True,False,True,LOW,ONESIDED,LOW,LOW,NORMAL,LOW,NORMAL,LOW,LOW,LOW,False,NORMAL,HIGH,HIGH
HIGH,NORMAL,LOW,False,False,True,False,False,NORMAL,NORMAL,LOW,LOW,LOW,HIGH,ZERO,NORMAL,NORMAL,NORMAL,False,ZERO,NORMAL,HIGH
LOW,ZERO,ZERO,False,False,False,False,False,NORMAL,NORMAL,LOW,HIGH,NORMAL,NORMAL,HIGH,LOW,LOW,NORMAL,False,HIGH,NORMAL,HIGH
LOW,ZERO,ZERO,False,False,False,True,False,NORMAL,NORMAL,LOW,HIGH,NORMAL,NORMAL,HIGH,LOW,LOW,NORMAL,False,HIGH,NORMAL,NORMAL
HIGH,NORMAL,LOW,True,False,False,True,False,NORMAL,NORMAL,LOW,LOW,NORMAL,NORMAL,ZERO,HIGH,HIGH,NORMAL,False,ZERO,NORMAL,LOW
HIGH,NORMAL,LOW,False,False,False,False,False,NORMAL,NORMAL,LOW,LOW,NORMAL,HIGH,ZERO,HIGH,HIGH,NORMAL,False,ZERO,NORMAL,NORMAL
NORMAL,HIGH,NORMAL,False,False,False,False,False,HIGH,NORMAL,HIGH,LOW,NORMAL,LOW,LOW,LOW,NORMAL,HIGH,False,LOW,NORMAL,NORMAL
NORMAL,NORMAL,LOW,False,False,False,True,False,NORMAL,NORMAL,LOW,NORMAL,NORMAL,HIGH,ZERO,HIGH,HIGH,NORMAL,False,ZERO,NORMAL,LOW
HIGH,NORMAL,LOW,False,False,False,False,False,NORMAL,NORMAL,LOW,LOW,NORMAL,HIGH,ZERO,HIGH,HIGH,NORMAL,False,ZERO,NORMAL,LOW
HIGH,NORMAL,LOW,False,False,False,False,False,NORMAL,NORMAL,LOW,LOW,NORMAL,HIGH,ZERO,HIGH,HIGH,NORMAL,False,ZERO,NORMAL,NORMAL
HIGH,NORMAL,LOW,False,False,False,False,False,NORMAL,NORMAL,LOW,LOW,LOW,HIGH,ZERO,HIGH,HIGH,NORMAL,False,ZERO,NORMAL,HIGH
HIGH,NORMAL,LOW,False,False,False,False,False,HIGH,NORMAL,LOW,LOW,HIGH,HIGH,ZERO,HIGH,HIGH,HIGH,False,ZERO,NORMAL,NORMAL
HIGH,NORMAL,ZERO,False,False,False,False,False,HIGH,NORMAL,LOW,HIGH,NORMAL,HIGH,HIGH,HIGH,HIGH,HIGH,False,HIGH,NORMAL,LOW
HIGH,NORMAL,LOW,False,False,False,True,False,HIGH,NORMAL,LOW,LOW,NORMAL,LOW,ZERO,HIGH,HIGH,HIGH,False,ZERO,NORMAL,LOW
HIGH,NORMAL,LOW,False,False,False,False,False,NORMAL,NORMAL,LOW,LOW,NORMAL,HIGH,ZERO,HIGH,HIGH,NORMAL,False,ZERO,NORMAL,LOW
HIGH,NORMAL,LOW,False,False,False,False,False,NORMAL,NORMAL,LOW,LOW,NORMAL,HIGH,ZERO,HIGH,HIGH,NORMAL,False,ZERO,NORMAL,NORMAL
NORMAL,NORMAL,LOW,False,False,False,False,False,NORMAL,NORMAL,LOW,LOW,NORMAL,HIGH,ZERO,HIGH,HIGH,NORMAL,False,ZERO,NORMAL,NORMAL
HIGH,NORMAL,LOW,False,False,False,False,False,NORMAL,NORMAL,LOW,LOW,NORMAL,HIGH,HIGH,HIGH,NORMAL,NORMAL,False,ZERO,NORMAL,NORMAL
HIGH,NORMAL,LOW,False,False,False,False,False,NORMAL,NORMAL,LOW,LOW,NORMAL,NORMAL,ZERO,HIGH,HIGH,NORMAL,False,ZERO,NORMAL,HIGH
HIGH,NORMAL,LOW,False,False,False,False,False,NORMAL,NORMAL,LOW,LOW,LOW,HIGH,ZERO,HIGH,HIGH,NORMAL,False,ZERO,NORMAL,NORMAL
HIGH,NORMAL,LOW,False,False,False,False,False,NORMAL,NORMAL,ZERO,LOW,NORMAL,HIGH,ZERO,HIGH,HIGH,NORMAL,False,ZERO,NORMAL,LOW
HIGH,NORMAL,LOW,False,False,False,False,False,NORMAL,NORMAL,LOW,NORMAL,HIGH,HIGH,ZERO,HIGH,HIGH,NORMAL,False,ZERO,NORMAL,HIGH
LOW,NORMAL,ZERO,False,False,False,False,False,NORMAL,NORMAL,NORMAL,HIGH,NORMAL,NORMAL,HIGH,LOW,LOW,LOW,False,HIGH,NORMAL,HIGH
HIGH,LOW,ZERO,False,False,False,False,False,HIGH,NORMAL,LOW,HIGH,NORMAL,LOW,HIGH,HIGH,HIGH,HIGH,False,HIGH,HIGH,NORMAL
HIGH,NORMAL,LOW,False,False,False,False,True,LOW,ESOPHAGEAL,NORMAL,LOW,NORMAL,HIGH,ZERO,HIGH,HIGH,LOW,False,ZERO,NORMAL,LOW
LOW,NORMAL,HIGH,False,False,False,False,False,NORMAL,NORMAL,LOW,HIGH,NORMAL,NORMAL,HIGH,LOW,LOW,NORMAL,False,HIGH,NORMAL,HIGH
LOW,NORMAL,LOW,False,False,True,False,False,HIGH,NORMAL,LOW,LOW,NORMAL,NORMAL,ZERO,NORMAL,LOW,HIGH,False,ZERO,NORMAL,HIGH
HIGH,NORMAL,LOW,False,False,False,False,False,NORMAL,NORMAL,LOW,LOW,HIGH,HIGH,ZERO,HIGH,HIGH,NORMAL,False,ZERO,NORMAL,HIGH
HIGH,ZERO,ZERO,False,False,False,False,False,NORMAL,NORMAL,LOW,HIGH,NORMAL,NORMAL,HIGH,HIGH,HIGH,NORMAL,False,HIGH,NORMAL,NORMAL
NORMAL,NORMAL,LOW,False,False,False,False,False,HIGH,NORMAL,LOW,LOW,NORMAL,HIGH,ZERO,HIGH,HIGH,HIGH,False,ZERO,NORMAL,NORMAL
LOW,NORMAL,ZERO,False,False,False,False,False,LOW,NORMAL,LOW,HIGH,NORMAL,NORMAL,HIGH,LOW,LOW,LOW,False,HIGH,NORMAL,HIGH
HIGH,NORMAL,LOW,False,False,True,False,False,NORMAL,NORMAL,LOW,LOW,LOW,LOW,ZERO,NORMAL,NORMAL,NORMAL,False,ZERO,NORMAL,LOW
HIGH,NORMAL,LOW,False,False,False,False,False,LOW,NORMAL,LOW,LOW,NORMAL,HIGH,ZERO,HIGH,HIGH,LOW,False,ZERO,NORMAL,LOW
NORMAL,LOW,ZERO,False,False,True,False,False,NORMAL,NORMAL,LOW,LOW,NORMAL,HIGH,ZERO,NORMAL,NORMAL,NORMAL,False,ZERO,NORMAL,NORMAL
HIGH,HIGH,NORMAL,False,False,False,False,False,NORMAL,NORMAL,HIGH,LOW,NORMAL,HIGH,LOW,HIGH,HIGH,LOW,False,LOW,NORMAL,LOW
HIGH,NORMAL,LOW,False,False,False,False,False,NORMAL,NORMAL,LOW,LOW,NORMAL,HIGH,ZERO,HIGH,HIGH,NORMAL,False,LOW,NORMAL,NORMAL
LOW,NORMAL,LOW,False,False,False,False,False,NORMAL,NORMAL,LOW,LOW,NORMAL,LOW,ZERO,LOW,LOW,NORMAL,True,ZERO,NORMAL,HIGH
HIGH,NORMAL,LOW,False,False,False,False,False,NORMAL,ONESIDED,NORMAL,HIGH,NORMAL,HIGH,LOW,HIGH,HIGH,NORMAL,False,LOW,HIGH,LOW
HIGH,HIGH,HIGH,False,False,False,False,False,NORMAL,NORMAL,LOW,HIGH,NORMAL,HIGH,HIGH,HIGH,HIGH,NORMAL,False,HIGH,NORMAL,NORMAL
HIGH,HIGH,NORMAL,False,False,False,False,False,NORMAL,NORMAL,HIGH,LOW,NORMAL,HIGH,LOW,HIGH,HIGH,NORMAL,False,ZERO,NORMAL,HIGH
HIGH,NORMAL,ZERO,False,False,False,False,False,NORMAL,NORMAL,LOW,LOW,NORMAL,HIGH,ZERO,HIGH,HIGH,NORMAL,False,ZERO,NORMAL,LOW
HIGH,LOW,ZERO,False,False,False,True,False,NORMAL,NORMAL,ZERO,LOW,NORMAL,HIGH,ZERO,HIGH,HIGH,NORMAL,False,ZERO,NORMAL,HIGH
HIGH,NORMAL,LOW,False,False,False,False,False,NORMAL,NORMAL,LOW,LOW,NORMAL,HIGH,ZERO,LOW,HIGH,NORMAL,False,ZERO,NORMAL,NORMAL
HIGH,NORMAL,LOW,False,False,False,False,False,NORMAL,NORMAL,LOW,LOW,LOW,HIGH,ZERO,HIGH,HIGH,NORMAL,False,ZERO,NORMAL,LOW
HIGH,NORMAL,LOW,False,False,False,False,False,NORMAL,NORMAL,LOW,LOW,NORMAL,LOW,ZERO,HIGH,HIGH,NORMAL,False,ZERO,NORMAL,NORMAL
HIGH,ZERO,ZERO,False,False,False,False,True,LOW,NORMAL,LOW,LOW,NORMAL,LOW,ZERO,HIGH,HIGH,LOW,False,ZERO,NORMAL,LOW
HIGH,NORMAL,LOW,False,False,True,False,False,NORMAL,NORMAL,LOW,LOW,NORMAL,HIGH,ZERO,NORMAL,NORMAL,NORMAL,False,ZERO,NORMAL,LOW
LOW,NORMAL,LOW,False,False,False,False,False,LOW,NORMAL,LOW,LOW,NORMAL,HIGH,ZERO,HIGH,HIGH,LOW,False,ZERO,NORMAL,LOW
LOW,NORMAL,ZERO,False,False,False,False,False,NORMAL,NORMAL,LOW,HIGH,LOW,NORMAL,HIGH,LOW,LOW,NORMAL,False,HIGH,NORMAL,HIGH
HIGH,NORMAL,LOW,False,False,False,False,True,LOW,NORMAL,LOW,LOW,NORMAL,NORMAL,ZERO,HIGH,HIGH,LOW,False,ZERO,NORMAL,NORMAL
HIGH,LOW,ZERO,False,False,False,False,False,NORMAL,NORMAL,LOW,HIGH,NORMAL,HIGH,HIGH,HIGH,HIGH,NORMAL,False,HIGH,NORMAL,NORMAL
LOW,HIGH,HIGH,False,False,False,False,False,NORMAL,NORMAL,LOW,HIGH,NORMAL,NORMAL,HIGH,LOW,LOW,NORMAL,False,HIGH,NORMAL,HIGH
LOW,HIGH,HIGH,False,False,False,False,True,LOW,NORMAL,LOW,HIGH,NORMAL,NORMAL,HIGH,LOW,LOW,LOW,False,HIGH,NORMAL,HIGH
LOW,NORMAL,LOW,False,False,False,True,False,NORMAL,NORMAL,LOW,LOW,NORMAL,NORMAL,ZERO,LOW,LOW,NORMAL,False,ZERO,NORMAL,NORMAL
HIGH,NORMAL,LOW,False,False,False,False,False,HIGH,NORMAL,LOW,LOW,NORMAL,HIGH,ZERO,HIGH,HIGH,HIGH,False,ZERO,NORMAL,LOW
HIGH,LOW,ZERO,False,False,False,False,False,NORMAL,NORMAL,LOW,LOW,NORMAL,HIGH,ZERO,LOW,HIGH,NORMAL,False,ZERO,NORMAL,LOW
LOW,NORMAL,LOW,False,False,False,True,False,NORMAL,NORMAL,LOW,LOW,NORMAL,NORMAL,ZERO,LOW,LOW,NORMAL,False,ZERO,NORMAL,LOW
LOW,NORMAL,LOW,False,False,False,False,False,HIGH,ESOPHAGEAL,NORMAL,LOW,NORMAL,NORMAL,ZERO,LOW,LOW,HIGH,False,ZERO,NORMAL,NORMAL
NORMAL,NORMAL,LOW,True,False,False,False,False,NORMAL,NORMAL,LOW,LOW,NORMAL,NORMAL,ZERO,LOW,LOW,NORMAL,False,ZERO,NORMAL,LOW
LOW,NORMAL,LOW,False,False,False,False,False,NORMAL,NORMAL,LOW,LOW,NORMAL,NORMAL,ZERO,LOW,LOW,NORMAL,False,ZERO,NORMAL,NORMAL
HIGH,NORMAL,LOW,False,False,False,False,False,HIGH,ONESIDED,NORMAL,LOW,LOW,LOW,ZERO,HIGH,HIGH,HIGH,False,LOW,HIGH,NORMAL
HIGH,NORMAL,LOW,False,False,False,False,False,NORMAL,NORMAL,LOW,LOW,NORMAL,HIGH,ZERO,HIGH,HIGH,NORMAL,False,ZERO,NORMAL,NORMAL
HIGH,NORMAL,LOW,False,False,False,False,False,NORMAL,NORMAL,HIGH,LOW,NORMAL,HIGH,LOW,HIGH,HIGH,NORMAL,False,LOW,NORMAL,LOW
HIGH,NORMAL,LOW,False,False,False,False,False,NORMAL,NORMAL,LOW,LOW,NORMAL,HIGH,ZERO,HIGH,HIGH,LOW,False,ZERO,NORMAL,LOW
HIGH,LOW,ZERO,False,False,False,False,False,NORMAL,NORMAL,LOW,HIGH,NORMAL,HIGH,ZERO,HIGH,HIGH,NORMAL,False,HIGH,NORMAL,LOW
HIGH,NORMAL,LOW,False,False,True,False,False,NORMAL,NORMAL,LOW,LOW,LOW,HIGH,ZERO,NORMAL,NORMAL,NORMAL,False,ZERO,NORMAL,LOW
HIGH,NORMAL,LOW,False,False,False,False,False,NORMAL,NORMAL,LOW,LOW,NORMAL,HIGH,ZERO,HIGH,HIGH,NORMAL,False,ZERO,NORMAL,NORMAL
HIGH,NORMAL,LOW,False,True,False,True,False,NORMAL,NORMAL,LOW,LOW,HIGH,HIGH,ZERO,HIGH,HIGH,NORMAL,False,ZERO,HIGH,NORMAL
HIGH,NORMAL,LOW,False,False,False,False,False,NORMAL,NORMAL,LOW,LOW,NORMAL,HIGH,ZERO,HIGH,LOW,NORMAL,False,ZERO,NORMAL,HIGH
HIGH,NORMAL,LOW,False,False,False,False,False,NORMAL,ONESIDED,NORMAL,LOW,NORMAL,HIGH,LOW,HIGH,HIGH,NORMAL,False,LOW,NORMAL,NORMAL
HIGH,NORMAL,LOW,False,False,False,False,False,NORMAL,NORMAL,LOW,LOW,NORMAL,HIGH,ZERO,HIGH,HIGH,NORMAL,False,ZERO,NORMAL,LOW
HIGH,ZERO,ZERO,False,False,False,False,False,NORMAL,NORMAL,LOW,HIGH,NORMAL,HIGH,HIGH,HIGH,HIGH,NORMAL,False,HIGH,NORMAL,NORMAL
LOW,HIGH,HIGH,False,False,True,False,False,HIGH,NORMAL,LOW,HIGH,NORMAL,NORMAL,HIGH,NORMAL,HIGH,HIGH,False,HIGH,NORMAL,LOW
HIGH,NORMAL,LOW,False,False,False,True,False,NORMAL,NORMAL,LOW,LOW,NORMAL,HIGH,ZERO,HIGH,HIGH,NORMAL,False,ZERO,NORMAL,NORMAL
HIGH,NORMAL,LOW,False,False,False,False,False,NORMAL,NORMAL,LOW,LOW,NORMAL,HIGH,ZERO,HIGH,HIGH,NORMAL,False,ZERO,NORMAL,NORMAL
HIGH,NORMAL,LOW,False,False,False,False,True,LOW,NORMAL,LOW,LOW,NORMAL,LOW,ZERO,HIGH,HIGH,LOW,False,ZERO,NORMAL,NORMAL
HIGH,NORMAL,LOW,False,False,False,False,False,NORMAL,NORMAL,LOW,LOW,NORMAL,HIGH,ZERO,HIGH,HIGH,NORMAL,False,ZERO,NORMAL,LOW
HIGH,NORMAL,LOW,False,False,False,False,False,HIGH,NORMAL,LOW,LOW,NORMAL,HIGH,ZERO,HIGH,HIGH,HIGH,False,ZERO,NORMAL,LOW
HIGH,NORMAL,LOW,False,False,False,False,False,NORMAL,NORMAL,LOW,LOW,NORMAL,HIGH,ZERO,HIGH,HIGH,NORMAL,False,ZERO,NORMAL,HIGH
HIGH,NORMAL,LOW,False,False,False,False,False,HIGH,NORMAL,LOW,LOW,HIGH,HIGH,ZERO,HIGH,HIGH,HIGH,True,ZERO,NORMAL,HIGH
HIGH,LOW,ZERO,False,False,False,False,False,NORMAL,NORMAL,LOW,LOW,LOW,HIGH,ZERO,HIGH,HIGH,NORMAL,False,ZERO,NORMAL,NORMAL
HIGH,NORMAL,LOW,False,False,False,False,False,NORMAL,ONESIDED,LOW,LOW,LOW,HIGH,NORMAL,HIGH,HIGH,NORMAL,False,NORMAL,HIGH,LOW
HIGH,NORMAL,LOW,False,False,False,False,False,NORMAL,NORMAL,LOW,LOW,NORMAL,HIGH,ZERO,HIGH,HIGH,NORMAL,False,ZERO,NORMAL,HIGH
LOW,HIGH,HIGH,False,False,True,False,False,NORMAL,NORMAL,ZERO,HIGH,NORMAL,NORMAL,HIGH,HIGH,HIGH,NORMAL,False,HIGH,NORMAL,LOW
LOW,NORMAL,ZERO,False,False,False,False,False,NORMAL,NORMAL,LOW,LOW,NORMAL,NORMAL,HIGH,LOW,LOW,NORMAL,False,HIGH,NORMAL,HIGH
HIGH,LOW,ZERO,False,False,False,False,False,NORMAL,NORMAL,LOW,LOW,NORMAL,HIGH,ZERO,HIGH,HIGH,LOW,False,ZERO,NORMAL,LOW
HIGH,HIGH,HIGH,False,False,False,False,False,NORMAL,NORMAL,LOW,HIGH,NORMAL,HIGH,HIGH,HIGH,HIGH,NORMAL,False,HIGH,NORMAL,NORMAL
LOW,NORMAL,LOW,False,False,False,False,False,NORMAL,NORMAL,LOW,LOW,NORMAL,NORMAL,ZERO,LOW,LOW,NORMAL,False,ZERO,NORMAL,HIGH
LOW,HIGH,HIGH,False,False,False,False,False,HIGH,NORMAL,NORMAL,HIGH,NORMAL,NORMAL,HIGH,LOW,LOW,HIGH,False,HIGH,NORMAL,HIGH
HIGH,NORMAL,LOW,False,False,False,False,False,NORMAL,NORMAL,LOW,LOW,NORMAL,HIGH,ZERO,HIGH,HIGH,NORMAL,False,ZERO,NORMAL,NORMAL
HIGH,NORMAL,ZERO,False,False,True,False,False,NORMAL,NORMAL,LOW,LOW,NORMAL,HIGH,ZERO,NORMAL,NORMAL,NORMAL,False,ZERO,NORMAL,NORMAL
HIGH,NORMAL,LOW,False,False,False,False,False,NORMAL,NORMAL,LOW,LOW,NORMAL,HIGH,ZERO,HIGH,HIGH,NORMAL,False,ZERO,NORMAL,NORMAL
LOW,LOW,ZERO,False,False,True,False,False,NORMAL,NORMAL,LOW,LOW,NORMAL,NORMAL,ZERO,LOW,LOW,NORMAL,False,ZERO,NORMAL,HIGH
HIGH,NORMAL,LOW,False,False,False,False,False,NORMAL,NORMAL,LOW,LOW,NORMAL,HIGH,ZERO,HIGH,HIGH,NORMAL,False,ZERO,HIGH,LOW
HIGH,NORMAL,LOW,False,False,True,False,False,HIGH,NORMAL,LOW,LOW,NORMAL,LOW,ZERO,NORMAL,NORMAL,HIGH,False,ZERO,NORMAL,NORMAL
LOW,NORMAL,LOW,False,False,False,False,False,HIGH,ONESIDED,LOW,LOW,NORMAL,NORMAL,NORMAL,LOW,LOW,HIGH,False,NORMAL,HIGH,HIGH
LOW,NORMAL,LOW,False,False,False,False,False,NORMAL,NORMAL,LOW,LOW,NORMAL,NORMAL,ZERO,LOW,LOW,NORMAL,False,ZERO,NORMAL,NORMAL
HIGH,LOW,ZERO,False,False,False,False,False,NORMAL,NORMAL,LOW,LOW,NORMAL,HIGH,ZERO,HIGH,HIGH,NORMAL,False,ZERO,NORMAL,HIGH
LOW,NORMAL,LOW,False,False,False,False,False,HIGH,NORMAL,NORMAL,LOW,NORMAL,LOW,LOW,LOW,LOW,HIGH,False,NORMAL,NORMAL,HIGH
HIGH,NORMAL,LOW,False,False,False,False,False,NORMAL,NORMAL,LOW,LOW,NORMAL,HIGH,ZERO,HIGH,HIGH,HIGH,False,ZERO,NORMAL,HIGH
HIGH,NORMAL,LOW,False,False,True,True,False,NORMAL,NORMAL,LOW,LOW,NORMAL,HIGH,ZERO,NORMAL,NORMAL,NORMAL,False,ZERO,NORMAL,LOW
LOW,NORMAL,LOW,False,False,False,False,False,NORMAL,NORMAL,ZERO,NORMAL,NORMAL,HIGH,ZERO,LOW,LOW,NORMAL,False,ZERO,NORMAL,HIGH
HIGH,NORMAL,LOW,True,False,False,False,False,HIGH,NORMAL,LOW,LOW,NORMAL,LOW,ZERO,HIGH,HIGH,HIGH,False,ZERO,NORMAL,LOW
LOW,LOW,ZERO,False,False,True,False,False,NORMAL,NORMAL,LOW,NORMAL,NORMAL,NORMAL,HIGH,NORMAL,LOW,NORMAL,False,HIGH,NORMAL,NORMAL
LOW,NORMAL,LOW,False,False,False,False,True,LOW,ONESIDED,LOW,LOW,NORMAL,LOW,NORMAL,LOW,LOW,LOW,False,NORMAL,HIGH,NORMAL
HIGH,NORMAL,ZERO,False,False,True,False,False,NORMAL,NORMAL,NORMAL,LOW,NORMAL,HIGH,LOW,NORMAL,NORMAL,NORMAL,False,NORMAL,NORMAL,NORMAL
HIGH,NORMAL,LOW,False,False,False,False,False,NORMAL,NORMAL,LOW,HIGH,NORMAL,HIGH,HIGH,HIGH,HIGH,NORMAL,False,HIGH,NORMAL,LOW
HIGH,NORMAL,LOW,False,False,False,True,False,NORMAL,NORMAL,LOW,LOW,LOW,HIGH,ZERO,HIGH,HIGH,NORMAL,False,ZERO,NORMAL,HIGH
HIGH,NORMAL,LOW,False,False,False,False,False,NORMAL,NORMAL,LOW,LOW,NORMAL,HIGH,ZERO,HIGH,HIGH,NORMAL,False,LOW,NORMAL,LOW
HIGH,NORMAL,LOW,False,False,False,False,False,NORMAL,NORMAL,ZERO,LOW,NORMAL,HIGH,ZERO,HIGH,HIGH,NORMAL,False,ZERO,NORMAL,NORMAL
HIGH,NORMAL,ZERO,False,False,False,True,False,NORMAL,NORMAL,HIGH,LOW,NORMAL,LOW,LOW,HIGH,HIGH,NORMAL,False,LOW,NORMAL,LOW
HIGH,ZERO,ZERO,False,False,False,False,False,NORMAL,NORMAL,LOW,HIGH,NORMAL,HIGH,HIGH,HIGH,HIGH,NORMAL,False,HIGH,NORMAL,NORMAL
HIGH,NORMAL,ZERO,False,False,False,False,False,NORMAL,NORMAL,LOW,NORMAL,LOW,HIGH,HIGH,HIGH,HIGH,NORMAL,False,HIGH,NORMAL,NORMAL
HIGH,NORMAL,LOW,False,False,False,False,False,NORMAL,NORMAL,LOW,LOW,LOW,HIGH,ZERO,HIGH,HIGH,NORMAL,False,ZERO,NORMAL,NORMAL
HIGH,NORMAL,LOW,False,False,False,False,True,LOW,ONESIDED,LOW,LOW,NORMAL,LOW,NORMAL,HIGH,HIGH,LOW,False,NORMAL,HIGH,NORMAL
HIGH,NORMAL,LOW,False,False,True,False,False,LOW,NORMAL,LOW,HIGH,NORMAL,HIGH,HIGH,NORMAL,NORMAL,LOW,False,HIGH,NORMAL,LOW
HIGH,NORMAL,LOW,False,False,False,False,False,NORMAL,NORMAL,LOW,LOW,NORMAL,HIGH,ZERO,HIGH,HIGH,NORMAL,True,ZERO,NORMAL,NORMAL
HIGH,NORMAL,LOW,False,False,False,False,False,NORMAL,NORMAL,LOW,HIGH,NORMAL,HIGH,HIGH,HIGH,HIGH,NORMAL,False,HIGH,NORMAL,LOW
NORMAL,NORMAL,LOW,False,False,False,False,False,NORMAL,NORMAL,LOW,LOW,NORMAL,HIGH,ZERO,HIGH,HIGH,NORMAL,False,ZERO,NORMAL,NORMAL
HIGH,NORMAL,LOW,False,False,False,False,False,HIGH,ESOPHAGEAL,LOW,LOW,NORMAL,HIGH,LOW,HIGH,HIGH,HIGH,False,LOW,NORMAL,LOW
HIGH,NORMAL,LOW,False,False,False,False,False,NORMAL,NORMAL,LOW,LOW,LOW,HIGH,ZERO,HIGH,HIGH,NORMAL,False,ZERO,NORMAL,HIGH
HIGH,NORMAL,LOW,False,False,False,False,False,NORMAL,NORMAL,LOW,LOW,NORMAL,HIGH,NORMAL,HIGH,HIGH,NORMAL,True,ZERO,NORMAL,NORMAL
LOW,NORMAL,LOW,False,False,False,False,False,NORMAL,NORMAL,LOW,LOW,NORMAL,NORMAL,ZERO,LOW,LOW,NORMAL,False,ZERO,NORMAL,HIGH
HIGH,NORMAL,ZERO,False,False,False,False,False,HIGH,NORMAL,LOW,LOW,NORMAL,HIGH,ZERO,HIGH,HIGH,HIGH,False,ZERO,NORMAL,HIGH
HIGH,NORMAL,LOW,False,False,False,True,False,NORMAL,NORMAL,LOW,LOW,NORMAL,NORMAL,ZERO,HIGH,HIGH,NORMAL,False,ZERO,NORMAL,HIGH
HIGH,NORMAL,LOW,False,False,False,False,False,NORMAL,NORMAL,LOW,LOW,NORMAL,LOW,ZERO,HIGH,HIGH,NORMAL,False,ZERO,NORMAL,NORMAL
HIGH,NORMAL,LOW,False,False,False,False,False,LOW,NORMAL,LOW,LOW,NORMAL,HIGH,ZERO,HIGH,HIGH,LOW,False,ZERO,NORMAL,LOW
LOW,LOW,ZERO,False,False,False,False,False,NORMAL,NORMAL,LOW,HIGH,NORMAL,NORMAL,HIGH,LOW,LOW,NORMAL,False,HIGH,NORMAL,HIGH
HIGH,HIGH,HIGH,False,False,False,False,False,NORMAL,NORMAL,LOW,HIGH,NORMAL,HIGH,HIGH,HIGH,HIGH,NORMAL,False,HIGH,NORMAL,NORMAL
HIGH,NORMAL,LOW,False,False,False,False,False,NORMAL,ONESIDED,LOW,LOW,NORMAL,HIGH,NORMAL,HIGH,HIGH,NORMAL,False,NORMAL,HIGH,HIGH
HIGH,NORMAL,LOW,False,False,False,False,False,NORMAL,NORMAL,LOW,LOW,NORMAL,LOW,ZERO,HIGH,HIGH,NORMAL,False,ZERO,NORMAL,HIGH
NORMAL,LOW,ZERO,False,False,False,False,False,NORMAL,NORMAL,LOW,LOW,NORMAL,HIGH,ZERO,HIGH,HIGH,NORMAL,False,ZERO,NORMAL,LOW
HIGH,HIGH,HIGH,False,False,False,False,False,NORMAL,NORMAL,LOW,HIGH,NORMAL,HIGH,HIGH,HIGH,HIGH,NORMAL,False,HIGH,HIGH,NORMAL
HIGH,NORMAL,LOW,False,False,False,False,False,NORMAL,NORMAL,LOW,LOW,NORMAL,NORMAL,ZERO,HIGH,HIGH,NORMAL,False,ZERO,HIGH,LOW
HIGH,NORMAL,ZERO,False,False,False,False,False,HIGH,NORMAL,LOW,LOW,NORMAL,HIGH,ZERO,HIGH,HIGH,HIGH,False,ZERO,NORMAL,HIGH
HIGH,NORMAL,LOW,False,False,False,False,False,NORMAL,NORMAL,LOW,LOW,NORMAL,NORMAL,ZERO,HIGH,HIGH,NORMAL,False,ZERO,NORMAL,LOW
HIGH,NORMAL,LOW,False,False,False,False,False,NORMAL,NORMAL,NORMAL,LOW,NORMAL,HIGH,ZERO,HIGH,HIGH,NORMAL,False,NORMAL,NORMAL,LOW
HIGH,NORMAL,LOW,False,False,False,False,False,NORMAL,ONESIDED,NORMAL,LOW,NORMAL,HIGH,LOW,HIGH,HIGH,NORMAL,False,LOW,HIGH,LOW
HIGH,NORMAL,LOW,False,False,False,False,False,NORMAL,NORMAL,LOW,LOW,NORMAL,HIGH,ZERO,HIGH,HIGH,NORMAL,False,ZERO,NORMAL,LOW
LOW,NORMAL,LOW,False,False,False,False,False,HIGH,NORMAL,LOW,LOW,NORMAL,LOW,ZERO,LOW,HIGH,HIGH,False,ZERO,NORMAL,HIGH
HIGH,NORMAL,LOW,False,False,False,True,False,NORMAL,NORMAL,LOW,LOW,NORMAL,HIGH,ZERO,HIGH,HIGH,NORMAL,False,ZERO,NORMAL,LOW
HIGH,LOW,ZERO,False,False,False,False,False,NORMAL,NORMAL,LOW,LOW,HIGH,HIGH,ZERO,HIGH,HIGH,NORMAL,True,ZERO,NORMAL,HIGH
HIGH,NORMAL,ZERO,False,False,False,False,False,NORMAL,NORMAL,LOW,LOW,NORMAL,HIGH,ZERO,HIGH,HIGH,NORMAL,False,ZERO,NORMAL,LOW
HIGH,ZERO,ZERO,False,False,False,False,True,LOW,NORMAL,LOW,LOW,NORMAL,LOW,ZERO,HIGH,HIGH,LOW,True,ZERO,NORMAL,HIGH
HIGH,NORMAL,LOW,False,False,False,False,False,HIGH,NORMAL,LOW,LOW,NORMAL,NORMAL,ZERO,HIGH,HIGH,HIGH,False,ZERO,NORMAL,NORMAL
HIGH,NORMAL,LOW,False,False,False,False,False,NORMAL,NORMAL,LOW,LOW,NORMAL,HIGH,ZERO,HIGH,HIGH,NORMAL,True,ZERO,NORMAL,NORMAL
HIGH,NORMAL,LOW,False,False,False,False,False,NORMAL,ONESIDED,NORMAL,LOW,NORMAL,LOW,ZERO,HIGH,HIGH,NORMAL,False,LOW,NORMAL,LOW
NORMAL,NORMAL,ZERO,False,False,True,False,False,NORMAL,NORMAL,LOW,LOW,NORMAL,LOW,ZERO,HIGH,NORMAL,NORMAL,False,ZERO,NORMAL,LOW
HIGH,NORMAL,LOW,False,False,False,False,False,HIGH,NORMAL,LOW,LOW,NORMAL,LOW,ZERO,HIGH,HIGH,HIGH,False,ZERO,HIGH,LOW
HIGH,NORMAL,LOW,False,False,False,False,True,LOW,NORMAL,LOW,LOW,LOW,LOW,ZERO,HIGH,HIGH,LOW,False,ZERO,NORMAL,HIGH
NORMAL,NORMAL,LOW,False,False,False,False,False,NORMAL,NORMAL,LOW,LOW,NORMAL,NORMAL,NORMAL,HIGH,HIGH,LOW,False,ZERO,NORMAL,NORMAL
HIGH,NORMAL,LOW,False,False,False,False,False,HIGH,NORMAL,LOW,LOW,NORMAL,LOW,ZERO,HIGH,HIGH,HIGH,False,ZERO,NORMAL,NORMAL
HIGH,NORMAL,LOW,False,False,False,False,False,NORMAL,NORMAL,LOW,LOW,NORMAL,HIGH,ZERO,HIGH,HIGH,NORMAL,False,ZERO,NORMAL,LOW
LOW,NORMAL,LOW,False,False,False,False,False,HIGH,NORMAL,LOW,LOW,NORMAL,LOW,ZERO,LOW,LOW,HIGH,False,ZERO,NORMAL,NORMAL
HIGH,NORMAL,LOW,False,False,False,False,False,NORMAL,NORMAL,LOW,LOW,NORMAL,HIGH,ZERO,HIGH,HIGH,NORMAL,False,ZERO,NORMAL,HIGH
NORMAL,NORMAL,LOW,False,False,False,False,False,NORMAL,NORMAL,LOW,LOW,NORMAL,HIGH,ZERO,HIGH,HIGH,NORMAL,True,ZERO,NORMAL,NORMAL
HIGH,NORMAL,LOW,False,False,False,False,False,NORMAL,NORMAL,LOW,LOW,NORMAL,HIGH,ZERO,HIGH,HIGH,NORMAL,False,ZERO,NORMAL,NORMAL
HIGH,NORMAL,LOW,False,False,False,False,False,NORMAL,ONESIDED,NORMAL,NORMAL,NORMAL,HIGH,ZERO,NORMAL,HIGH,NORMAL,False,LOW,HIGH,LOW
HIGH,NORMAL,LOW,False,False,False,True,False,NORMAL,NORMAL,LOW,LOW,NORMAL,HIGH,ZERO,HIGH,HIGH,NORMAL,False,ZERO,NORMAL,LOW
HIGH,NORMAL,LOW,False,False,False,True,False,NORMAL,ESOPHAGEAL,LOW,LOW,NORMAL,HIGH,LOW,HIGH,HIGH,NORMAL,False,LOW,NORMAL,LOW
HIGH,NORMAL,ZERO,False,False,True,False,False,NORMAL,NORMAL,LOW,LOW,NORMAL,HIGH,ZERO,NORMAL,NORMAL,NORMAL,False,ZERO,NORMAL,NORMAL
HIGH,NORMAL,ZERO,False,False,False,False,False,NORMAL,NORMAL,LOW,HIGH,NORMAL,NORMAL,HIGH,HIGH,HIGH,NORMAL,False,HIGH,NORMAL,NORMAL
LOW,NORMAL,LOW,False,False,False,False,False,NORMAL,NORMAL,LOW,LOW,NORMAL,NORMAL,ZERO,LOW,LOW,NORMAL,False,ZERO,NORMAL,NORMAL
LOW,NORMAL,ZERO,False,False,False,True,False,NORMAL,NORMAL,LOW,HIGH,NORMAL,NORMAL,HIGH,LOW,LOW,NORMAL,False,HIGH,NORMAL,NORMAL
HIGH,NORMAL,LOW,False,False,False,False,False,NORMAL,NORMAL,LOW,LOW,NORMAL,HIGH,ZERO,HIGH,HIGH,NORMAL,False,ZERO,NORMAL,NORMAL
LOW,NORMAL,LOW,False,False,False,False,False,HIGH,NORMAL,ZERO,LOW,NORMAL,NORMAL,ZERO,LOW,LOW,HIGH,False,ZERO,NORMAL,HIGH
LOW,NORMAL,ZERO,False,False,False,True,False,NORMAL,NORMAL,LOW,HIGH,NORMAL,NORMAL,HIGH,LOW,LOW,NORMAL,False,HIGH,NORMAL,HIGH
HIGH,NORMAL,LOW,False,False,False,False,False,NORMAL,NORMAL,ZERO,NORMAL,NORMAL,HIGH,ZERO,HIGH,HIGH,NORMAL,False,HIGH,HIGH,NORMAL
HIGH,NORMAL,LOW,False,False,False,False,False,NORMAL,NORMAL,LOW,LOW,NORMAL,NORMAL,ZERO,HIGH,HIGH,NORMAL,True,ZERO,NORMAL,NORMAL
HIGH,NORMAL,LOW,False,False,True,False,False,NORMAL,NORMAL,LOW,NORMAL,HIGH,HIGH,ZERO,NORMAL,NORMAL,NORMAL,False,ZERO,NORMAL,NORMAL
HIGH,NORMAL,LOW,False,False,False,False,False,NORMAL,NORMAL,LOW,LOW,NORMAL,HIGH,ZERO,HIGH,HIGH,NORMAL,False,ZERO,NORMAL,HIGH
HIGH,ZERO,ZERO,False,False,False,False,False,NORMAL,NORMAL,LOW,LOW,NORMAL,HIGH,ZERO,HIGH,HIGH,NORMAL,False,ZERO,NORMAL,LOW
LOW,NORMAL,LOW,False,False,False,False,False,HIGH,ESOPHAGEAL,NORMAL,LOW,NORMAL,NORMAL,ZERO,LOW,LOW,HIGH,False,ZERO,NORMAL,LOW
HIGH,HIGH,HIGH,False,False,False,False,False,NORMAL,NORMAL,LOW,HIGH,NORMAL,HIGH,HIGH,HIGH,HIGH,NORMAL,False,HIGH,NORMAL,LOW
HIGH,LOW,ZERO,False,False,False,False,False,LOW,ONESIDED,LOW,LOW,NORMAL,HIGH,NORMAL,HIGH,HIGH,LOW,False,NORMAL,NORMAL,LOW
LOW,NORMAL,ZERO,False,False,False,False,False,HIGH,NORMAL,LOW,LOW,NORMAL,NORMAL,ZERO,LOW,LOW,HIGH,False,ZERO,NORMAL,HIGH
HIGH,ZERO,ZERO,False,False,False,False,False,NORMAL,NORMAL,LOW,HIGH,NORMAL,HIGH,HIGH,HIGH,HIGH,NORMAL,False,HIGH,NORMAL,LOW
LOW,LOW,ZERO,False,False,False,False,False,NORMAL,NORMAL,LOW,HIGH,NORMAL,NORMAL,HIGH,LOW,LOW,NORMAL,False,HIGH,NORMAL,HIGH
HIGH,NORMAL,LOW,False,False,False,False,False,HIGH,NORMAL,LOW,LOW,NORMAL,HIGH,ZERO,HIGH,HIGH,NORMAL,False,ZERO,NORMAL,LOW
HIGH,NORMAL,LOW,False,False,True,False,False,NORMAL,NORMAL,LOW,LOW,NORMAL,HIGH,ZERO,NORMAL,NORMAL,NORMAL,False,ZERO,NORMAL,LOW
HIGH,NORMAL,LOW,False,False,False,False,False,NORMAL,NORMAL,LOW,LOW,NORMAL,NORMAL,ZERO,HIGH,HIGH,NORMAL,False,ZERO,NORMAL,HIGH
HIGH,NORMAL,LOW,False,False,False,True,False,NORMAL,ONESIDED,NORMAL,LOW,NORMAL,HIGH,ZERO,HIGH,HIGH,NORMAL,False,LOW,HIGH,LOW
HIGH,NORMAL,LOW,False,False,True,False,False,NORMAL,NORMAL,LOW,LOW,NORMAL,HIGH,ZERO,NORMAL,NORMAL,NORMAL,False,ZERO,HIGH,HIGH
NORMAL,NORMAL,LOW,False,False,False,False,False,NORMAL,NORMAL,LOW,LOW,NORMAL,HIGH,ZERO,HIGH,HIGH,NORMAL,False,ZERO,NORMAL,HIGH
LOW,HIGH,HIGH,False,False,False,False,False,HIGH,NORMAL,LOW,HIGH,NORMAL,NORMAL,HIGH,LOW,LOW,HIGH,False,HIGH,NORMAL,LOW
LOW,NORMAL,LOW,True,False,False,False,False,HIGH,NORMAL,LOW,LOW,HIGH,LOW,ZERO,LOW,LOW,HIGH,False,ZERO,NORMAL,LOW
LOW,NORMAL,ZERO,False,False,False,False,False,LOW,NORMAL,LOW,HIGH,NORMAL,NORMAL,HIGH,LOW,LOW,LOW,False,HIGH,NORMAL,LOW
HIGH,NORMAL,LOW,False,False,False,False,True,LOW,NORMAL,LOW,LOW,NORMAL,NORMAL,ZERO,HIGH,HIGH,NORMAL,False,ZERO,NORMAL,HIGH
HIGH,NORMAL,LOW,False,False,False,False,True,LOW,NORMAL,LOW,LOW,NORMAL,HIGH,NORMAL,HIGH,HIGH,LOW,False,ZERO,NORMAL,HIGH
HIGH,NORMAL,LOW,False,False,False,False,False,NORMAL,NORMAL,LOW,LOW,NORMAL,HIGH,ZERO,HIGH,HIGH,NORMAL,False,ZERO,NORMAL,HIGH
HIGH,NORMAL,LOW,False,False,False,True,False,NORMAL,NORMAL,LOW,LOW,NORMAL,HIGH,ZERO,HIGH,HIGH,NORMAL,False,ZERO,NORMAL,LOW
HIGH,ZERO,LOW,False,False,False,False,False,NORMAL,NORMAL,LOW,LOW,HIGH,HIGH,ZERO,NORMAL,HIGH,NORMAL,False,ZERO,NORMAL,HIGH
HIGH,NORMAL,LOW,False,False,True,False,False,NORMAL,NORMAL,LOW,LOW,NORMAL,HIGH,ZERO,NORMAL,NORMAL,NORMAL,False,ZERO,NORMAL,NORMAL
HIGH,NORMAL,LOW,False,False,False,False,False,NORMAL,ONESIDED,LOW,HIGH,NORMAL,HIGH,LOW,HIGH,HIGH,NORMAL,False,HIGH,HIGH,LOW
LOW,NORMAL,LOW,False,False,False,False,False,HIGH,NORMAL,LOW,LOW,NORMAL,LOW,ZERO,LOW,LOW,HIGH,False,ZERO,NORMAL,HIGH
HIGH,NORMAL,LOW,False,False,False,False,False,NORMAL,NORMAL,LOW,LOW,NORMAL,HIGH,ZERO,HIGH,HIGH,NORMAL,False,ZERO,NORMAL,LOW
LOW,LOW,ZERO,False,False,False,False,False,NORMAL,NORMAL,LOW,HIGH,NORMAL,NORMAL,HIGH,LOW,LOW,NORMAL,False,HIGH,NORMAL,NORMAL
HIGH,LOW,ZERO,True,False,True,False,False,NORMAL,NORMAL,LOW,LOW,NORMAL,HIGH,ZERO,NORMAL,NORMAL,NORMAL,False,ZERO,NORMAL,LOW
HIGH,NORMAL,LOW,False,False,False,False,True,LOW,NORMAL,LOW,LOW,NORMAL,LOW,ZERO,HIGH,HIGH,LOW,False,ZERO,NORMAL,NORMAL
HIGH,NORMAL,LOW,False,False,False,False,False,NORMAL,NORMAL,LOW,LOW,NORMAL,HIGH,ZERO,HIGH,HIGH,NORMAL,False,ZERO,NORMAL,NORMAL
HIGH,NORMAL,LOW,False,False,False,False,False,NORMAL,NORMAL,LOW,LOW,NORMAL,HIGH,ZERO,HIGH,HIGH,NORMAL,False,ZERO,NORMAL,NORMAL
HIGH,LOW,ZERO,False,False,False,False,False,HIGH,NORMAL,LOW,HIGH,NORMAL,LOW,HIGH,HIGH,HIGH,HIGH,False,HIGH,NORMAL,LOW
HIGH,NORMAL,LOW,False,False,True,True,False,NORMAL,NORMAL,LOW,LOW,NORMAL,HIGH,ZERO,NORMAL,NORMAL,NORMAL,False,ZERO,NORMAL,NORMAL
HIGH,NORMAL,LOW,False,False,False,False,False,NORMAL,ONESIDED,LOW,LOW,NORMAL,HIGH,ZERO,HIGH,HIGH,NORMAL,False,LOW,NORMAL,NORMAL
HIGH,NORMAL,LOW,False,False,False,False,False,HIGH,NORMAL,LOW,LOW,HIGH,HIGH,ZERO,HIGH,HIGH,HIGH,False,ZERO,HIGH,HIGH
LOW,NORMAL,LOW,False,False,True,False,False,NORMAL,ONESIDED,LOW,LOW,NORMAL,NORMAL,NORMAL,LOW,LOW,NORMAL,False,NORMAL,HIGH,HIGH
HIGH,NORMAL,LOW,False,False,False,False,False,HIGH,NORMAL,ZERO,LOW,HIGH,HIGH,ZERO,HIGH,HIGH,HIGH,True,ZERO,NORMAL,LOW
HIGH,NORMAL,LOW,False,False,False,False,False,NORMAL,NORMAL,LOW,LOW,NORMAL,NORMAL,ZERO,HIGH,HIGH,NORMAL,False,ZERO,NORMAL,NORMAL
HIGH,NORMAL,LOW,False,False,False,False,False,NORMAL,NORMAL,LOW,LOW,LOW,HIGH,LOW,HIGH,LOW,NORMAL,False,ZERO,NORMAL,HIGH
HIGH,NORMAL,LOW,False,False,False,False,True,LOW,NORMAL,LOW,HIGH,NORMAL,LOW,HIGH,HIGH,HIGH,LOW,False,HIGH,NORMAL,NORMAL
HIGH,NORMAL,LOW,False,False,False,False,False,NORMAL,NORMAL,LOW,LOW,NORMAL,HIGH,ZERO,HIGH,HIGH,NORMAL,False,ZERO,NORMAL,NORMAL
HIGH,NORMAL,LOW,False,False,False,False,False,NORMAL,NORMAL,LOW,LOW,LOW,LOW,ZERO,HIGH,HIGH,NORMAL,False,ZERO,NORMAL,LOW
HIGH,HIGH,HIGH,False,False,False,False,False,NORMAL,NORMAL,LOW,HIGH,NORMAL,HIGH,HIGH,HIGH,HIGH,NORMAL,False,HIGH,HIGH,LOW
HIGH,NORMAL,LOW,False,False,False,True,False,NORMAL,NORMAL,LOW,LOW,NORMAL,HIGH,ZERO,HIGH,HIGH,NORMAL,False,ZERO,NORMAL,HIGH
LOW,NORMAL,LOW,False,False,False,False,False,NORMAL,NORMAL,LOW,LOW,NORMAL,NORMAL,ZERO,LOW,LOW,NORMAL,False,ZERO,NORMAL,HIGH
HIGH,NORMAL,LOW,False,False,False,False,False,NORMAL,NORMAL,LOW,LOW,NORMAL,HIGH,ZERO,HIGH,HIGH,NORMAL,False,ZERO,NORMAL,NORMAL
HIGH,NORMAL,LOW,False,False,False,True,False,HIGH,NORMAL,LOW,LOW,NORMAL,HIGH,ZERO,HIGH,HIGH,HIGH,False,ZERO,NORMAL,LOW
HIGH,NORMAL,LOW,False,False,True,False,False,NORMAL,NORMAL,LOW,LOW,NORMAL,HIGH,ZERO,NORMAL,NORMAL,NORMAL,False,ZERO,NORMAL,NORMAL
HIGH,NORMAL,LOW,False,False,False,False,False,LOW,NORMAL,LOW,LOW,NORMAL,HIGH,ZERO,HIGH,HIGH,LOW,False,ZERO,NORMAL,LOW
HIGH,NORMAL,LOW,False,False,False,False,False,NORMAL,NORMAL,LOW,LOW,NORMAL,HIGH,ZERO,HIGH,HIGH,NORMAL,False,ZERO,NORMAL,HIGH
HIGH,HIGH,NORMAL,False,False,False,False,True,LOW,NORMAL,LOW,LOW,NORMAL,LOW,ZERO,HIGH,HIGH,LOW,False,ZERO,NORMAL,LOW
HIGH,NORMAL,LOW,False,False,False,False,False,NORMAL,NORMAL,LOW,LOW,NORMAL,HIGH,ZERO,HIGH,HIGH,NORMAL,False,ZERO,NORMAL,HIGH
HIGH,NORMAL,LOW,False,False,False,False,False,NORMAL,NORMAL,LOW,LOW,NORMAL,HIGH,ZERO,HIGH,HIGH,NORMAL,False,ZERO,NORMAL,LOW
HIGH,NORMAL,LOW,False,False,False,False,False,NORMAL,NORMAL,LOW,LOW,NORMAL,HIGH,ZERO,HIGH,HIGH,NORMAL,False,ZERO,NORMAL,LOW
HIGH,NORMAL,LOW,False,False,False,False,False,NORMAL,NORMAL,LOW,LOW,NORMAL,HIGH,ZERO,HIGH,HIGH,NORMAL,False,ZERO,NORMAL,LOW
HIGH,NORMAL,LOW,False,False,False,False,False,NORMAL,NORMAL,LOW,LOW,NORMAL,HIGH,ZERO,HIGH,HIGH,NORMAL,False,ZERO,NORMAL,NORMAL
NORMAL,NORMAL,LOW,False,False,False,False,False,NORMAL,NORMAL,LOW,LOW,NORMAL,HIGH,ZERO,HIGH,HIGH,NORMAL,False,ZERO,NORMAL,HIGH
HIGH,NORMAL,LOW,False,False,False,False,False,NORMAL,NORMAL,HIGH,LOW,NORMAL,HIGH,LOW,HIGH,HIGH,NORMAL,False,ZERO,NORMAL,LOW
HIGH,NORMAL,LOW,False,False,False,False,False,NORMAL,NORMAL,LOW,LOW,NORMAL,HIGH,ZERO,HIGH,HIGH,NORMAL,False,ZERO,NORMAL,LOW
HIGH,NORMAL,LOW,False,False,False,False,False,NORMAL,NORMAL,LOW,LOW,NORMAL,HIGH,ZERO,HIGH,HIGH,NORMAL,False,ZERO,NORMAL,NORMAL
NORMAL,NORMAL,LOW,False,False,False,False,False,NORMAL,NORMAL,LOW,LOW,NORMAL,LOW,ZERO,NORMAL,HIGH,NORMAL,False,ZERO,NORMAL,NORMAL
HIGH,NORMAL,LOW,False,False,False,False,False,NORMAL,NORMAL,LOW,LOW,NORMAL,HIGH,ZERO,HIGH,HIGH,NORMAL,False,ZERO,NORMAL,HIGH
HIGH,LOW,ZERO,False,False,True,False,True,LOW,NORMAL,LOW,LOW,NORMAL,NORMAL,ZERO,NORMAL,NORMAL,LOW,False,ZERO,NORMAL,NORMAL
HIGH,LOW,ZERO,False,False,False,True,False,NORMAL,NORMAL,ZERO,HIGH,NORMAL,HIGH,HIGH,HIGH,HIGH,LOW,False,HIGH,NORMAL,LOW
HIGH,NORMAL,LOW,False,False,False,False,False,NORMAL,NORMAL,LOW,LOW,NORMAL,HIGH,ZERO,HIGH,HIGH,NORMAL,False,ZERO,NORMAL,HIGH
LOW,NORMAL,LOW,False,False,False,False,False,NORMAL,NORMAL,LOW,LOW,NORMAL,NORMAL,ZERO,LOW,LOW,NORMAL,False,ZERO,NORMAL,NORMAL
HIGH,NORMAL,LOW,False,False,False,False,False,NORMAL,NORMAL,LOW,LOW,NORMAL,HIGH,ZERO,HIGH,HIGH,NORMAL,False,ZERO,NORMAL,HIGH
HIGH,NORMAL,LOW,False,False,False,False,False,HIGH,NORMAL,LOW,HIGH,NORMAL,HIGH,ZERO,HIGH,HIGH,HIGH,False,HIGH,NORMAL,HIGH
HIGH,NORMAL,LOW,False,False,False,False,False,NORMAL,NORMAL,ZERO,HIGH,NORMAL,HIGH,ZERO,NORMAL,HIGH,NORMAL,False,HIGH,HIGH,NORMAL
HIGH,ZERO,ZERO,False,False,False,False,True,LOW,NORMAL,HIGH,HIGH,NORMAL,NORMAL,HIGH,HIGH,HIGH,LOW,False,HIGH,NORMAL,NORMAL
HIGH,NORMAL,LOW,False,False,False,False,False,NORMAL,NORMAL,LOW,LOW,NORMAL,HIGH,ZERO,HIGH,HIGH,LOW,False,ZERO,NORMAL,NORMAL
LOW,NORMAL,LOW,False,False,False,False,False,NORMAL,NORMAL,LOW,LOW,NORMAL,NORMAL,ZERO,LOW,LOW,LOW,False,LOW,NORMAL,LOW
HIGH,NORMAL,LOW,False,False,False,True,False,NORMAL,NORMAL,LOW,LOW,NORMAL,HIGH,LOW,HIGH,HIGH,NORMAL,False,ZERO,NORMAL,LOW
HIGH,NORMAL,LOW,False,False,False,True,False,NORMAL,NORMAL,LOW,LOW,NORMAL,HIGH,ZERO,HIGH,HIGH,NORMAL,False,ZERO,NORMAL,LOW
LOW,NORMAL,LOW,False,False,False,False,True,LOW,NORMAL,LOW,LOW,NORMAL,NORMAL,ZERO,LOW,LOW,LOW,False,ZERO,NORMAL,HIGH
HIGH,NORMAL,HIGH,False,False,True,True,False,LOW,ONESIDED,HIGH,LOW,NORMAL,HIGH,HIGH,NORMAL,NORMAL,LOW,False,LOW,HIGH,NORMAL
HIGH,NORMAL,LOW,False,False,False,False,False,HIGH,NORMAL,LOW,LOW,NORMAL,LOW,ZERO,HIGH,HIGH,HIGH,False,ZERO,NORMAL,LOW
LOW,NORMAL,ZERO,False,False,False,False,False,HIGH,NORMAL,LOW,HIGH,NORMAL,LOW,NORMAL,LOW,LOW,HIGH,False,HIGH,NORMAL,HIGH
NORMAL,NORMAL,LOW,True,False,False,False,False,HIGH,ONESIDED,LOW,LOW,NORMAL,LOW,NORMAL,HIGH,HIGH,HIGH,False,NORMAL,HIGH,LOW
NORMAL,NORMAL,LOW,False,False,False,False,False,NORMAL,ONESIDED,NORMAL,LOW,LOW,HIGH,ZERO,HIGH,HIGH,NORMAL,False,LOW,HIGH,NORMAL
LOW,NORMAL,LOW,False,False,False,False,False,NORMAL,NORMAL,LOW,LOW,NORMAL,LOW,ZERO,LOW,LOW,NORMAL,False,ZERO,NORMAL,NORMAL
HIGH,NORMAL,LOW,False,False,False,False,True,LOW,NORMAL,LOW,LOW,NORMAL,LOW,ZERO,HIGH,HIGH,LOW,False,ZERO,NORMAL,HIGH
HIGH,NORMAL,LOW,False,False,True,False,False,NORMAL,NORMAL,LOW,LOW,NORMAL,HIGH,ZERO,NORMAL,NORMAL,NORMAL,False,ZERO,NORMAL,NORMAL
HIGH,NORMAL,LOW,False,False,False,False,False,HIGH,NORMAL,LOW,LOW,NORMAL,LOW,ZERO,HIGH,HIGH,HIGH,False,ZERO,NORMAL,LOW
LOW,NORMAL,LOW,False,False,False,False,False,NORMAL,NORMAL,LOW,LOW,NORMAL,NORMAL,ZERO,LOW,LOW,NORMAL,False,ZERO,NORMAL,NORMAL
HIGH,NORMAL,LOW,False,False,False,False,False,HIGH,NORMAL,LOW,LOW,NORMAL,HIGH,ZERO,HIGH,HIGH,HIGH,False,ZERO,NORMAL,LOW
HIGH,NORMAL,LOW,False,False,False,False,True,LOW,NORMAL,LOW,LOW,NORMAL,LOW,ZERO,HIGH,HIGH,LOW,False,ZERO,NORMAL,HIGH
HIGH,NORMAL,LOW,False,False,False,False,False,NORMAL,NORMAL,LOW,LOW,NORMAL,HIGH,ZERO,HIGH,HIGH,NORMAL,False,ZERO,NORMAL,LOW
HIGH,NORMAL,LOW,False,True,False,False,False,NORMAL,NORMAL,LOW,LOW,HIGH,HIGH,ZERO,HIGH,HIGH,NORMAL,False,ZERO,HIGH,HIGH
HIGH,NORMAL,LOW,False,False,False,False,False,HIGH,NORMAL,LOW,LOW,HIGH,LOW,ZERO,HIGH,HIGH,HIGH,False,ZERO,HIGH,HIGH
HIGH,LOW,ZERO,False,False,False,False,False,NORMAL,NORMAL,LOW,HIGH,NORMAL,HIGH,HIGH,HIGH,HIGH,NORMAL,False,HIGH,HIGH,NORMAL
HIGH,HIGH,NORMAL,False,False,False,False,True,LOW,ESOPHAGEAL,LOW,LOW,LOW,NORMAL,LOW,NORMAL,HIGH,LOW,False,LOW,NORMAL,LOW
HIGH,ZERO,ZERO,False,False,False,False,False,NORMAL,NORMAL,LOW,LOW,NORMAL,HIGH,ZERO,HIGH,HIGH,NORMAL,False,ZERO,NORMAL,NORMAL
HIGH,NORMAL,LOW,False,False,False,False,False,NORMAL,NORMAL,LOW,LOW,NORMAL,HIGH,NORMAL,HIGH,HIGH,NORMAL,False,ZERO,NORMAL,NORMAL
HIGH,NORMAL,LOW,True,False,False,False,False,HIGH,NORMAL,LOW,LOW,NORMAL,LOW,ZERO,HIGH,HIGH,HIGH,False,ZERO,NORMAL,LOW
HIGH,HIGH,HIGH,False,False,True,False,True,LOW,NORMAL,LOW,HIGH,NORMAL,LOW,HIGH,NORMAL,NORMAL,LOW,False,HIGH,NORMAL,LOW
LOW,NORMAL,ZERO,False,False,False,False,False,NORMAL,NORMAL,LOW,LOW,NORMAL,NORMAL,ZERO,LOW,NORMAL,NORMAL,False,ZERO,NORMAL,NORMAL
HIGH,NORMAL,LOW,False,False,True,False,False,NORMAL,NORMAL,LOW,LOW,NORMAL,HIGH,ZERO,NORMAL,NORMAL,NORMAL,False,ZERO,NORMAL,LOW
HIGH,NORMAL,LOW,False,False,False,False,False,NORMAL,NORMAL,LOW,LOW,NORMAL,HIGH,ZERO,HIGH,HIGH,NORMAL,False,ZERO,NORMAL,LOW
HIGH,NORMAL,LOW,False,False,False,False,False,NORMAL,NORMAL,LOW,LOW,NORMAL,HIGH,ZERO,HIGH,HIGH,NORMAL,False,ZERO,NORMAL,NORMAL
HIGH,NORMAL,LOW,False,False,False,True,False,NORMAL,ESOPHAGEAL,NORMAL,LOW,NORMAL,HIGH,LOW,HIGH,HIGH,NORMAL,False,LOW,NORMAL,NORMAL
HIGH,HIGH,NORMAL,False,False,False,False,False,NORMAL,NORMAL,HIGH,LOW,NORMAL,HIGH,LOW,HIGH,HIGH,NORMAL,False,LOW,NORMAL,NORMAL
HIGH,NORMAL,LOW,False,False,False,False,False,NORMAL,NORMAL,LOW,LOW,NORMAL,HIGH,ZERO,HIGH,HIGH,NORMAL,False,ZERO,NORMAL,HIGH
LOW,HIGH,HIGH,False,False,False,False,False,NORMAL,NORMAL,LOW,HIGH,NORMAL,NORMAL,HIGH,LOW,LOW,NORMAL,False,HIGH,NORMAL,HIGH
HIGH,NORMAL,ZERO,False,False,False,False,False,NORMAL,NORMAL,LOW,HIGH,NORMAL,HIGH,HIGH,HIGH,HIGH,LOW,False,HIGH,NORMAL,NORMAL
LOW,NORMAL,LOW,False,False,False,False,False,NORMAL,NORMAL,LOW,LOW,HIGH,NORMAL,ZERO,LOW,LOW,NORMAL,False,NORMAL,NORMAL,HIGH
HIGH,NORMAL,LOW,False,False,False,False,False,LOW,NORMAL,LOW,LOW,NORMAL,HIGH,ZERO,HIGH,HIGH,LOW,False,ZERO,NORMAL,LOW
LOW,NORMAL,LOW,False,False,False,False,False,NORMAL,NORMAL,LOW,LOW,NORMAL,NORMAL,ZERO,LOW,LOW,NORMAL,False,ZERO,NORMAL,NORMAL
LOW,ZERO,ZERO,False,False,False,False,False,NORMAL,NORMAL,LOW,LOW,NORMAL,NORMAL,ZERO,LOW,LOW,NORMAL,False,ZERO,NORMAL,NORMAL
HIGH,NORMAL,LOW,False,False,False,True,False,NORMAL,NORMAL,ZERO,HIGH,NORMAL,HIGH,ZERO,HIGH,HIGH,NORMAL,False,HIGH,NORMAL,LOW
HIGH,NORMAL,LOW,False,False,False,False,False,NORMAL,NORMAL,LOW,LOW,NORMAL,HIGH,ZERO,HIGH,HIGH,NORMAL,False,ZERO,NORMAL,HIGH
HIGH,NORMAL,LOW,False,False,False,False,False,NORMAL,NORMAL,LOW,LOW,NORMAL,HIGH,ZERO,HIGH,HIGH,NORMAL,False,ZERO,NORMAL,LOW
HIGH,ZERO,ZERO,False,False,False,False,False,NORMAL,NORMAL,LOW,LOW,NORMAL,HIGH,ZERO,HIGH,HIGH,NORMAL,False,ZERO,HIGH,HIGH
HIGH,NORMAL,LOW,False,False,False,False,False,NORMAL,NORMAL,LOW,LOW,NORMAL,HIGH,ZERO,HIGH,HIGH,NORMAL,False,NORMAL,HIGH,NORMAL
HIGH,NORMAL,ZERO,False,False,False,False,False,NORMAL,NORMAL,LOW,HIGH,NORMAL,HIGH,HIGH,HIGH,HIGH,NORMAL,False,HIGH,NORMAL,LOW
HIGH,NORMAL,LOW,False,False,False,False,False,LOW,NORMAL,LOW,LOW,NORMAL,HIGH,ZERO,HIGH,HIGH,LOW,False,ZERO,NORMAL,LOW
HIGH,NORMAL,LOW,False,False,True,False,False,NORMAL,NORMAL,LOW,LOW,NORMAL,HIGH,ZERO,NORMAL,NORMAL,LOW,False,ZERO,NORMAL,NORMAL
HIGH,NORMAL,LOW,False,False,False,True,False,NORMAL,ONESIDED,NORMAL,LOW,NORMAL,LOW,ZERO,HIGH,HIGH,NORMAL,False,LOW,HIGH,HIGH
LOW,NORMAL,LOW,False,False,False,False,False,NORMAL,NORMAL,LOW,LOW,NORMAL,NORMAL,ZERO,LOW,LOW,NORMAL,False,ZERO,NORMAL,NORMAL
HIGH,NORMAL,ZERO,False,False,False,False,False,HIGH,NORMAL,LOW,HIGH,NORMAL,LOW,HIGH,HIGH,HIGH,HIGH,False,HIGH,NORMAL,NORMAL
HIGH,NORMAL,LOW,False,False,False,False,False,NORMAL,NORMAL,LOW,HIGH,NORMAL,HIGH,HIGH,HIGH,HIGH,NORMAL,False,HIGH,NORMAL,NORMAL
HIGH,NORMAL,LOW,False,False,False,False,False,NORMAL,NORMAL,LOW,LOW,NORMAL,HIGH,ZERO,HIGH,HIGH,NORMAL,False,LOW,NORMAL,NORMAL
LOW,NORMAL,LOW,False,False,False,False,False,NORMAL,NORMAL,LOW,LOW,NORMAL,NORMAL,ZERO,HIGH,LOW,NORMAL,False,ZERO,NORMAL,NORMAL
LOW,NORMAL,ZERO,False,False,False,False,False,NORMAL,NORMAL,LOW,HIGH,NORMAL,NORMAL,HIGH,LOW,LOW,NORMAL,False,HIGH,NORMAL,HIGH
HIGH,NORMAL,LOW,False,False,True,False,False,HIGH,NORMAL,LOW,LOW,NORMAL,HIGH,ZERO,NORMAL,NORMAL,HIGH,False,ZERO,NORMAL,NORMAL
HIGH,NORMAL,HIGH,False,False,False,False,False,NORMAL,NORMAL,HIGH,HIGH,NORMAL,HIGH,HIGH,HIGH,HIGH,NORMAL,False,HIGH,NORMAL,LOW
NORMAL,NORMAL,LOW,False,False,False,False,False,HIGH,NORMAL,LOW,LOW,NORMAL,LOW,ZERO,LOW,LOW,NORMAL,False,ZERO,NORMAL,LOW
HIGH,NORMAL,ZERO,False,False,False,False,False,NORMAL,NORMAL,LOW,LOW,NORMAL,HIGH,ZERO,HIGH,HIGH,NORMAL,True,ZERO,NORMAL,NORMAL
LOW,NORMAL,LOW,False,False,False,False,False,NORMAL,NORMAL,LOW,LOW,NORMAL,NORMAL,ZERO,LOW,LOW,NORMAL,False,ZERO,NORMAL,HIGH
LOW,NORMAL,ZERO,False,False,False,False,False,LOW,NORMAL,LOW,LOW,HIGH,NORMAL,ZERO,LOW,LOW,LOW,False,ZERO,NORMAL,NORMAL
HIGH,NORMAL,LOW,False,False,False,False,False,LOW,NORMAL,LOW,LOW,NORMAL,HIGH,NORMAL,HIGH,HIGH,LOW,False,ZERO,NORMAL,HIGH
HIGH,NORMAL,ZERO,False,False,True,False,False,NORMAL,NORMAL,LOW,LOW,NORMAL,HIGH,ZERO,NORMAL,NORMAL,NORMAL,False,ZERO,HIGH,NORMAL
HIGH,NORMAL,ZERO,False,False,False,False,False,NORMAL,NORMAL,LOW,LOW,NORMAL,HIGH,ZERO,HIGH,HIGH,NORMAL,False,NORMAL,NORMAL,LOW
HIGH,NORMAL,LOW,False,False,False,False,False,HIGH,NORMAL,LOW,LOW,NORMAL,NORMAL,ZERO,HIGH,HIGH,HIGH,False,ZERO,NORMAL,NORMAL
LOW,ZERO,ZERO,False,False,False,False,False,NORMAL,NORMAL,LOW,LOW,NORMAL,LOW,ZERO,LOW,LOW,NORMAL,False,NORMAL,NORMAL,HIGH
HIGH,HIGH,NORMAL,False,False,False,False,False,HIGH,NORMAL,HIGH,LOW,NORMAL,HIGH,LOW,HIGH,HIGH,HIGH,False,LOW,NORMAL,NORMAL
HIGH,NORMAL,LOW,False,False,False,False,True,LOW,NORMAL,HIGH,LOW,NORMAL,LOW,LOW,HIGH,HIGH,LOW,False,LOW,HIGH,LOW
HIGH,NORMAL,LOW,False,False,False,False,False,HIGH,NORMAL,LOW,LOW,NORMAL,HIGH,ZERO,HIGH,HIGH,HIGH,False,ZERO,NORMAL,LOW
NORMAL,NORMAL,LOW,False,False,False,False,False,NORMAL,NORMAL,LOW,LOW,NORMAL,NORMAL,ZERO,LOW,LOW,NORMAL,False,ZERO,NORMAL,NORMAL
HIGH,NORMAL,LOW,False,False,False,False,False,NORMAL,NORMAL,LOW,LOW,NORMAL,HIGH,ZERO,HIGH,HIGH,NORMAL,False,ZERO,NORMAL,NORMAL
HIGH,NORMAL,LOW,False,False,False,False,False,HIGH,NORMAL,LOW,LOW,NORMAL,NORMAL,ZERO,HIGH,HIGH,HIGH,False,ZERO,HIGH,NORMAL
HIGH,NORMAL,LOW,False,False,False,False,False,HIGH,NORMAL,LOW,LOW,NORMAL,HIGH,ZERO,HIGH,HIGH,HIGH,False,ZERO,NORMAL,LOW
HIGH,NORMAL,LOW,False,False,False,False,False,NORMAL,NORMAL,LOW,LOW,NORMAL,HIGH,ZERO,HIGH,HIGH,NORMAL,False,ZERO,NORMAL,NORMAL
LOW,NORMAL,LOW,False,False,False,False,False,NORMAL,NORMAL,LOW,LOW,NORMAL,HIGH,ZERO,LOW,LOW,NORMAL,False,ZERO,NORMAL,HIGH
NORMAL,NORMAL,LOW,False,False,True,True,False,NORMAL,NORMAL,LOW,LOW,NORMAL,HIGH,ZERO,NORMAL,NORMAL,NORMAL,False,ZERO,NORMAL,LOW
HIGH,NORMAL,LOW,False,False,False,False,False,NORMAL,NORMAL,LOW,NORMAL,NORMAL,HIGH,ZERO,HIGH,HIGH,NORMAL,False,NORMAL,NORMAL,LOW
HIGH,NORMAL,LOW,False,False,False,False,False,NORMAL,NORMAL,LOW,LOW,NORMAL,HIGH,ZERO,HIGH,HIGH,NORMAL,False,ZERO,HIGH,NORMAL
HIGH,NORMAL,ZERO,False,False,False,False,False,NORMAL,NORMAL,LOW,LOW,NORMAL,HIGH,ZERO,HIGH,HIGH,NORMAL,False,ZERO,NORMAL,HIGH
NORMAL,NORMAL,LOW,False,False,True,False,False,NORMAL,NORMAL,LOW,LOW,NORMAL,HIGH,ZERO,NORMAL,NORMAL,NORMAL,False,ZERO,NORMAL,NORMAL
HIGH,NORMAL,LOW,False,False,False,False,False,NORMAL,NORMAL,LOW,LOW,NORMAL,HIGH,ZERO,HIGH,HIGH,NORMAL,False,ZERO,NORMAL,NORMAL
HIGH,LOW,ZERO,False,False,False,False,False,HIGH,NORMAL,LOW,HIGH,NORMAL,HIGH,HIGH,HIGH,HIGH,HIGH,False,HIGH,NORMAL,LOW
HIGH,NORMAL,LOW,False,False,False,False,False,HIGH,NORMAL,LOW,LOW,NORMAL,HIGH,ZERO,HIGH,HIGH,HIGH,False,ZERO,NORMAL,LOW
HIGH,ZERO,ZERO,False,False,False,False,False,HIGH,NORMAL,LOW,HIGH,NORMAL,LOW,HIGH,HIGH,HIGH,HIGH,False,HIGH,NORMAL,NORMAL
LOW,NORMAL,LOW,False,False,True,False,False,NORMAL,NORMAL,LOW,LOW,NORMAL,NORMAL,ZERO,HIGH,HIGH,NORMAL,False,ZERO,NORMAL,HIGH
HIGH,NORMAL,LOW,False,False,False,False,True,LOW,NORMAL,LOW,LOW,NORMAL,LOW,ZERO,HIGH,HIGH,NORMAL,False,ZERO,NORMAL,NORMAL
HIGH,NORMAL,LOW,False,False,False,False,False,NORMAL,ESOPHAGEAL,NORMAL,LOW,NORMAL,HIGH,ZERO,HIGH,HIGH,NORMAL,False,ZERO,NORMAL,NORMAL
LOW,NORMAL,ZERO,False,False,False,False,False,NORMAL,NORMAL,LOW,HIGH,NORMAL,LOW,HIGH,LOW,LOW,NORMAL,False,HIGH,NORMAL,NORMAL
LOW,NORMAL,LOW,False,False,False,False,False,NORMAL,NORMAL,LOW,LOW,NORMAL,NORMAL,ZERO,NORMAL,NORMAL,NORMAL,False,ZERO,NORMAL,NORMAL
HIGH,LOW,ZERO,False,False,False,False,False,HIGH,NORMAL,LOW,HIGH,NORMAL,HIGH,HIGH,HIGH,HIGH,HIGH,False,HIGH,NORMAL,LOW
LOW,NORMAL,LOW,False,False,False,False,False,NORMAL,ESOPHAGEAL,LOW,LOW,NORMAL,NORMAL,LOW,LOW,LOW,NORMAL,False,LOW,NORMAL,HIGH
HIGH,NORMAL,LOW,False,False,False,False,False,HIGH,NORMAL,LOW,LOW,NORMAL,LOW,ZERO,HIGH,HIGH,HIGH,False,ZERO,NORMAL,NORMAL
HIGH,NORMAL,LOW,False,False,False,False,False,NORMAL,NORMAL,LOW,LOW,NORMAL,HIGH,ZERO,HIGH,HIGH,NORMAL,False,ZERO,NORMAL,NORMAL
HIGH,NORMAL,LOW,False,False,False,False,False,NORMAL,NORMAL,LOW,LOW,NORMAL,HIGH,ZERO,HIGH,HIGH,NORMAL,False,ZERO,NORMAL,HIGH
HIGH,NORMAL,LOW,False,False,False,False,False,NORMAL,NORMAL,LOW,LOW,NORMAL,HIGH,ZERO,HIGH,HIGH,NORMAL,False,ZERO,NORMAL,HIGH
LOW,NORMAL,LOW,False,False,False,False,False,NORMAL,NORMAL,ZERO,LOW,NORMAL,NORMAL,ZERO,LOW,LOW,NORMAL,False,ZERO,NORMAL,HIGH
HIGH,NORMAL,LOW,False,False,False,False,False,NORMAL,NORMAL,LOW,LOW,NORMAL,HIGH,ZERO,HIGH,LOW,NORMAL,False,ZERO,NORMAL,HIGH
LOW,NORMAL,LOW,False,False,False,False,False,NORMAL,NORMAL,LOW,LOW,NORMAL,NORMAL,ZERO,LOW,LOW,NORMAL,False,ZERO,NORMAL,NORMAL
HIGH,NORMAL,LOW,False,False,False,False,False,NORMAL,NORMAL,LOW,LOW,NORMAL,NORMAL,ZERO,HIGH,HIGH,NORMAL,False,ZERO,NORMAL,HIGH
LOW,NORMAL,LOW,False,False,False,False,True,LOW,NORMAL,LOW,LOW,NORMAL,NORMAL,ZERO,HIGH,HIGH,LOW,False,ZERO,NORMAL,HIGH
LOW,NORMAL,ZERO,False,False,False,False,False,NORMAL,NORMAL,LOW,NORMAL,NORMAL,NORMAL,HIGH,LOW,LOW,NORMAL,False,HIGH,NORMAL,HIGH
LOW,NORMAL,LOW,False,False,False,False,False,NORMAL,NORMAL,LOW,LOW,LOW,NORMAL,ZERO,LOW,LOW,NORMAL,False,ZERO,NORMAL,NORMAL
HIGH,NORMAL,LOW,False,False,True,False,False,NORMAL,NORMAL,LOW,LOW,LOW,HIGH,ZERO,HIGH,NORMAL,NORMAL,False,ZERO,NORMAL,HIGH
HIGH,NORMAL,LOW,False,False,False,False,False,HIGH,NORMAL,LOW,LOW,NORMAL,LOW,ZERO,HIGH,HIGH,HIGH,False,ZERO,NORMAL,HIGH
HIGH,NORMAL,LOW,False,False,False,False,False,HIGH,NORMAL,LOW,LOW,NORMAL,NORMAL,ZERO,HIGH,HIGH,HIGH,False,ZERO,NORMAL,HIGH
NORMAL,ZERO,ZERO,False,False,False,False,False,NORMAL,NORMAL,LOW,LOW,NORMAL,HIGH,ZERO,HIGH,HIGH,NORMAL,False,ZERO,NORMAL,NORMAL
HIGH,NORMAL,ZERO,False,False,False,True,False,NORMAL,NORMAL,LOW,HIGH,NORMAL,HIGH,HIGH,HIGH,HIGH,NORMAL,False,HIGH,NORMAL,NORMAL
HIGH,NORMAL,ZERO,False,False,False,True,True,LOW,ONESIDED,LOW,LOW,NORMAL,NORMAL,NORMAL,HIGH,HIGH,LOW,False,NORMAL,HIGH,HIGH
HIGH,NORMAL,LOW,False,False,True,False,False,NORMAL,NORMAL,LOW,LOW,NORMAL,HIGH,ZERO,NORMAL,NORMAL,NORMAL,False,ZERO,NORMAL,LOW
LOW,NORMAL,ZERO,False,False,False,True,False,NORMAL,NORMAL,LOW,HIGH,NORMAL,NORMAL,HIGH,LOW,LOW,NORMAL,False,HIGH,NORMAL,HIGH
HIGH,NORMAL,LOW,False,False,False,False,False,HIGH,NORMAL,LOW,LOW,NORMAL,LOW,ZERO,HIGH,HIGH,HIGH,False,ZERO,NORMAL,NORMAL
HIGH,NORMAL,LOW,False,False,False,False,False,NORMAL,NORMAL,LOW,LOW,NORMAL,HIGH,ZERO,HIGH,HIGH,NORMAL,False,ZERO,HIGH,LOW
HIGH,NORMAL,LOW,False,False,False,False,False,HIGH,NORMAL,LOW,LOW,NORMAL,LOW,ZERO,HIGH,HIGH,HIGH,False,ZERO,HIGH,HIGH
HIGH,LOW,ZERO,False,False,False,False,False,NORMAL,NORMAL,LOW,LOW,NORMAL,HIGH,ZERO,HIGH,HIGH,NORMAL,False,ZERO,NORMAL,HIGH
HIGH,ZERO,ZERO,False,False,False,True,False,NORMAL,NORMAL,LOW,LOW,NORMAL,HIGH,ZERO,HIGH,HIGH,NORMAL,True,ZERO,NORMAL,LOW
HIGH,NORMAL,LOW,False,False,False,False,False,NORMAL,NORMAL,LOW,LOW,HIGH,HIGH,ZERO,HIGH,HIGH,NORMAL,False,ZERO,NORMAL,LOW
HIGH,HIGH,NORMAL,False,False,False,False,False,NORMAL,NORMAL,HIGH,LOW,NORMAL,HIGH,NORMAL,HIGH,HIGH,NORMAL,False,LOW,NORMAL,HIGH
HIGH,NORMAL,LOW,False,False,False,False,True,LOW,NORMAL,LOW,LOW,NORMAL,LOW,ZERO,HIGH,HIGH,LOW,False,ZERO,NORMAL,NORMAL
LOW,NORMAL,LOW,False,False,False,False,False,NORMAL,NORMAL,LOW,LOW,NORMAL,NORMAL,ZERO,LOW,LOW,NORMAL,False,ZERO,NORMAL,LOW
HIGH,NORMAL,LOW,False,False,False,False,False,NORMAL,NORMAL,LOW,LOW,NORMAL,HIGH,ZERO,HIGH,HIGH,NORMAL,False,ZERO,NORMAL,LOW
HIGH,NORMAL,LOW,False,False,True,False,False,NORMAL,NORMAL,LOW,LOW,NORMAL,HIGH,ZERO,NORMAL,NORMAL,NORMAL,False,ZERO,NORMAL,NORMAL
HIGH,NORMAL,LOW,False,False,False,False,False,HIGH,NORMAL,LOW,LOW,NORMAL,HIGH,ZERO,HIGH,HIGH,HIGH,False,ZERO,NORMAL,HIGH
HIGH,NORMAL,LOW,False,False,False,True,False,NORMAL,ONESIDED,HIGH,LOW,NORMAL,HIGH,HIGH,HIGH,HIGH,NORMAL,False,LOW,HIGH,LOW
LOW,LOW,ZERO,False,False,False,False,False,NORMAL,ESOPHAGEAL,LOW,LOW,NORMAL,NORMAL,ZERO,LOW,LOW,NORMAL,False,LOW,NORMAL,HIGH
HIGH,NORMAL,LOW,False,False,False,False,False,HIGH,NORMAL,LOW,LOW,NORMAL,LOW,ZERO,HIGH,HIGH,HIGH,False,ZERO,NORMAL,NORMAL
HIGH,NORMAL,LOW,False,False,False,False,False,LOW,NORMAL,LOW,LOW,NORMAL,HIGH,ZERO,HIGH,HIGH,LOW,False,ZERO,NORMAL,NORMAL
HIGH,NORMAL,LOW,False,False,False,False,False,NORMAL,NORMAL,LOW,LOW,NORMAL,HIGH,ZERO,HIGH,HIGH,NORMAL,False,ZERO,NORMAL,HIGH
LOW,NORMAL,LOW,False,False,False,True,False,NORMAL,NORMAL,LOW,LOW,NORMAL,NORMAL,ZERO,LOW,LOW,NORMAL,False,ZERO,NORMAL,HIGH
LOW,NORMAL,LOW,False,False,False,True,False,NORMAL,NORMAL,LOW,LOW,NORMAL,NORMAL,ZERO,LOW,LOW,NORMAL,False,ZERO,NORMAL,HIGH
HIGH,NORMAL,LOW,False,False,False,False,False,NORMAL,NORMAL,ZERO,LOW,NORMAL,HIGH,ZERO,HIGH,HIGH,NORMAL,False,ZERO,NORMAL,NORMAL
HIGH,NORMAL,ZERO,False,False,False,False,False,NORMAL,NORMAL,LOW,LOW,NORMAL,HIGH,ZERO,NORMAL,HIGH,NORMAL,False,ZERO,HIGH,NORMAL
HIGH,ZERO,ZERO,False,False,False,False,False,HIGH,NORMAL,LOW,LOW,NORMAL,HIGH,ZERO,HIGH,HIGH,HIGH,False,ZERO,NORMAL,LOW
LOW,NORMAL,LOW,False,False,False,False,True,LOW,NORMAL,LOW,LOW,NORMAL,LOW,ZERO,LOW,LOW,LOW,False,ZERO,NORMAL,HIGH
HIGH,NORMAL,LOW,False,False,False,False,False,NORMAL,NORMAL,LOW,LOW,NORMAL,HIGH,ZERO,HIGH,LOW,LOW,False,ZERO,NORMAL,LOW
HIGH,NORMAL,LOW,False,False,False,False,False,NORMAL,ONESIDED,LOW,LOW,NORMAL,HIGH,NORMAL,HIGH,HIGH,NORMAL,False,NORMAL,HIGH,NORMAL
HIGH,NORMAL,LOW,False,False,False,True,False,NORMAL,NORMAL,LOW,LOW,NORMAL,LOW,ZERO,HIGH,HIGH,NORMAL,False,ZERO,NORMAL,HIGH
HIGH,NORMAL,LOW,False,False,False,False,False,NORMAL,NORMAL,LOW,LOW,NORMAL,HIGH,ZERO,HIGH,HIGH,NORMAL,False,ZERO,NORMAL,NORMAL
HIGH,NORMAL,LOW,False,False,False,False,False,NORMAL,NORMAL,LOW,LOW,NORMAL,HIGH,ZERO,HIGH,HIGH,NORMAL,False,ZERO,NORMAL,LOW
HIGH,ZERO,ZERO,False,False,False,False,False,NORMAL,NORMAL,LOW,HIGH,LOW,HIGH,HIGH,HIGH,HIGH,NORMAL,False,HIGH,NORMAL,NORMAL
HIGH,LOW,ZERO,False,False,False,True,False,NORMAL,ESOPHAGEAL,LOW,LOW,NORMAL,HIGH,LOW,HIGH,HIGH,NORMAL,False,LOW,NORMAL,NORMAL
HIGH,NORMAL,LOW,False,False,False,False,False,NORMAL,NORMAL,LOW,LOW,NORMAL,HIGH,ZERO,HIGH,HIGH,NORMAL,False,ZERO,NORMAL,NORMAL
LOW,NORMAL,LOW,False,False,False,True,False,NORMAL,NORMAL,LOW,LOW,NORMAL,NORMAL,ZERO,LOW,LOW,NORMAL,False,ZERO,NORMAL,NORMAL
HIGH,NORMAL,LOW,False,False,False,False,False,NORMAL,NORMAL,ZERO,LOW,NORMAL,NORMAL,ZERO,HIGH,HIGH,NORMAL,False,ZERO,NORMAL,LOW
HIGH,NORMAL,LOW,False,False,False,False,False,NORMAL,NORMAL,LOW,LOW,NORMAL,HIGH,ZERO,HIGH,HIGH,NORMAL,False,ZERO,NORMAL,LOW
HIGH,NORMAL,LOW,False,False,False,False,False,HIGH,NORMAL,LOW,LOW,NORMAL,HIGH,ZERO,HIGH,HIGH,HIGH,False,ZERO,NORMAL,LOW
HIGH,NORMAL,LOW,False,False,False,False,False,NORMAL,NORMAL,LOW,LOW,NORMAL,LOW,ZERO,HIGH,HIGH,NORMAL,False,ZERO,NORMAL,HIGH
HIGH,NORMAL,LOW,False,False,False,False,False,NORMAL,NORMAL,LOW,LOW,NORMAL,HIGH,ZERO,HIGH,HIGH,NORMAL,False,ZERO,NORMAL,NORMAL
HIGH,NORMAL,LOW,False,False,False,True,False,NORMAL,NORMAL,LOW,LOW,NORMAL,HIGH,ZERO,HIGH,LOW,NORMAL,False,ZERO,NORMAL,HIGH
HIGH,NORMAL,LOW,False,False,False,False,False,HIGH,NORMAL,LOW,LOW,LOW,HIGH,ZERO,HIGH,HIGH,HIGH,False,ZERO,NORMAL,LOW
HIGH,NORMAL,LOW,False,False,False,False,False,NORMAL,NORMAL,LOW,LOW,NORMAL,NORMAL,ZERO,HIGH,HIGH,NORMAL,False,ZERO,NORMAL,LOW
HIGH,HIGH,HIGH,False,False,False,False,False,HIGH,ESOPHAGEAL,NORMAL,HIGH,NORMAL,HIGH,LOW,LOW,HIGH,HIGH,False,HIGH,NORMAL,LOW
LOW,NORMAL,LOW,False,False,False,False,False,NORMAL,NORMAL,LOW,LOW,NORMAL,NORMAL,ZERO,LOW,LOW,NORMAL,False,ZERO,NORMAL,NORMAL
HIGH,NORMAL,LOW,False,False,True,False,False,NORMAL,NORMAL,LOW,LOW,NORMAL,HIGH,ZERO,NORMAL,NORMAL,NORMAL,False,ZERO,HIGH,NORMAL
HIGH,LOW,ZERO,False,False,False,False,False,NORMAL,NORMAL,LOW,HIGH,LOW,HIGH,HIGH,HIGH,HIGH,NORMAL,False,HIGH,NORMAL,LOW
HIGH,NORMAL,LOW,False,False,False,False,False,NORMAL,NORMAL,LOW,LOW,NORMAL,HIGH,ZERO,HIGH,HIGH,NORMAL,False,ZERO,NORMAL,NORMAL
HIGH,NORMAL,LOW,False,False,False,False,False,NORMAL,NORMAL,LOW,LOW,NORMAL,HIGH,ZERO,HIGH,HIGH,LOW,False,ZERO,NORMAL,NORMAL
HIGH,NORMAL,LOW,False,False,False,False,False,HIGH,NORMAL,LOW,LOW,NORMAL,HIGH,ZERO,HIGH,HIGH,HIGH,False,ZERO,NORMAL,LOW
HIGH,NORMAL,ZERO,False,False,False,False,False,NORMAL,NORMAL,LOW,HIGH,HIGH,HIGH,HIGH,NORMAL,HIGH,NORMAL,False,HIGH,NORMAL,LOW
HIGH,NORMAL,LOW,False,False,False,False,False,NORMAL,NORMAL,LOW,LOW,NORMAL,HIGH,ZERO,HIGH,HIGH,LOW,False,ZERO,NORMAL,HIGH
HIGH,NORMAL,LOW,False,False,False,True,False,NORMAL,NORMAL,LOW,LOW,NORMAL,HIGH,ZERO,HIGH,HIGH,NORMAL,False,ZERO,NORMAL,LOW
HIGH,NORMAL,LOW,False,False,False,False,False,NORMAL,NORMAL,LOW,LOW,NORMAL,HIGH,ZERO,HIGH,HIGH,NORMAL,False,ZERO,NORMAL,NORMAL
HIGH,NORMAL,LOW,False,False,False,False,False,NORMAL,NORMAL,LOW,LOW,NORMAL,HIGH,ZERO,HIGH,HIGH,NORMAL,False,ZERO,NORMAL,LOW
LOW,NORMAL,LOW,False,False,False,False,False,HIGH,NORMAL,LOW,LOW,NORMAL,LOW,ZERO,LOW,LOW,HIGH,False,ZERO,NORMAL,NORMAL
LOW,NORMAL,LOW,False,False,False,False,False,HIGH,NORMAL,LOW,LOW,NORMAL,LOW,ZERO,LOW,LOW,HIGH,False,ZERO,NORMAL,NORMAL
HIGH,NORMAL,LOW,False,False,False,True,False,NORMAL,NORMAL,LOW,LOW,NORMAL,HIGH,ZERO,HIGH,NORMAL,NORMAL,False,ZERO,NORMAL,NORMAL
HIGH,NORMAL,LOW,False,False,False,False,True,LOW,NORMAL,LOW,LOW,NORMAL,LOW,ZERO,HIGH,HIGH,LOW,False,ZERO,NORMAL,HIGH
LOW,NORMAL,LOW,False,False,True,False,False,HIGH,NORMAL,LOW,HIGH,HIGH,NORMAL,HIGH,LOW,NORMAL,NORMAL,False,HIGH,NORMAL,HIGH
HIGH,NORMAL,LOW,False,False,False,False,False,NORMAL,NORMAL,LOW,LOW,NORMAL,HIGH,ZERO,HIGH,HIGH,NORMAL,False,ZERO,NORMAL,NORMAL
HIGH,ZERO,ZERO,False,False,False,False,False,NORMAL,NORMAL,LOW,HIGH,NORMAL,HIGH,HIGH,HIGH,HIGH,NORMAL,False,HIGH,NORMAL,LOW
HIGH,NORMAL,LOW,False,False,False,False,False,NORMAL,NORMAL,LOW,LOW,NORMAL,HIGH,ZERO,HIGH,HIGH,NORMAL,False,ZERO,NORMAL,NORMAL
HIGH,NORMAL,LOW,False,False,False,False,False,NORMAL,NORMAL,LOW,HIGH,NORMAL,HIGH,HIGH,HIGH,HIGH,NORMAL,False,HIGH,NORMAL,NORMAL
HIGH,NORMAL,LOW,False,False,False,False,False,NORMAL,NORMAL,LOW,LOW,NORMAL,HIGH,ZERO,HIGH,HIGH,NORMAL,False,ZERO,NORMAL,NORMAL
LOW,NORMAL,LOW,False,False,False,False,False,NORMAL,ESOPHAGEAL,LOW,LOW,NORMAL,HIGH,LOW,LOW,LOW,NORMAL,False,NORMAL,NORMAL,HIGH
HIGH,NORMAL,ZERO,False,False,False,False,False,NORMAL,NORMAL,LOW,LOW,NORMAL,HIGH,ZERO,LOW,HIGH,NORMAL,False,ZERO,NORMAL,LOW
HIGH,NORMAL,LOW,False,False,False,False,False,NORMAL,NORMAL,LOW,LOW,NORMAL,HIGH,ZERO,HIGH,HIGH,NORMAL,False,ZERO,NORMAL,LOW
HIGH,NORMAL,LOW,False,False,False,False,False,NORMAL,NORMAL,LOW,LOW,NORMAL,HIGH,NORMAL,HIGH,HIGH,NORMAL,False,ZERO,NORMAL,LOW
NORMAL,NORMAL,LOW,False,False,True,False,False,HIGH,NORMAL,LOW,LOW,NORMAL,NORMAL,ZERO,NORMAL,NORMAL,HIGH,False,ZERO,NORMAL,LOW
HIGH,LOW,ZERO,False,False,False,False,False,NORMAL,NORMAL,LOW,LOW,NORMAL,HIGH,ZERO,HIGH,HIGH,NORMAL,False,ZERO,NORMAL,HIGH
HIGH,NORMAL,LOW,False,False,False,False,True,LOW,ESOPHAGEAL,LOW,LOW,NORMAL,NORMAL,LOW,HIGH,HIGH,LOW,False,LOW,NORMAL,HIGH
HIGH,NORMAL,LOW,False,False,True,False,True,LOW,NORMAL,LOW,LOW,NORMAL,LOW,ZERO,NORMAL,NORMAL,LOW,False,ZERO,NORMAL,NORMAL
NORMAL,NORMAL,LOW,False,False,False,False,False,HIGH,NORMAL,LOW,LOW,NORMAL,HIGH,ZERO,HIGH,HIGH,HIGH,False,ZERO,NORMAL,NORMAL
HIGH,NORMAL,LOW,False,False,False,False,False,NORMAL,NORMAL,LOW,LOW,NORMAL,LOW,ZERO,HIGH,HIGH,NORMAL,False,ZERO,HIGH,LOW
HIGH,HIGH,HIGH,False,False,False,True,False,HIGH,NORMAL,LOW,HIGH,HIGH,HIGH,HIGH,HIGH,LOW,HIGH,False,HIGH,NORMAL,LOW
HIGH,NORMAL,NORMAL,False,False,False,False,False,NORMAL,NORMAL,HIGH,LOW,NORMAL,NORMAL,LOW,HIGH,HIGH,NORMAL,False,LOW,NORMAL,NORMAL
HIGH,HIGH,HIGH,False,False,True,False,False,NORMAL,NORMAL,LOW,LOW,NORMAL,HIGH,ZERO,NORMAL,NORMAL,NORMAL,True,ZERO,NORMAL,NORMAL
HIGH,LOW,ZERO,False,False,False,False,True,LOW,NORMAL,HIGH,LOW,NORMAL,LOW,LOW,HIGH,HIGH,LOW,False,LOW,NORMAL,NORMAL
HIGH,NORMAL,LOW,False,True,False,False,False,NORMAL,NORMAL,LOW,LOW,HIGH,HIGH,ZERO,HIGH,HIGH,NORMAL,False,ZERO,HIGH,HIGH
HIGH,NORMAL,LOW,False,False,False,False,False,NORMAL,NORMAL,LOW,LOW,NORMAL,HIGH,ZERO,HIGH,HIGH,NORMAL,False,ZERO,NORMAL,NORMAL
HIGH,NORMAL,LOW,False,False,False,False,False,NORMAL,NORMAL,LOW,LOW,NORMAL,HIGH,ZERO,HIGH,HIGH,NORMAL,False,ZERO,NORMAL,NORMAL
HIGH,NORMAL,LOW,False,False,False,False,False,NORMAL,NORMAL,ZERO,LOW,NORMAL,HIGH,ZERO,HIGH,HIGH,NORMAL,False,ZERO,NORMAL,LOW
HIGH,NORMAL,LOW,False,False,False,False,False,NORMAL,NORMAL,LOW,LOW,NORMAL,HIGH,ZERO,HIGH,HIGH,NORMAL,False,ZERO,NORMAL,NORMAL
HIGH,NORMAL,LOW,False,False,False,False,True,LOW,NORMAL,ZERO,HIGH,NORMAL,LOW,ZERO,HIGH,LOW,LOW,False,HIGH,NORMAL,NORMAL
HIGH,NORMAL,LOW,False,False,False,False,False,NORMAL,NORMAL,LOW,LOW,NORMAL,HIGH,ZERO,HIGH,HIGH,NORMAL,False,ZERO,NORMAL,HIGH
HIGH,NORMAL,LOW,False,False,False,False,False,NORMAL,NORMAL,LOW,LOW,NORMAL,HIGH,ZERO,HIGH,HIGH,NORMAL,False,ZERO,NORMAL,HIGH
HIGH,NORMAL,LOW,False,False,False,False,False,NORMAL,NORMAL,LOW,LOW,NORMAL,HIGH,ZERO,HIGH,HIGH,NORMAL,False,ZERO,NORMAL,NORMAL
HIGH,NORMAL,ZERO,False,False,False,False,False,HIGH,NORMAL,LOW,HIGH,NORMAL,HIGH,HIGH,HIGH,HIGH,HIGH,False,HIGH,NORMAL,LOW
HIGH,NORMAL,NORMAL,False,False,True,False,False,NORMAL,NORMAL,HIGH,LOW,NORMAL,HIGH,LOW,NORMAL,NORMAL,NORMAL,False,ZERO,NORMAL,HIGH
HIGH,NORMAL,LOW,False,False,False,False,False,NORMAL,NORMAL,LOW,LOW,NORMAL,HIGH,ZERO,HIGH,HIGH,NORMAL,False,ZERO,NORMAL,NORMAL
LOW,NORMAL,LOW,False,False,False,False,False,NORMAL,NORMAL,LOW,LOW,NORMAL,NORMAL,ZERO,LOW,LOW,NORMAL,False,ZERO,NORMAL,LOW
LOW,ZERO,ZERO,False,False,False,False,True,LOW,NORMAL,LOW,LOW,HIGH,LOW,ZERO,LOW,NORMAL,LOW,False,ZERO,NORMAL,NORMAL
LOW,NORMAL,LOW,False,False,False,False,False,NORMAL,ESOPHAGEAL,NORMAL,LOW,NORMAL,NORMAL,HIGH,LOW,LOW,NORMAL,False,ZERO,NORMAL,HIGH
HIGH,NORMAL,ZERO,False,False,False,False,False,NORMAL,NORMAL,NORMAL,LOW,NORMAL,HIGH,HIGH,HIGH,HIGH,NORMAL,False,ZERO,NORMAL,NORMAL
HIGH,NORMAL,LOW,False,False,True,False,True,LOW,NORMAL,LOW,NORMAL,LOW,LOW,ZERO,NORMAL,NORMAL,LOW,False,ZERO,NORMAL,LOW
HIGH,NORMAL,LOW,False,False,False,False,False,HIGH,NORMAL,LOW,LOW,NORMAL,HIGH,ZERO,HIGH,HIGH,HIGH,False,ZERO,NORMAL,LOW
HIGH,NORMAL,LOW,False,False,False,False,False,NORMAL,NORMAL,LOW,LOW,NORMAL,HIGH,ZERO,HIGH,HIGH,NORMAL,False,ZERO,NORMAL,LOW
HIGH,NORMAL,LOW,False,False,False,True,False,NORMAL,NORMAL,LOW,LOW,NORMAL,HIGH,ZERO,NORMAL,HIGH,LOW,False,ZERO,NORMAL,HIGH
HIGH,NORMAL,ZERO,False,False,False,True,False,NORMAL,NORMAL,LOW,HIGH,NORMAL,HIGH,HIGH,HIGH,HIGH,NORMAL,False,HIGH,NORMAL,NORMAL
HIGH,NORMAL,LOW,False,False,False,False,False,NORMAL,NORMAL,LOW,LOW,NORMAL,HIGH,ZERO,HIGH,HIGH,NORMAL,False,ZERO,NORMAL,NORMAL
HIGH,NORMAL,LOW,False,False,False,False,False,NORMAL,NORMAL,LOW,LOW,NORMAL,HIGH,ZERO,HIGH,HIGH,NORMAL,True,ZERO,NORMAL,NORMAL
HIGH,NORMAL,LOW,False,False,False,False,False,NORMAL,NORMAL,LOW,LOW,NORMAL,HIGH,ZERO,LOW,HIGH,NORMAL,False,ZERO,NORMAL,NORMAL
HIGH,NORMAL,LOW,False,False,False,False,False,NORMAL,NORMAL,LOW,LOW,NORMAL,HIGH,ZERO,HIGH,HIGH,NORMAL,False,ZERO,NORMAL,NORMAL
HIGH,NORMAL,LOW,False,False,False,False,False,NORMAL,NORMAL,HIGH,LOW,NORMAL,HIGH,LOW,HIGH,HIGH,NORMAL,False,ZERO,HIGH,HIGH
HIGH,NORMAL,LOW,False,False,False,False,True,LOW,NORMAL,LOW,LOW,NORMAL,LOW,ZERO,HIGH,HIGH,NORMAL,False,ZERO,NORMAL,LOW
LOW,LOW,ZERO,False,False,False,False,False,NORMAL,NORMAL,ZERO,HIGH,NORMAL,NORMAL,HIGH,LOW,LOW,NORMAL,False,HIGH,NORMAL,LOW
NORMAL,NORMAL,LOW,False,False,False,False,True,LOW,NORMAL,LOW,LOW,NORMAL,LOW,ZERO,HIGH,HIGH,LOW,False,ZERO,NORMAL,HIGH
LOW,ZERO,ZERO,False,False,False,False,False,NORMAL,NORMAL,LOW,HIGH,NORMAL,NORMAL,HIGH,LOW,LOW,HIGH,False,HIGH,NORMAL,HIGH
HIGH,NORMAL,LOW,False,False,False,True,False,NORMAL,NORMAL,LOW,LOW,NORMAL,HIGH,ZERO,HIGH,HIGH,NORMAL,False,ZERO,NORMAL,NORMAL
HIGH,NORMAL,LOW,False,False,False,False,False,HIGH,NORMAL,LOW,LOW,NORMAL,HIGH,ZERO,HIGH,HIGH,HIGH,False,NORMAL,NORMAL,NORMAL
HIGH,NORMAL,LOW,False,False,False,False,False,HIGH,NORMAL,LOW,LOW,NORMAL,HIGH,ZERO,HIGH,HIGH,HIGH,False,ZERO,NORMAL,LOW
HIGH,NORMAL,LOW,False,False,False,False,False,NORMAL,NORMAL,LOW,LOW,NORMAL,HIGH,ZERO,HIGH,HIGH,NORMAL,False,ZERO,NORMAL,NORMAL
NORMAL,NORMAL,LOW,False,False,True,False,False,NORMAL,NORMAL,LOW,LOW,NORMAL,HIGH,HIGH,NORMAL,NORMAL,NORMAL,False,ZERO,NORMAL,NORMAL
HIGH,NORMAL,LOW,False,False,False,False,False,HIGH,NORMAL,LOW,LOW,NORMAL,LOW,ZERO,HIGH,HIGH,HIGH,False,ZERO,NORMAL,NORMAL
LOW,NORMAL,ZERO,False,False,False,False,False,NORMAL,NORMAL,LOW,HIGH,NORMAL,NORMAL,HIGH,LOW,LOW,NORMAL,False,HIGH,NORMAL,HIGH
HIGH,NORMAL,NORMAL,False,False,False,False,False,LOW,NORMAL,HIGH,LOW,NORMAL,HIGH,LOW,HIGH,HIGH,LOW,False,LOW,NORMAL,NORMAL
HIGH,NORMAL,LOW,False,False,False,False,False,LOW,NORMAL,LOW,LOW,NORMAL,HIGH,ZERO,HIGH,HIGH,LOW,False,ZERO,NORMAL,LOW
HIGH,NORMAL,LOW,False,False,False,False,True,LOW,NORMAL,LOW,LOW,HIGH,LOW,ZERO,HIGH,HIGH,LOW,False,ZERO,NORMAL,NORMAL
HIGH,NORMAL,LOW,False,False,False,False,False,HIGH,NORMAL,LOW,LOW,NORMAL,LOW,ZERO,HIGH,HIGH,HIGH,False,ZERO,NORMAL,HIGH
HIGH,NORMAL,LOW,False,False,False,False,False,HIGH,NORMAL,LOW,LOW,HIGH,HIGH,ZERO,HIGH,HIGH,HIGH,False,ZERO,NORMAL,LOW
LOW,NORMAL,ZERO,False,False,False,False,False,NORMAL,NORMAL,LOW,LOW,NORMAL,LOW,ZERO,LOW,NORMAL,NORMAL,False,ZERO,NORMAL,HIGH
HIGH,NORMAL,LOW,False,False,False,False,False,NORMAL,ESOPHAGEAL,LOW,LOW,NORMAL,LOW,LOW,HIGH,HIGH,NORMAL,False,LOW,NORMAL,LOW
HIGH,NORMAL,LOW,False,False,False,False,False,HIGH,NORMAL,NORMAL,LOW,NORMAL,HIGH,LOW,HIGH,HIGH,HIGH,False,NORMAL,NORMAL,LOW
HIGH,NORMAL,LOW,False,False,False,False,False,HIGH,NORMAL,LOW,LOW,NORMAL,NORMAL,ZERO,HIGH,HIGH,HIGH,False,ZERO,NORMAL,LOW
HIGH,NORMAL,LOW,False,False,False,False,False,NORMAL,NORMAL,LOW,LOW,NORMAL,HIGH,ZERO,HIGH,HIGH,NORMAL,False,ZERO,NORMAL,HIGH
HIGH,NORMAL,LOW,False,False,False,True,False,NORMAL,NORMAL,ZERO,HIGH,NORMAL,HIGH,ZERO,HIGH,HIGH,NORMAL,False,HIGH,NORMAL,NORMAL
HIGH,NORMAL,LOW,False,False,False,False,False,NORMAL,NORMAL,LOW,LOW,NORMAL,HIGH,ZERO,HIGH,HIGH,NORMAL,False,ZERO,NORMAL,NORMAL
HIGH,NORMAL,LOW,False,False,False,False,False,LOW,NORMAL,LOW,NORMAL,NORMAL,HIGH,ZERO,HIGH,HIGH,LOW,True,ZERO,NORMAL,NORMAL
HIGH,NORMAL,LOW,False,False,False,False,True,LOW,NORMAL,LOW,LOW,NORMAL,NORMAL,ZERO,HIGH,HIGH,LOW,False,ZERO,NORMAL,LOW
HIGH,NORMAL,LOW,False,False,True,False,False,NORMAL,NORMAL,LOW,LOW,NORMAL,HIGH,ZERO,NORMAL,NORMAL,NORMAL,False,ZERO,NORMAL,LOW
HIGH,NORMAL,LOW,False,False,True,False,False,NORMAL,NORMAL,LOW,LOW,NORMAL,HIGH,ZERO,NORMAL,NORMAL,NORMAL,False,ZERO,HIGH,NORMAL
LOW,NORMAL,LOW,False,False,False,False,False,NORMAL,NORMAL,LOW,LOW,NORMAL,NORMAL,ZERO,LOW,LOW,NORMAL,False,NORMAL,NORMAL,HIGH
NORMAL,NORMAL,LOW,False,False,False,False,False,NORMAL,NORMAL,LOW,LOW,NORMAL,HIGH,ZERO,HIGH,HIGH,NORMAL,False,ZERO,NORMAL,NORMAL
HIGH,NORMAL,LOW,False,False,False,False,False,NORMAL,NORMAL,LOW,LOW,NORMAL,HIGH,ZERO,HIGH,HIGH,NORMAL,False,ZERO,NORMAL,LOW
HIGH,NORMAL,LOW,False,False,False,False,False,NORMAL,ONESIDED,LOW,LOW,HIGH,HIGH,NORMAL,HIGH,HIGH,NORMAL,False,NORMAL,HIGH,HIGH
LOW,NORMAL,ZERO,False,False,False,False,False,NORMAL,NORMAL,LOW,HIGH,NORMAL,NORMAL,HIGH,LOW,LOW,NORMAL,False,HIGH,NORMAL,HIGH
LOW,NORMAL,LOW,False,False,False,False,False,NORMAL,NORMAL,LOW,LOW,NORMAL,NORMAL,ZERO,LOW,LOW,NORMAL,True,ZERO,NORMAL,NORMAL
HIGH,NORMAL,LOW,False,False,False,False,False,NORMAL,NORMAL,LOW,LOW,NORMAL,HIGH,ZERO,HIGH,HIGH,NORMAL,True,ZERO,NORMAL,LOW
LOW,NORMAL,ZERO,False,False,False,False,False,NORMAL,NORMAL,LOW,LOW,NORMAL,NORMAL,ZERO,LOW,LOW,NORMAL,False,ZERO,NORMAL,NORMAL
HIGH,NORMAL,LOW,False,False,False,False,False,NORMAL,NORMAL,LOW,LOW,LOW,HIGH,ZERO,LOW,HIGH,NORMAL,False,ZERO,NORMAL,LOW
LOW,NORMAL,HIGH,False,False,False,False,False,NORMAL,NORMAL,LOW,HIGH,NORMAL,NORMAL,HIGH,LOW,LOW,NORMAL,False,HIGH,NORMAL,HIGH
HIGH,NORMAL,LOW,False,False,False,True,False,NORMAL,NORMAL,LOW,LOW,NORMAL,HIGH,ZERO,HIGH,HIGH,NORMAL,False,ZERO,NORMAL,LOW
HIGH,NORMAL,LOW,False,False,False,False,False,NORMAL,NORMAL,LOW,LOW,NORMAL,NORMAL,ZERO,HIGH,HIGH,NORMAL,False,ZERO,NORMAL,LOW
HIGH,NORMAL,LOW,False,False,False,False,False,NORMAL,NORMAL,LOW,LOW,NORMAL,NORMAL,ZERO,HIGH,HIGH,NORMAL,False,ZERO,NORMAL,LOW
LOW,NORMAL,LOW,False,False,False,False,False,HIGH,NORMAL,LOW,LOW,NORMAL,LOW,ZERO,LOW,LOW,HIGH,False,ZERO,NORMAL,NORMAL
HIGH,NORMAL,LOW,False,False,False,False,False,NORMAL,NORMAL,LOW,LOW,NORMAL,HIGH,ZERO,HIGH,HIGH,NORMAL,False,ZERO,HIGH,NORMAL
HIGH,NORMAL,LOW,False,False,False,False,False,LOW,NORMAL,LOW,LOW,NORMAL,HIGH,ZERO,HIGH,HIGH,LOW,False,ZERO,NORMAL,HIGH
HIGH,ZERO,ZERO,False,False,False,True,False,NORMAL,NORMAL,LOW,LOW,NORMAL,HIGH,ZERO,HIGH,HIGH,NORMAL,False,ZERO,NORMAL,LOW
LOW,LOW,ZERO,False,False,False,False,False,NORMAL,NORMAL,LOW,HIGH,NORMAL,NORMAL,HIGH,LOW,LOW,NORMAL,False,HIGH,NORMAL,LOW
HIGH,NORMAL,LOW,False,False,False,False,False,NORMAL,NORMAL,HIGH,LOW,NORMAL,HIGH,LOW,HIGH,HIGH,NORMAL,False,LOW,NORMAL,HIGH
HIGH,HIGH,HIGH,False,False,False,False,False,HIGH,NORMAL,LOW,HIGH,NORMAL,HIGH,HIGH,HIGH,HIGH,HIGH,False,HIGH,NORMAL,NORMAL
HIGH,NORMAL,LOW,False,False,False,False,False,NORMAL,NORMAL,LOW,LOW,NORMAL,HIGH,ZERO,HIGH,HIGH,NORMAL,False,ZERO,NORMAL,HIGH
LOW,NORMAL,LOW,False,False,False,False,False,NORMAL,NORMAL,LOW,LOW,NORMAL,LOW,NORMAL,LOW,LOW,NORMAL,False,ZERO,NORMAL,NORMAL
HIGH,NORMAL,LOW,False,False,False,False,False,NORMAL,NORMAL,LOW,LOW,NORMAL,HIGH,ZERO,HIGH,HIGH,NORMAL,False,ZERO,NORMAL,HIGH
HIGH,NORMAL,LOW,False,False,False,False,False,HIGH,NORMAL,LOW,LOW,NORMAL,HIGH,ZERO,HIGH,HIGH,HIGH,False,ZERO,NORMAL,LOW
HIGH,LOW,ZERO,False,False,False,False,False,NORMAL,NORMAL,LOW,HIGH,NORMAL,NORMAL,HIGH,HIGH,HIGH,NORMAL,False,HIGH,NORMAL,NORMAL
LOW,ZERO,ZERO,False,False,False,False,False,NORMAL,NORMAL,LOW,LOW,NORMAL,NORMAL,ZERO,LOW,LOW,NORMAL,False,ZERO,NORMAL,HIGH
HIGH,NORMAL,LOW,False,False,False,True,False,NORMAL,NORMAL,LOW,LOW,NORMAL,HIGH,ZERO,HIGH,HIGH,NORMAL,False,ZERO,NORMAL,LOW
HIGH,NORMAL,LOW,False,False,False,False,False,NORMAL,NORMAL,LOW,LOW,NORMAL,HIGH,ZERO,HIGH,HIGH,NORMAL,False,ZERO,NORMAL,NORMAL
HIGH,NORMAL,ZERO,False,False,False,False,False,NORMAL,NORMAL,LOW,HIGH,NORMAL,HIGH,HIGH,HIGH,HIGH,NORMAL,False,HIGH,NORMAL,NORMAL
HIGH,NORMAL,LOW,False,False,False,True,False,NORMAL,ONESIDED,NORMAL,LOW,NORMAL,HIGH,ZERO,HIGH,HIGH,NORMAL,False,LOW,HIGH,NORMAL
HIGH,NORMAL,LOW,False,False,True,False,False,NORMAL,NORMAL,LOW,LOW,NORMAL,HIGH,ZERO,NORMAL,NORMAL,NORMAL,False,ZERO,NORMAL,NORMAL
LOW,NORMAL,LOW,False,False,False,False,False,NORMAL,NORMAL,LOW,LOW,NORMAL,NORMAL,ZERO,LOW,LOW,NORMAL,True,ZERO,NORMAL,HIGH
HIGH,NORMAL,LOW,False,False,False,False,False,NORMAL,NORMAL,LOW,LOW,NORMAL,HIGH,ZERO,HIGH,LOW,NORMAL,False,ZERO,NORMAL,HIGH
HIGH,ZERO,ZERO,False,False,False,False,False,NORMAL,NORMAL,LOW,HIGH,NORMAL,HIGH,HIGH,LOW,HIGH,NORMAL,False,HIGH,NORMAL,LOW
LOW,NORMAL,ZERO,False,False,False,False,False,HIGH,NORMAL,ZERO,HIGH,NORMAL,NORMAL,HIGH,LOW,LOW,HIGH,False,HIGH,NORMAL,HIGH
HIGH,NORMAL,LOW,False,False,False,False,False,NORMAL,ONESIDED,LOW,LOW,NORMAL,NORMAL,ZERO,HIGH,HIGH,NORMAL,False,LOW,HIGH,LOW
HIGH,NORMAL,LOW,False,False,False,False,False,HIGH,NORMAL,LOW,LOW,NORMAL,HIGH,ZERO,HIGH,HIGH,NORMAL,False,ZERO,NORMAL,HIGH
HIGH,NORMAL,LOW,False,False,False,False,False,HIGH,NORMAL,LOW,LOW,NORMAL,HIGH,ZERO,HIGH,HIGH,HIGH,False,ZERO,NORMAL,HIGH
HIGH,NORMAL,LOW,False,False,False,False,True,LOW,NORMAL,LOW,LOW,NORMAL,LOW,ZERO,HIGH,HIGH,LOW,False,ZERO,HIGH,LOW
NORMAL,ZERO,ZERO,False,False,False,False,False,NORMAL,NORMAL,LOW,HIGH,NORMAL,HIGH,HIGH,HIGH,HIGH,NORMAL,False,HIGH,NORMAL,LOW
HIGH,NORMAL,LOW,False,False,False,False,False,NORMAL,NORMAL,LOW,LOW,NORMAL,HIGH,ZERO,HIGH,HIGH,NORMAL,False,ZERO,NORMAL,HIGH
HIGH,NORMAL,LOW,False,False,False,False,False,NORMAL,NORMAL,LOW,NORMAL,NORMAL,HIGH,ZERO,HIGH,HIGH,NORMAL,False,ZERO,NORMAL,LOW
HIGH,NORMAL,LOW,False,False,False,False,False,HIGH,NORMAL,LOW,LOW,LOW,HIGH,ZERO,HIGH,HIGH,HIGH,False,ZERO,NORMAL,HIGH
HIGH,NORMAL,LOW,False,False,False,False,False,HIGH,NORMAL,LOW,LOW,NORMAL,HIGH,ZERO,HIGH,HIGH,HIGH,False,ZERO,NORMAL,LOW
LOW,NORMAL,LOW,False,False,False,False,False,LOW,NORMAL,LOW,LOW,NORMAL,NORMAL,ZERO,LOW,LOW,LOW,False,ZERO,NORMAL,LOW
HIGH,NORMAL,LOW,False,False,False,False,False,NORMAL,NORMAL,LOW,LOW,NORMAL,HIGH,ZERO,HIGH,HIGH,NORMAL,False,ZERO,NORMAL,NORMAL
LOW,NORMAL,LOW,False,False,False,False,False,HIGH,ONESIDED,LOW,LOW,NORMAL,HIGH,NORMAL,HIGH,HIGH,HIGH,False,NORMAL,HIGH,HIGH
LOW,NORMAL,LOW,False,False,False,False,False,NORMAL,NORMAL,LOW,LOW,NORMAL,LOW,ZERO,LOW,LOW,NORMAL,False,ZERO,NORMAL,NORMAL
HIGH,NORMAL,LOW,False,False,False,False,False,NORMAL,NORMAL,LOW,LOW,NORMAL,HIGH,ZERO,HIGH,HIGH,NORMAL,False,ZERO,NORMAL,NORMAL
HIGH,NORMAL,ZERO,False,False,False,False,False,NORMAL,NORMAL,LOW,LOW,NORMAL,HIGH,ZERO,HIGH,HIGH,NORMAL,False,ZERO,HIGH,HIGH
HIGH,NORMAL,NORMAL,False,False,False,False,False,NORMAL,NORMAL,HIGH,LOW,NORMAL,HIGH,LOW,HIGH,HIGH,NORMAL,False,LOW,NORMAL,NORMAL
HIGH,NORMAL,LOW,False,False,False,False,False,NORMAL,NORMAL,LOW,LOW,NORMAL,HIGH,ZERO,HIGH,HIGH,NORMAL,False,ZERO,NORMAL,NORMAL
HIGH,NORMAL,LOW,False,False,False,False,False,NORMAL,ESOPHAGEAL,LOW,LOW,NORMAL,HIGH,LOW,HIGH,HIGH,NORMAL,False,LOW,NORMAL,LOW
LOW,NORMAL,LOW,False,False,True,False,False,NORMAL,NORMAL,LOW,LOW,NORMAL,NORMAL,ZERO,NORMAL,LOW,NORMAL,False,ZERO,NORMAL,LOW
HIGH,NORMAL,LOW,False,False,False,True,False,NORMAL,NORMAL,LOW,LOW,NORMAL,HIGH,ZERO,HIGH,HIGH,NORMAL,False,ZERO,NORMAL,HIGH
HIGH,NORMAL,LOW,False,False,False,False,False,NORMAL,NORMAL,LOW,LOW,NORMAL,HIGH,ZERO,HIGH,HIGH,NORMAL,False,ZERO,NORMAL,LOW
HIGH,LOW,ZERO,False,False,False,False,False,NORMAL,NORMAL,LOW,LOW,NORMAL,HIGH,ZERO,HIGH,HIGH,NORMAL,False,ZERO,NORMAL,LOW
HIGH,NORMAL,LOW,False,False,False,False,False,NORMAL,NORMAL,LOW,LOW,NORMAL,HIGH,ZERO,HIGH,HIGH,NORMAL,False,ZERO,NORMAL,HIGH
LOW,LOW,ZERO,False,True,False,False,False,NORMAL,NORMAL,LOW,HIGH,HIGH,LOW,HIGH,LOW,LOW,NORMAL,False,HIGH,HIGH,HIGH
HIGH,NORMAL,LOW,False,False,False,True,False,HIGH,NORMAL,LOW,LOW,NORMAL,LOW,ZERO,HIGH,HIGH,HIGH,False,ZERO,HIGH,LOW
HIGH,NORMAL,LOW,False,False,False,False,False,NORMAL,NORMAL,LOW,LOW,NORMAL,HIGH,ZERO,HIGH,HIGH,NORMAL,False,ZERO,NORMAL,HIGH
HIGH,NORMAL,LOW,False,False,False,False,False,HIGH,NORMAL,LOW,HIGH,NORMAL,LOW,HIGH,HIGH,HIGH,HIGH,False,HIGH,NORMAL,LOW
HIGH,NORMAL,LOW,False,False,False,False,False,NORMAL,ONESIDED,NORMAL,LOW,NORMAL,HIGH,ZERO,HIGH,HIGH,NORMAL,False,LOW,HIGH,NORMAL
HIGH,NORMAL,NORMAL,False,False,False,False,False,NORMAL,NORMAL,HIGH,LOW,NORMAL,HIGH,LOW,HIGH,HIGH,NORMAL,False,LOW,NORMAL,HIGH
HIGH,LOW,ZERO,False,False,False,True,False,HIGH,NORMAL,LOW,HIGH,NORMAL,HIGH,HIGH,HIGH,HIGH,HIGH,False,HIGH,NORMAL,LOW
HIGH,NORMAL,LOW,False,False,False,False,False,NORMAL,NORMAL,LOW,LOW,NORMAL,HIGH,ZERO,HIGH,HIGH,NORMAL,False,ZERO,NORMAL,NORMAL
HIGH,NORMAL,NORMAL,False,False,False,False,False,NORMAL,NORMAL,HIGH,LOW,NORMAL,HIGH,LOW,HIGH,HIGH,NORMAL,False,LOW,NORMAL,LOW
HIGH,ZERO,ZERO,False,False,False,False,False,NORMAL,NORMAL,LOW,LOW,NORMAL,HIGH,ZERO,HIGH,HIGH,NORMAL,False,ZERO,NORMAL,HIGH
HIGH,NORMAL,LOW,False,False,False,False,False,NORMAL,NORMAL,LOW,LOW,LOW,HIGH,ZERO,HIGH,HIGH,NORMAL,False,NORMAL,NORMAL,NORMAL
NORMAL,LOW,ZERO,False,False,False,False,False,NORMAL,NORMAL,LOW,HIGH,NORMAL,HIGH,HIGH,HIGH,HIGH,NORMAL,False,HIGH,NORMAL,NORMAL
HIGH,ZERO,ZERO,False,False,False,False,False,NORMAL,NORMAL,LOW,HIGH,NORMAL,HIGH,HIGH,HIGH,HIGH,NORMAL,False,HIGH,NORMAL,LOW
HIGH,LOW,ZERO,False,False,False,False,False,NORMAL,NORMAL,LOW,HIGH,NORMAL,NORMAL,HIGH,HIGH,HIGH,NORMAL,False,HIGH,NORMAL,NORMAL
HIGH,NORMAL,ZERO,False,False,False,False,False,LOW,NORMAL,LOW,HIGH,NORMAL,HIGH,HIGH,HIGH,HIGH,LOW,False,HIGH,NORMAL,LOW
HIGH,NORMAL,LOW,False,False,False,False,False,NORMAL,NORMAL,LOW,LOW,NORMAL,HIGH,ZERO,HIGH,HIGH,NORMAL,False,ZERO,NORMAL,HIGH
NORMAL,NORMAL,LOW,False,False,False,False,False,HIGH,NORMAL,LOW,LOW,NORMAL,NORMAL,ZERO,HIGH,HIGH,HIGH,True,ZERO,NORMAL,NORMAL
HIGH,NORMAL,LOW,False,False,False,False,False,NORMAL,NORMAL,LOW,LOW,NORMAL,HIGH,ZERO,HIGH,HIGH,NORMAL,False,ZERO,NORMAL,LOW
HIGH,NORMAL,LOW,False,False,False,False,False,NORMAL,NORMAL,LOW,LOW,NORMAL,HIGH,ZERO,HIGH,HIGH,NORMAL,False,ZERO,NORMAL,NORMAL
HIGH,ZERO,LOW,False,False,False,False,False,NORMAL,NORMAL,LOW,LOW,NORMAL,HIGH,ZERO,HIGH,HIGH,NORMAL,False,ZERO,NORMAL,LOW
HIGH,NORMAL,LOW,False,False,False,False,False,NORMAL,NORMAL,NORMAL,LOW,NORMAL,HIGH,ZERO,HIGH,HIGH,NORMAL,False,NORMAL,NORMAL,HIGH
HIGH,NORMAL,LOW,False,False,False,False,False,NORMAL,NORMAL,LOW,LOW,NORMAL,HIGH,ZERO,HIGH,HIGH,NORMAL,False,ZERO,NORMAL,HIGH
HIGH,NORMAL,LOW,False,False,False,False,False,NORMAL,NORMAL,LOW,LOW,NORMAL,HIGH,ZERO,HIGH,HIGH,NORMAL,False,ZERO,NORMAL,HIGH
HIGH,LOW,ZERO,False,False,False,False,False,NORMAL,NORMAL,LOW,HIGH,NORMAL,HIGH,HIGH,HIGH,HIGH,NORMAL,False,HIGH,NORMAL,NORMAL
HIGH,NORMAL,NORMAL,False,False,False,False,False,NORMAL,NORMAL,HIGH,HIGH,NORMAL,HIGH,LOW,HIGH,HIGH,NORMAL,False,LOW,NORMAL,NORMAL
HIGH,NORMAL,LOW,False,False,False,False,False,NORMAL,NORMAL,LOW,LOW,NORMAL,HIGH,ZERO,HIGH,HIGH,NORMAL,False,ZERO,NORMAL,NORMAL
HIGH,NORMAL,LOW,False,False,False,False,True,LOW,NORMAL,LOW,LOW,HIGH,LOW,ZERO,HIGH,HIGH,LOW,False,ZERO,NORMAL,LOW
HIGH,NORMAL,LOW,False,False,False,False,True,LOW,NORMAL,LOW,LOW,NORMAL,LOW,ZERO,HIGH,HIGH,LOW,False,ZERO,NORMAL,LOW
HIGH,NORMAL,ZERO,False,False,False,False,False,NORMAL,NORMAL,LOW,HIGH,LOW,HIGH,HIGH,HIGH,HIGH,NORMAL,False,HIGH,NORMAL,LOW
LOW,NORMAL,LOW,False,False,False,False,False,LOW,NORMAL,LOW,LOW,NORMAL,HIGH,ZERO,LOW,LOW,LOW,False,ZERO,NORMAL,HIGH
HIGH,NORMAL,LOW,False,False,False,False,False,NORMAL,NORMAL,LOW,LOW,NORMAL,HIGH,ZERO,HIGH,HIGH,NORMAL,False,ZERO,NORMAL,HIGH
NORMAL,NORMAL,LOW,False,False,False,False,False,NORMAL,NORMAL,LOW,LOW,NORMAL,HIGH,ZERO,HIGH,HIGH,NORMAL,False,ZERO,NORMAL,NORMAL
HIGH,NORMAL,LOW,False,False,False,True,False,NORMAL,NORMAL,LOW,LOW,NORMAL,HIGH,ZERO,HIGH,HIGH,NORMAL,False,ZERO,HIGH,LOW
HIGH,NORMAL,LOW,False,False,False,False,False,HIGH,NORMAL,LOW,LOW,NORMAL,HIGH,ZERO,HIGH,HIGH,HIGH,False,ZERO,NORMAL,LOW
HIGH,NORMAL,LOW,False,False,False,False,False,NORMAL,NORMAL,LOW,LOW,NORMAL,NORMAL,ZERO,HIGH,HIGH,NORMAL,False,ZERO,NORMAL,NORMAL
HIGH,NORMAL,LOW,False,False,False,False,False,NORMAL,NORMAL,LOW,LOW,NORMAL,LOW,ZERO,HIGH,HIGH,NORMAL,True,ZERO,NORMAL,NORMAL
LOW,NORMAL,LOW,False,False,True,False,False,NORMAL,NORMAL,LOW,LOW,NORMAL,LOW,ZERO,LOW,NORMAL,NORMAL,False,ZERO,NORMAL,LOW
HIGH,NORMAL,LOW,False,False,False,False,False,NORMAL,NORMAL,LOW,LOW,LOW,HIGH,ZERO,HIGH,HIGH,NORMAL,False,ZERO,NORMAL,NORMAL
HIGH,LOW,ZERO,False,False,False,False,False,NORMAL,NORMAL,LOW,LOW,NORMAL,HIGH,ZERO,HIGH,HIGH,NORMAL,False,ZERO,NORMAL,NORMAL
HIGH,NORMAL,LOW,False,False,False,True,False,NORMAL,NORMAL,LOW,LOW,HIGH,HIGH,ZERO,HIGH,HIGH,NORMAL,False,ZERO,NORMAL,LOW
HIGH,NORMAL,LOW,False,False,False,False,False,NORMAL,NORMAL,NORMAL,LOW,NORMAL,HIGH,ZERO,HIGH,HIGH,NORMAL,False,NORMAL,NORMAL,NORMAL
LOW,ZERO,ZERO,False,False,False,False,False,NORMAL,NORMAL,LOW,HIGH,NORMAL,NORMAL,HIGH,LOW,LOW,NORMAL,False,HIGH,NORMAL,HIGH
LOW,NORMAL,ZERO,False,False,True,False,False,NORMAL,NORMAL,LOW,LOW,NORMAL,NORMAL,ZERO,NORMAL,NORMAL,NORMAL,False,ZERO,NORMAL,HIGH
HIGH,HIGH,HIGH,False,False,False,False,False,NORMAL,NORMAL,LOW,HIGH,NORMAL,HIGH,HIGH,HIGH,HIGH,NORMAL,False,HIGH,NORMAL,HIGH
HIGH,NORMAL,ZERO,False,False,False,False,False,HIGH,ESOPHAGEAL,LOW,LOW,NORMAL,HIGH,LOW,HIGH,HIGH,HIGH,False,LOW,NORMAL,HIGH
HIGH,NORMAL,LOW,False,False,False,False,False,HIGH,NORMAL,LOW,LOW,NORMAL,HIGH,ZERO,HIGH,HIGH,HIGH,False,ZERO,NORMAL,NORMAL
HIGH,NORMAL,LOW,False,False,False,False,False,NORMAL,NORMAL,LOW,LOW,NORMAL,HIGH,ZERO,HIGH,HIGH,NORMAL,False,ZERO,NORMAL,HIGH
HIGH,NORMAL,LOW,False,False,False,False,False,NORMAL,NORMAL,LOW,LOW,NORMAL,HIGH,ZERO,HIGH,HIGH,NORMAL,True,ZERO,NORMAL,HIGH
HIGH,NORMAL,LOW,False,False,False,False,False,NORMAL,NORMAL,LOW,LOW,NORMAL,HIGH,ZERO,HIGH,HIGH,NORMAL,False,ZERO,NORMAL,LOW
HIGH,NORMAL,LOW,False,False,False,False,False,NORMAL,ESOPHAGEAL,NORMAL,LOW,HIGH,HIGH,HIGH,HIGH,HIGH,NORMAL,False,ZERO,NORMAL,NORMAL
HIGH,NORMAL,LOW,False,False,False,False,False,NORMAL,NORMAL,HIGH,LOW,LOW,HIGH,LOW,HIGH,HIGH,NORMAL,False,LOW,NORMAL,LOW
HIGH,NORMAL,LOW,False,False,False,False,False,NORMAL,NORMAL,LOW,LOW,NORMAL,HIGH,ZERO,HIGH,HIGH,NORMAL,False,ZERO,NORMAL,HIGH
HIGH,ZERO,ZERO,False,False,False,False,False,HIGH,NORMAL,LOW,HIGH,LOW,HIGH,HIGH,HIGH,HIGH,HIGH,False,HIGH,NORMAL,NORMAL
LOW,NORMAL,LOW,False,False,False,False,False,LOW,NORMAL,LOW,LOW,NORMAL,NORMAL,ZERO,LOW,LOW,LOW,False,ZERO,NORMAL,HIGH
HIGH,NORMAL,LOW,False,False,False,False,False,NORMAL,NORMAL,LOW,LOW,NORMAL,HIGH,ZERO,HIGH,HIGH,NORMAL,False,ZERO,NORMAL,LOW
HIGH,NORMAL,LOW,False,False,False,False,False,HIGH,NORMAL,LOW,LOW,NORMAL,NORMAL,ZERO,HIGH,HIGH,HIGH,False,ZERO,NORMAL,LOW
HIGH,NORMAL,LOW,False,False,False,False,False,HIGH,NORMAL,LOW,LOW,NORMAL,HIGH,ZERO,HIGH,HIGH,HIGH,False,ZERO,NORMAL,NORMAL
HIGH,NORMAL,LOW,False,False,False,False,False,NORMAL,NORMAL,LOW,LOW,LOW,HIGH,ZERO,HIGH,HIGH,NORMAL,False,ZERO,NORMAL,LOW
LOW,NORMAL,LOW,False,False,False,False,False,NORMAL,NORMAL,LOW,LOW,NORMAL,LOW,ZERO,NORMAL,NORMAL,NORMAL,False,ZERO,NORMAL,LOW
HIGH,NORMAL,LOW,False,False,False,True,False,HIGH,NORMAL,LOW,LOW,LOW,HIGH,ZERO,HIGH,HIGH,HIGH,False,ZERO,NORMAL,NORMAL
NORMAL,NORMAL,ZERO,False,False,False,False,False,NORMAL,NORMAL,LOW,HIGH,NORMAL,HIGH,ZERO,HIGH,HIGH,NORMAL,False,HIGH,NORMAL,LOW
HIGH,NORMAL,LOW,False,False,False,False,False,NORMAL,ONESIDED,NORMAL,LOW,NORMAL,HIGH,LOW,HIGH,HIGH,NORMAL,False,LOW,NORMAL,NORMAL
HIGH,NORMAL,LOW,False,False,False,False,False,NORMAL,NORMAL,LOW,LOW,HIGH,HIGH,ZERO,HIGH,HIGH,NORMAL,False,ZERO,NORMAL,NORMAL
HIGH,NORMAL,LOW,False,False,False,False,False,HIGH,NORMAL,LOW,LOW,NORMAL,LOW,ZERO,HIGH,HIGH,HIGH,False,ZERO,NORMAL,LOW
HIGH,NORMAL,LOW,False,False,False,False,False,NORMAL,NORMAL,LOW,LOW,NORMAL,LOW,ZERO,HIGH,HIGH,NORMAL,False,ZERO,NORMAL,LOW
HIGH,NORMAL,LOW,False,False,False,False,False,LOW,NORMAL,ZERO,HIGH,NORMAL,LOW,HIGH,HIGH,HIGH,LOW,False,HIGH,NORMAL,LOW
HIGH,NORMAL,ZERO,False,False,False,False,False,NORMAL,NORMAL,ZERO,HIGH,NORMAL,HIGH,HIGH,HIGH,HIGH,NORMAL,False,HIGH,NORMAL,NORMAL
HIGH,NORMAL,LOW,False,False,False,False,False,NORMAL,NORMAL,LOW,LOW,NORMAL,HIGH,ZERO,HIGH,HIGH,NORMAL,False,NORMAL,NORMAL,NORMAL
HIGH,NORMAL,LOW,False,False,False,False,False,LOW,NORMAL,LOW,LOW,NORMAL,HIGH,ZERO,HIGH,HIGH,LOW,False,ZERO,NORMAL,NORMAL
HIGH,NORMAL,ZERO,False,False,False,False,False,NORMAL,NORMAL,LOW,HIGH,NORMAL,HIGH,HIGH,HIGH,HIGH,NORMAL,False,HIGH,NORMAL,LOW
LOW,NORMAL,ZERO,False,False,False,False,False,NORMAL,NORMAL,LOW,HIGH,LOW,NORMAL,HIGH,LOW,LOW,NORMAL,False,HIGH,NORMAL,LOW
HIGH,NORMAL,LOW,False,False,False,False,False,NORMAL,NORMAL,LOW,LOW,NORMAL,HIGH,ZERO,NORMAL,HIGH,NORMAL,False,ZERO,NORMAL,LOW
LOW,NORMAL,ZERO,False,False,False,False,False,NORMAL,NORMAL,LOW,HIGH,NORMAL,LOW,HIGH,LOW,LOW,NORMAL,False,HIGH,NORMAL,HIGH
LOW,NORMAL,LOW,False,False,False,False,False,HIGH,NORMAL,LOW,LOW,NORMAL,NORMAL,ZERO,LOW,LOW,HIGH,False,ZERO,NORMAL,HIGH
HIGH,NORMAL,LOW,False,False,False,True,False,NORMAL,NORMAL,LOW,LOW,NORMAL,LOW,ZERO,HIGH,HIGH,NORMAL,False,ZERO,HIGH,NORMAL
HIGH,NORMAL,LOW,False,False,False,False,False,HIGH,ONESIDED,LOW,LOW,NORMAL,HIGH,NORMAL,HIGH,HIGH,HIGH,False,NORMAL,HIGH,NORMAL
HIGH,NORMAL,LOW,False,False,False,False,False,NORMAL,NORMAL,LOW,LOW,NORMAL,HIGH,ZERO,HIGH,HIGH,NORMAL,False,ZERO,NORMAL,LOW
HIGH,NORMAL,LOW,False,False,False,False,False,NORMAL,NORMAL,LOW,LOW,NORMAL,HIGH,ZERO,HIGH,HIGH,NORMAL,False,ZERO,NORMAL,NORMAL
HIGH,NORMAL,LOW,False,False,False,False,True,LOW,NORMAL,LOW,LOW,LOW,NORMAL,ZERO,HIGH,HIGH,LOW,False,ZERO,NORMAL,LOW
LOW,NORMAL,LOW,False,False,False,False,False,NORMAL,NORMAL,LOW,HIGH,NORMAL,NORMAL,HIGH,LOW,LOW,NORMAL,False,HIGH,HIGH,HIGH
HIGH,NORMAL,LOW,False,False,False,True,False,NORMAL,NORMAL,LOW,LOW,NORMAL,HIGH,ZERO,HIGH,HIGH,NORMAL,False,ZERO,NORMAL,HIGH
LOW,LOW,ZERO,False,False,False,False,False,NORMAL,NORMAL,LOW,LOW,NORMAL,NORMAL,ZERO,LOW,LOW,NORMAL,False,ZERO,NORMAL,NORMAL
HIGH,NORMAL,LOW,False,False,False,True,False,NORMAL,NORMAL,LOW,LOW,NORMAL,HIGH,ZERO,HIGH,HIGH,NORMAL,False,ZERO,NORMAL,HIGH
HIGH,NORMAL,LOW,False,False,False,False,False,HIGH,NORMAL,LOW,LOW,NORMAL,HIGH,ZERO,HIGH,HIGH,HIGH,False,ZERO,NORMAL,LOW
HIGH,NORMAL,LOW,False,False,False,False,False,HIGH,ONESIDED,LOW,LOW,NORMAL,NORMAL,NORMAL,HIGH,HIGH,HIGH,False,NORMAL,HIGH,NORMAL
HIGH,NORMAL,ZERO,False,False,False,False,True,LOW,NORMAL,LOW,LOW,NORMAL,LOW,ZERO,NORMAL,HIGH,LOW,True,ZERO,NORMAL,LOW
HIGH,NORMAL,LOW,False,False,False,False,True,LOW,ONESIDED,NORMAL,LOW,NORMAL,NORMAL,ZERO,HIGH,HIGH,LOW,False,LOW,HIGH,LOW
HIGH,NORMAL,LOW,True,False,False,False,False,HIGH,NORMAL,LOW,LOW,NORMAL,HIGH,ZERO,HIGH,HIGH,HIGH,False,ZERO,NORMAL,LOW
HIGH,NORMAL,ZERO,False,False,False,False,False,NORMAL,NORMAL,ZERO,HIGH,HIGH,HIGH,HIGH,HIGH,HIGH,NORMAL,False,HIGH,NORMAL,HIGH
HIGH,NORMAL,LOW,False,False,False,False,False,NORMAL,NORMAL,LOW,LOW,NORMAL,HIGH,HIGH,HIGH,HIGH,NORMAL,False,ZERO,NORMAL,LOW
HIGH,NORMAL,LOW,False,False,False,False,False,NORMAL,ESOPHAGEAL,LOW,LOW,NORMAL,HIGH,LOW,HIGH,HIGH,NORMAL,False,LOW,NORMAL,HIGH
HIGH,NORMAL,ZERO,False,False,False,False,False,NORMAL,NORMAL,LOW,NORMAL,NORMAL,HIGH,HIGH,HIGH,HIGH,NORMAL,False,HIGH,NORMAL,NORMAL
HIGH,LOW,ZERO,False,False,False,False,False,NORMAL,NORMAL,LOW,HIGH,NORMAL,HIGH,HIGH,HIGH,HIGH,NORMAL,False,HIGH,NORMAL,HIGH
HIGH,LOW,ZERO,False,False,False,False,False,NORMAL,NORMAL,LOW,HIGH,NORMAL,HIGH,HIGH,HIGH,HIGH,NORMAL,False,HIGH,NORMAL,NORMAL
HIGH,NORMAL,LOW,False,False,False,False,False,NORMAL,NORMAL,LOW,LOW,NORMAL,HIGH,ZERO,HIGH,HIGH,NORMAL,False,ZERO,NORMAL,NORMAL
HIGH,NORMAL,LOW,False,False,False,False,False,HIGH,NORMAL,LOW,LOW,NORMAL,HIGH,ZERO,HIGH,HIGH,HIGH,False,ZERO,NORMAL,NORMAL
HIGH,NORMAL,LOW,False,False,False,False,True,LOW,NORMAL,LOW,LOW,NORMAL,LOW,ZERO,HIGH,HIGH,LOW,True,ZERO,NORMAL,HIGH
NORMAL,NORMAL,LOW,False,False,True,False,True,LOW,NORMAL,LOW,LOW,NORMAL,NORMAL,ZERO,NORMAL,NORMAL,LOW,False,ZERO,NORMAL,HIGH
LOW,NORMAL,LOW,False,False,False,False,False,HIGH,NORMAL,LOW,LOW,NORMAL,LOW,ZERO,LOW,LOW,HIGH,False,ZERO,NORMAL,LOW
HIGH,LOW,ZERO,False,False,False,False,False,NORMAL,NORMAL,LOW,HIGH,HIGH,HIGH,HIGH,HIGH,HIGH,NORMAL,False,HIGH,NORMAL,HIGH
LOW,NORMAL,LOW,False,False,False,False,False,HIGH,NORMAL,LOW,LOW,NORMAL,LOW,ZERO,LOW,LOW,HIGH,False,ZERO,NORMAL,HIGH
HIGH,NORMAL,ZERO,False,False,False,False,False,NORMAL,NORMAL,LOW,HIGH,NORMAL,HIGH,HIGH,HIGH,HIGH,NORMAL,False,HIGH,NORMAL,NORMAL
HIGH,NORMAL,LOW,False,False,False,False,False,NORMAL,ESOPHAGEAL,LOW,LOW,NORMAL,HIGH,LOW,HIGH,HIGH,NORMAL,False,LOW,NORMAL,NORMAL
HIGH,NORMAL,LOW,False,False,False,False,False,NORMAL,NORMAL,LOW,LOW,NORMAL,HIGH,ZERO,HIGH,HIGH,NORMAL,False,ZERO,NORMAL,HIGH
HIGH,NORMAL,ZERO,False,False,False,False,False,NORMAL,NORMAL,LOW,NORMAL,NORMAL,HIGH,HIGH,HIGH,HIGH,NORMAL,False,HIGH,NORMAL,NORMAL
LOW,NORMAL,LOW,False,False,False,True,False,HIGH,NORMAL,LOW,LOW,NORMAL,NORMAL,ZERO,LOW,LOW,HIGH,False,ZERO,NORMAL,NORMAL
LOW,ZERO,ZERO,False,False,False,False,False,HIGH,NORMAL,LOW,HIGH,NORMAL,NORMAL,HIGH,LOW,LOW,HIGH,False,HIGH,NORMAL,HIGH
NORMAL,NORMAL,LOW,False,False,False,False,False,LOW,NORMAL,LOW,LOW,NORMAL,HIGH,ZERO,HIGH,HIGH,LOW,False,ZERO,HIGH,NORMAL
HIGH,NORMAL,LOW,False,False,False,True,False,NORMAL,NORMAL,LOW,LOW,HIGH,HIGH,ZERO,HIGH,HIGH,LOW,False,ZERO,NORMAL,NORMAL
HIGH,NORMAL,LOW,False,False,False,False,False,HIGH,NORMAL,LOW,LOW,NORMAL,LOW,ZERO,HIGH,HIGH,HIGH,False,ZERO,NORMAL,HIGH
HIGH,NORMAL,LOW,False,False,False,False,False,HIGH,NORMAL,LOW,LOW,NORMAL,HIGH,ZERO,LOW,HIGH,HIGH,False,ZERO,NORMAL,NORMAL
HIGH,NORMAL,LOW,False,False,False,False,True,LOW,NORMAL,LOW,LOW,NORMAL,LOW,ZERO,HIGH,HIGH,LOW,False,ZERO,NORMAL,LOW
HIGH,HIGH,HIGH,False,False,True,False,False,NORMAL,NORMAL,ZERO,HIGH,NORMAL,HIGH,HIGH,NORMAL,NORMAL,NORMAL,False,HIGH,HIGH,HIGH
HIGH,NORMAL,ZERO,False,False,False,False,False,HIGH,NORMAL,LOW,HIGH,LOW,LOW,HIGH,HIGH,HIGH,HIGH,False,HIGH,NORMAL,NORMAL
LOW,NORMAL,LOW,False,True,False,False,False,NORMAL,NORMAL,LOW,LOW,HIGH,LOW,ZERO,LOW,LOW,NORMAL,False,ZERO,HIGH,HIGH
HIGH,NORMAL,LOW,False,False,False,False,False,HIGH,NORMAL,LOW,LOW,NORMAL,NORMAL,ZERO,HIGH,HIGH,HIGH,False,ZERO,NORMAL,HIGH
HIGH,NORMAL,LOW,True,False,False,False,False,NORMAL,ESOPHAGEAL,NORMAL,LOW,LOW,HIGH,ZERO,HIGH,HIGH,NORMAL,False,ZERO,NORMAL,LOW
HIGH,NORMAL,LOW,False,False,False,False,False,NORMAL,NORMAL,LOW,LOW,NORMAL,NORMAL,ZERO,HIGH,HIGH,NORMAL,False,ZERO,NORMAL,NORMAL
LOW,NORMAL,LOW,False,False,False,False,False,HIGH,NORMAL,LOW,LOW,NORMAL,LOW,ZERO,LOW,LOW,HIGH,False,ZERO,NORMAL,LOW
HIGH,NORMAL,ZERO,False,False,False,False,False,NORMAL,NORMAL,LOW,HIGH,NORMAL,HIGH,HIGH,HIGH,HIGH,NORMAL,False,HIGH,HIGH,NORMAL
LOW,NORMAL,LOW,False,False,False,False,False,NORMAL,NORMAL,LOW,LOW,NORMAL,NORMAL,ZERO,LOW,LOW,NORMAL,False,ZERO,NORMAL,HIGH
HIGH,NORMAL,LOW,False,False,False,False,False,LOW,NORMAL,LOW,LOW,NORMAL,HIGH,ZERO,HIGH,HIGH,LOW,False,ZERO,NORMAL,NORMAL
HIGH,NORMAL,LOW,False,False,False,False,True,LOW,NORMAL,LOW,LOW,NORMAL,NORMAL,ZERO,HIGH,HIGH,LOW,False,ZERO,NORMAL,NORMAL
HIGH,NORMAL,LOW,False,False,False,False,False,NORMAL,NORMAL,LOW,LOW,NORMAL,HIGH,ZERO,HIGH,HIGH,NORMAL,False,ZERO,NORMAL,NORMAL
HIGH,HIGH,HIGH,False,False,False,False,False,NORMAL,NORMAL,LOW,HIGH,NORMAL,HIGH,HIGH,HIGH,HIGH,NORMAL,False,HIGH,NORMAL,NORMAL
HIGH,NORMAL,LOW,False,False,False,False,False,HIGH,NORMAL,LOW,NORMAL,NORMAL,HIGH,ZERO,HIGH,HIGH,HIGH,True,ZERO,NORMAL,HIGH
HIGH,NORMAL,LOW,False,False,False,False,True,LOW,NORMAL,LOW,LOW,NORMAL,HIGH,ZERO,HIGH,HIGH,LOW,False,ZERO,NORMAL,NORMAL
HIGH,NORMAL,LOW,False,False,False,False,False,HIGH,NORMAL,LOW,LOW,NORMAL,LOW,ZERO,HIGH,HIGH,NORMAL,False,ZERO,NORMAL,NORMAL
HIGH,NORMAL,LOW,False,False,False,True,False,NORMAL,ONESIDED,NORMAL,LOW,NORMAL,HIGH,LOW,HIGH,HIGH,NORMAL,False,LOW,HIGH,NORMAL
LOW,ZERO,ZERO,False,False,False,False,False,NORMAL,NORMAL,LOW,LOW,NORMAL,NORMAL,ZERO,LOW,LOW,LOW,False,ZERO,NORMAL,LOW
NORMAL,NORMAL,LOW,False,False,False,False,False,NORMAL,NORMAL,LOW,LOW,NORMAL,LOW,ZERO,HIGH,LOW,NORMAL,False,ZERO,NORMAL,LOW
LOW,ZERO,ZERO,False,False,False,False,False,LOW,NORMAL,LOW,HIGH,NORMAL,LOW,HIGH,HIGH,LOW,LOW,False,HIGH,NORMAL,HIGH
HIGH,NORMAL,LOW,False,False,False,False,False,NORMAL,ONESIDED,NORMAL,LOW,NORMAL,HIGH,ZERO,HIGH,HIGH,NORMAL,False,LOW,HIGH,HIGH
NORMAL,NORMAL,LOW,False,False,False,False,False,NORMAL,NORMAL,LOW,LOW,NORMAL,LOW,ZERO,LOW,NORMAL,NORMAL,False,NORMAL,NORMAL,HIGH
HIGH,NORMAL,LOW,False,False,False,False,False,NORMAL,NORMAL,LOW,LOW,NORMAL,HIGH,ZERO,HIGH,HIGH,NORMAL,False,ZERO,NORMAL,NORMAL
LOW,LOW,ZERO,False,False,False,False,False,HIGH,NORMAL,LOW,HIGH,NORMAL,LOW,HIGH,LOW,LOW,NORMAL,False,HIGH,NORMAL,HIGH
NORMAL,HIGH,HIGH,False,False,False,False,False,HIGH,NORMAL,LOW,HIGH,NORMAL,LOW,HIGH,NORMAL,HIGH,HIGH,False,HIGH,NORMAL,LOW
HIGH,NORMAL,LOW,False,False,False,False,False,NORMAL,NORMAL,LOW,LOW,NORMAL,HIGH,ZERO,NORMAL,HIGH,NORMAL,False,ZERO,NORMAL,HIGH
NORMAL,ZERO,ZERO,False,False,False,True,False,NORMAL,NORMAL,LOW,HIGH,LOW,HIGH,HIGH,HIGH,HIGH,NORMAL,False,HIGH,NORMAL,NORMAL
HIGH,NORMAL,ZERO,False,False,False,False,False,NORMAL,NORMAL,LOW,LOW,NORMAL,HIGH,ZERO,HIGH,HIGH,NORMAL,False,ZERO,NORMAL,HIGH
HIGH,NORMAL,LOW,False,False,False,False,False,NORMAL,ONESIDED,NORMAL,LOW,NORMAL,HIGH,LOW,HIGH,HIGH,NORMAL,False,LOW,HIGH,HIGH
HIGH,NORMAL,LOW,False,False,False,False,False,NORMAL,NORMAL,LOW,LOW,LOW,HIGH,ZERO,HIGH,HIGH,NORMAL,False,ZERO,NORMAL,LOW
HIGH,NORMAL,LOW,False,False,False,False,False,HIGH,NORMAL,LOW,LOW,NORMAL,HIGH,ZERO,HIGH,HIGH,HIGH,False,ZERO,NORMAL,LOW
HIGH,NORMAL,LOW,False,False,False,False,True,LOW,ONESIDED,NORMAL,LOW,NORMAL,NORMAL,ZERO,HIGH,HIGH,LOW,False,LOW,HIGH,NORMAL
HIGH,NORMAL,LOW,False,False,False,False,False,NORMAL,NORMAL,LOW,LOW,NORMAL,HIGH,ZERO,HIGH,HIGH,NORMAL,False,ZERO,NORMAL,NORMAL
HIGH,NORMAL,LOW,False,False,False,False,False,NORMAL,NORMAL,LOW,LOW,LOW,HIGH,ZERO,HIGH,HIGH,NORMAL,False,ZERO,NORMAL,LOW
HIGH,NORMAL,LOW,False,False,False,True,False,NORMAL,NORMAL,LOW,LOW,LOW,HIGH,ZERO,HIGH,HIGH,NORMAL,False,ZERO,NORMAL,NORMAL
HIGH,NORMAL,LOW,False,False,False,False,False,LOW,NORMAL,LOW,LOW,NORMAL,HIGH,ZERO,HIGH,HIGH,LOW,False,ZERO,NORMAL,HIGH
HIGH,NORMAL,LOW,False,False,False,False,False,NORMAL,NORMAL,LOW,LOW,NORMAL,HIGH,ZERO,HIGH,HIGH,NORMAL,False,ZERO,NORMAL,LOW
HIGH,NORMAL,ZERO,False,False,False,False,False,NORMAL,NORMAL,LOW,HIGH,NORMAL,HIGH,HIGH,HIGH,HIGH,NORMAL,False,HIGH,NORMAL,NORMAL
HIGH,NORMAL,LOW,False,False,False,False,False,NORMAL,NORMAL,LOW,LOW,NORMAL,HIGH,ZERO,HIGH,HIGH,NORMAL,False,ZERO,NORMAL,NORMAL
NORMAL,NORMAL,ZERO,False,False,False,False,False,NORMAL,NORMAL,ZERO,LOW,NORMAL,HIGH,ZERO,HIGH,HIGH,LOW,False,ZERO,NORMAL,NORMAL
HIGH,NORMAL,LOW,False,False,False,False,False,NORMAL,NORMAL,LOW,LOW,NORMAL,HIGH,ZERO,HIGH,HIGH,NORMAL,False,ZERO,NORMAL,NORMAL
HIGH,ZERO,ZERO,False,False,False,True,False,NORMAL,NORMAL,NORMAL,LOW,NORMAL,HIGH,HIGH,HIGH,HIGH,NORMAL,False,ZERO,NORMAL,NORMAL
HIGH,NORMAL,LOW,False,False,False,False,False,NORMAL,NORMAL,LOW,LOW,NORMAL,HIGH,ZERO,HIGH,HIGH,NORMAL,False,ZERO,NORMAL,NORMAL
HIGH,NORMAL,LOW,False,False,False,False,False,NORMAL,NORMAL,LOW,LOW,NORMAL,HIGH,ZERO,HIGH,HIGH,NORMAL,False,ZERO,NORMAL,LOW
HIGH,NORMAL,LOW,False,False,False,False,False,NORMAL,NORMAL,LOW,LOW,NORMAL,HIGH,ZERO,HIGH,HIGH,NORMAL,False,ZERO,HIGH,HIGH
NORMAL,NORMAL,LOW,False,False,False,False,False,NORMAL,NORMAL,LOW,LOW,NORMAL,HIGH,ZERO,HIGH,HIGH,LOW,False,ZERO,NORMAL,NORMAL
HIGH,NORMAL,ZERO,False,False,False,False,False,NORMAL,NORMAL,LOW,HIGH,NORMAL,HIGH,HIGH,HIGH,HIGH,NORMAL,False,HIGH,NORMAL,LOW
NORMAL,HIGH,HIGH,False,False,False,False,False,NORMAL,NORMAL,LOW,NORMAL,NORMAL,LOW,ZERO,HIGH,HIGH,LOW,False,HIGH,NORMAL,HIGH
HIGH,NORMAL,ZERO,False,False,False,False,False,NORMAL,NORMAL,LOW,HIGH,NORMAL,HIGH,HIGH,HIGH,HIGH,NORMAL,False,HIGH,NORMAL,NORMAL
HIGH,NORMAL,LOW,False,False,False,False,False,NORMAL,NORMAL,LOW,LOW,NORMAL,HIGH,ZERO,HIGH,HIGH,NORMAL,False,ZERO,NORMAL,NORMAL
LOW,NORMAL,HIGH,False,False,False,False,False,NORMAL,NORMAL,LOW,HIGH,LOW,NORMAL,HIGH,LOW,LOW,NORMAL,False,HIGH,NORMAL,LOW
HIGH,NORMAL,ZERO,False,False,False,True,True,LOW,NORMAL,LOW,HIGH,NORMAL,LOW,HIGH,HIGH,HIGH,LOW,False,HIGH,NORMAL,NORMAL
HIGH,NORMAL,LOW,False,False,True,True,False,NORMAL,NORMAL,LOW,LOW,NORMAL,HIGH,ZERO,NORMAL,NORMAL,NORMAL,False,ZERO,NORMAL,HIGH
HIGH,NORMAL,LOW,False,False,False,True,False,HIGH,NORMAL,LOW,LOW,NORMAL,HIGH,ZERO,HIGH,HIGH,HIGH,False,ZERO,NORMAL,LOW
HIGH,NORMAL,LOW,False,False,False,False,False,NORMAL,NORMAL,LOW,LOW,NORMAL,HIGH,ZERO,HIGH,HIGH,NORMAL,False,ZERO,NORMAL,NORMAL
HIGH,HIGH,HIGH,False,False,False,False,False,NORMAL,NORMAL,LOW,HIGH,NORMAL,HIGH,HIGH,HIGH,HIGH,NORMAL,False,HIGH,NORMAL,LOW
HIGH,NORMAL,LOW,False,False,False,False,False,NORMAL,NORMAL,LOW,LOW,NORMAL,HIGH,ZERO,HIGH,HIGH,NORMAL,False,ZERO,NORMAL,HIGH
HIGH,NORMAL,ZERO,False,False,False,False,False,LOW,NORMAL,LOW,HIGH,NORMAL,HIGH,HIGH,HIGH,HIGH,LOW,False,HIGH,HIGH,NORMAL
HIGH,NORMAL,LOW,False,False,False,False,False,LOW,NORMAL,LOW,LOW,NORMAL,HIGH,ZERO,HIGH,HIGH,LOW,False,ZERO,NORMAL,NORMAL
HIGH,NORMAL,HIGH,False,False,False,False,False,NORMAL,NORMAL,LOW,NORMAL,NORMAL,HIGH,HIGH,HIGH,HIGH,NORMAL,False,HIGH,NORMAL,LOW
LOW,HIGH,HIGH,False,False,False,False,False,NORMAL,NORMAL,LOW,HIGH,NORMAL,NORMAL,HIGH,LOW,LOW,NORMAL,False,HIGH,NORMAL,HIGH
HIGH,NORMAL,LOW,False,False,False,False,False,NORMAL,NORMAL,LOW,LOW,HIGH,HIGH,ZERO,HIGH,HIGH,NORMAL,False,ZERO,NORMAL,HIGH
HIGH,NORMAL,LOW,False,False,False,False,False,NORMAL,NORMAL,LOW,LOW,NORMAL,NORMAL,ZERO,HIGH,HIGH,NORMAL,False,ZERO,NORMAL,NORMAL
HIGH,NORMAL,ZERO,False,False,False,False,False,NORMAL,NORMAL,LOW,LOW,NORMAL,HIGH,ZERO,HIGH,HIGH,NORMAL,False,ZERO,NORMAL,LOW
HIGH,NORMAL,LOW,False,False,False,False,False,NORMAL,NORMAL,LOW,LOW,NORMAL,HIGH,ZERO,HIGH,HIGH,NORMAL,False,ZERO,NORMAL,HIGH
HIGH,NORMAL,ZERO,False,False,False,False,False,NORMAL,NORMAL,LOW,HIGH,NORMAL,HIGH,HIGH,HIGH,HIGH,NORMAL,False,HIGH,NORMAL,LOW
HIGH,NORMAL,LOW,False,False,False,False,False,NORMAL,NORMAL,LOW,LOW,NORMAL,HIGH,ZERO,HIGH,HIGH,NORMAL,False,ZERO,NORMAL,HIGH
HIGH,NORMAL,ZERO,False,False,False,False,True,LOW,ESOPHAGEAL,LOW,LOW,NORMAL,LOW,LOW,HIGH,HIGH,LOW,False,LOW,NORMAL,NORMAL
HIGH,NORMAL,LOW,False,False,False,False,False,NORMAL,NORMAL,LOW,LOW,NORMAL,HIGH,ZERO,HIGH,HIGH,NORMAL,False,ZERO,NORMAL,HIGH
HIGH,NORMAL,LOW,False,False,True,False,False,NORMAL,NORMAL,LOW,LOW,HIGH,HIGH,ZERO,NORMAL,NORMAL,NORMAL,False,ZERO,NORMAL,NORMAL
HIGH,NORMAL,LOW,False,False,True,False,False,HIGH,NORMAL,LOW,LOW,LOW,LOW,ZERO,NORMAL,NORMAL,HIGH,False,ZERO,NORMAL,HIGH
HIGH,NORMAL,LOW,False,False,False,False,False,NORMAL,NORMAL,LOW,LOW,NORMAL,HIGH,ZERO,HIGH,HIGH,NORMAL,False,ZERO,NORMAL,NORMAL
HIGH,NORMAL,LOW,False,False,False,False,False,NORMAL,NORMAL,LOW,LOW,NORMAL,HIGH,ZERO,HIGH,HIGH,NORMAL,False,ZERO,HIGH,LOW
HIGH,LOW,ZERO,True,False,False,False,False,NORMAL,NORMAL,LOW,HIGH,NORMAL,HIGH,HIGH,HIGH,HIGH,NORMAL,False,HIGH,NORMAL,LOW
HIGH,NORMAL,LOW,False,False,False,False,True,LOW,ONESIDED,NORMAL,HIGH,NORMAL,NORMAL,ZERO,HIGH,HIGH,LOW,False,LOW,HIGH,NORMAL
HIGH,NORMAL,LOW,False,False,True,False,False,HIGH,NORMAL,LOW,LOW,NORMAL,LOW,ZERO,NORMAL,NORMAL,HIGH,False,ZERO,NORMAL,NORMAL
HIGH,ZERO,ZERO,False,False,False,False,False,NORMAL,NORMAL,LOW,HIGH,NORMAL,HIGH,HIGH,HIGH,HIGH,LOW,False,HIGH,NORMAL,NORMAL
HIGH,NORMAL,LOW,False,False,False,True,False,HIGH,NORMAL,NORMAL,LOW,NORMAL,NORMAL,ZERO,HIGH,LOW,HIGH,False,ZERO,NORMAL,LOW
HIGH,NORMAL,LOW,False,False,False,False,False,HIGH,NORMAL,LOW,LOW,HIGH,HIGH,ZERO,NORMAL,HIGH,HIGH,False,ZERO,NORMAL,HIGH
HIGH,NORMAL,LOW,False,False,False,True,False,NORMAL,NORMAL,LOW,LOW,NORMAL,LOW,ZERO,HIGH,HIGH,NORMAL,False,ZERO,NORMAL,HIGH
LOW,NORMAL,LOW,False,False,False,False,False,HIGH,ONESIDED,NORMAL,LOW,NORMAL,LOW,ZERO,HIGH,HIGH,HIGH,False,LOW,HIGH,LOW
HIGH,NORMAL,LOW,False,False,False,False,False,NORMAL,NORMAL,LOW,LOW,NORMAL,HIGH,ZERO,HIGH,HIGH,NORMAL,False,ZERO,NORMAL,NORMAL
NORMAL,NORMAL,LOW,False,False,False,False,False,NORMAL,NORMAL,HIGH,LOW,NORMAL,HIGH,ZERO,HIGH,HIGH,NORMAL,False,ZERO,NORMAL,LOW
HIGH,NORMAL,LOW,False,False,True,False,False,NORMAL,NORMAL,HIGH,LOW,NORMAL,HIGH,ZERO,NORMAL,NORMAL,NORMAL,False,ZERO,NORMAL,HIGH
LOW,NORMAL,LOW,False,False,False,False,False,NORMAL,ONESIDED,LOW,LOW,LOW,NORMAL,NORMAL,LOW,LOW,NORMAL,False,NORMAL,HIGH,HIGH
HIGH,NORMAL,LOW,False,False,False,False,False,NORMAL,NORMAL,LOW,LOW,NORMAL,HIGH,ZERO,HIGH,HIGH,NORMAL,False,ZERO,NORMAL,NORMAL
HIGH,NORMAL,NORMAL,False,False,True,False,False,NORMAL,NORMAL,HIGH,LOW,NORMAL,HIGH,LOW,NORMAL,NORMAL,NORMAL,False,LOW,NORMAL,NORMAL
HIGH,HIGH,HIGH,False,False,False,False,False,NORMAL,NORMAL,LOW,HIGH,NORMAL,HIGH,HIGH,HIGH,HIGH,NORMAL,False,HIGH,NORMAL,LOW
HIGH,NORMAL,LOW,False,False,False,False,True,LOW,NORMAL,LOW,LOW,NORMAL,LOW,ZERO,HIGH,HIGH,LOW,False,ZERO,NORMAL,NORMAL
HIGH,NORMAL,LOW,False,False,False,False,False,NORMAL,NORMAL,LOW,LOW,NORMAL,HIGH,ZERO,HIGH,HIGH,NORMAL,False,ZERO,NORMAL,NORMAL
HIGH,NORMAL,LOW,False,False,False,False,False,HIGH,NORMAL,LOW,LOW,NORMAL,HIGH,ZERO,HIGH,HIGH,HIGH,False,ZERO,NORMAL,NORMAL
HIGH,NORMAL,LOW,False,False,False,False,False,NORMAL,NORMAL,LOW,LOW,NORMAL,HIGH,ZERO,HIGH,HIGH,NORMAL,False,ZERO,NORMAL,NORMAL
HIGH,NORMAL,LOW,False,False,False,False,False,HIGH,NORMAL,LOW,LOW,NORMAL,LOW,ZERO,HIGH,HIGH,HIGH,False,ZERO,NORMAL,NORMAL
HIGH,NORMAL,LOW,False,False,False,False,False,HIGH,ESOPHAGEAL,NORMAL,LOW,NORMAL,NORMAL,ZERO,HIGH,HIGH,NORMAL,False,ZERO,NORMAL,LOW
LOW,NORMAL,ZERO,False,False,False,False,False,NORMAL,NORMAL,LOW,HIGH,NORMAL,NORMAL,HIGH,LOW,LOW,NORMAL,False,HIGH,NORMAL,HIGH
HIGH,LOW,ZERO,False,False,False,False,False,NORMAL,NORMAL,LOW,HIGH,NORMAL,HIGH,HIGH,HIGH,HIGH,NORMAL,False,HIGH,NORMAL,NORMAL
LOW,NORMAL,ZERO,False,False,False,False,False,NORMAL,NORMAL,LOW,LOW,LOW,NORMAL,ZERO,LOW,LOW,NORMAL,False,ZERO,NORMAL,NORMAL
HIGH,NORMAL,LOW,False,False,False,False,False,HIGH,NORMAL,LOW,LOW,LOW,LOW,ZERO,HIGH,HIGH,HIGH,False,LOW,NORMAL,NORMAL
HIGH,NORMAL,LOW,False,False,False,False,False,NORMAL,NORMAL,LOW,LOW,NORMAL,HIGH,ZERO,HIGH,HIGH,NORMAL,False,ZERO,NORMAL,HIGH
LOW,NORMAL,LOW,False,False,False,False,False,NORMAL,NORMAL,LOW,HIGH,NORMAL,NORMAL,HIGH,LOW,LOW,NORMAL,False,HIGH,NORMAL,LOW
HIGH,LOW,ZERO,False,False,True,False,False,NORMAL,NORMAL,LOW,HIGH,NORMAL,HIGH,HIGH,NORMAL,NORMAL,NORMAL,False,HIGH,NORMAL,LOW
LOW,NORMAL,LOW,False,False,False,False,False,NORMAL,NORMAL,LOW,LOW,NORMAL,NORMAL,ZERO,LOW,LOW,NORMAL,False,ZERO,NORMAL,NORMAL
HIGH,NORMAL,LOW,False,False,False,False,False,LOW,NORMAL,LOW,LOW,NORMAL,LOW,ZERO,HIGH,HIGH,LOW,False,ZERO,NORMAL,NORMAL
LOW,LOW,ZERO,False,False,False,False,False,NORMAL,NORMAL,LOW,HIGH,NORMAL,NORMAL,HIGH,LOW,LOW,NORMAL,False,HIGH,NORMAL,HIGH
HIGH,NORMAL,LOW,False,False,False,False,False,HIGH,NORMAL,LOW,LOW,NORMAL,LOW,ZERO,HIGH,HIGH,HIGH,False,ZERO,NORMAL,NORMAL
LOW,NORMAL,LOW,False,False,True,False,False,NORMAL,NORMAL,HIGH,LOW,NORMAL,NORMAL,LOW,HIGH,LOW,NORMAL,False,LOW,NORMAL,NORMAL
LOW,NORMAL,LOW,False,False,False,True,False,NORMAL,NORMAL,LOW,LOW,NORMAL,LOW,ZERO,NORMAL,NORMAL,NORMAL,False,ZERO,HIGH,NORMAL
HIGH,NORMAL,LOW,False,False,True,False,False,NORMAL,NORMAL,LOW,LOW,NORMAL,HIGH,ZERO,NORMAL,NORMAL,NORMAL,False,ZERO,NORMAL,LOW
HIGH,NORMAL,LOW,False,False,False,False,False,NORMAL,NORMAL,LOW,LOW,NORMAL,HIGH,ZERO,HIGH,HIGH,NORMAL,False,ZERO,NORMAL,HIGH
HIGH,NORMAL,ZERO,False,False,False,False,False,HIGH,NORMAL,LOW,LOW,LOW,LOW,ZERO,HIGH,HIGH,HIGH,False,ZERO,NORMAL,HIGH
HIGH,ZERO,ZERO,False,False,False,False,False,HIGH,ONESIDED,LOW,NORMAL,NORMAL,NORMAL,NORMAL,HIGH,HIGH,HIGH,False,NORMAL,HIGH,NORMAL
HIGH,NORMAL,ZERO,False,False,False,False,False,HIGH,NORMAL,LOW,HIGH,NORMAL,HIGH,HIGH,HIGH,HIGH,HIGH,False,HIGH,NORMAL,NORMAL
HIGH,NORMAL,LOW,False,False,False,True,False,NORMAL,NORMAL,LOW,LOW,NORMAL,HIGH,ZERO,HIGH,HIGH,NORMAL,False,ZERO,NORMAL,HIGH
HIGH,LOW,LOW,False,False,False,False,False,NORMAL,NORMAL,LOW,LOW,NORMAL,HIGH,ZERO,HIGH,HIGH,NORMAL,False,ZERO,HIGH,LOW
HIGH,NORMAL,LOW,False,False,False,False,False,NORMAL,NORMAL,LOW,LOW,NORMAL,HIGH,ZERO,HIGH,HIGH,NORMAL,False,ZERO,NORMAL,LOW
HIGH,NORMAL,LOW,False,False,True,False,False,NORMAL,NORMAL,LOW,LOW,NORMAL,HIGH,ZERO,NORMAL,NORMAL,NORMAL,False,ZERO,NORMAL,LOW
HIGH,ZERO,LOW,False,False,False,False,False,NORMAL,NORMAL,LOW,LOW,NORMAL,HIGH,ZERO,HIGH,HIGH,NORMAL,False,ZERO,NORMAL,LOW
HIGH,NORMAL,LOW,False,False,True,False,False,NORMAL,NORMAL,LOW,LOW,NORMAL,HIGH,ZERO,NORMAL,NORMAL,NORMAL,False,ZERO,NORMAL,NORMAL
HIGH,NORMAL,LOW,False,False,False,False,False,LOW,NORMAL,LOW,LOW,NORMAL,HIGH,ZERO,HIGH,HIGH,LOW,False,ZERO,NORMAL,HIGH
HIGH,NORMAL,LOW,False,False,False,False,False,NORMAL,NORMAL,LOW,LOW,NORMAL,HIGH,ZERO,HIGH,HIGH,NORMAL,False,ZERO,NORMAL,NORMAL
HIGH,NORMAL,LOW,False,False,False,False,False,HIGH,NORMAL,LOW,LOW,NORMAL,HIGH,ZERO,HIGH,NORMAL,HIGH,False,ZERO,NORMAL,LOW
LOW,NORMAL,LOW,False,False,True,False,False,NORMAL,NORMAL,NORMAL,LOW,NORMAL,NORMAL,ZERO,HIGH,HIGH,NORMAL,False,ZERO,NORMAL,NORMAL
HIGH,NORMAL,LOW,False,False,False,False,True,LOW,NORMAL,LOW,LOW,NORMAL,NORMAL,ZERO,HIGH,HIGH,LOW,False,ZERO,NORMAL,NORMAL
HIGH,NORMAL,ZERO,False,False,True,False,False,NORMAL,NORMAL,LOW,LOW,NORMAL,HIGH,ZERO,NORMAL,NORMAL,NORMAL,False,ZERO,NORMAL,NORMAL
HIGH,NORMAL,LOW,False,False,False,False,False,HIGH,NORMAL,LOW,LOW,NORMAL,HIGH,ZERO,HIGH,HIGH,HIGH,False,ZERO,NORMAL,NORMAL
LOW,NORMAL,LOW,False,False,False,False,False,NORMAL,NORMAL,LOW,HIGH,NORMAL,NORMAL,HIGH,LOW,LOW,NORMAL,False,HIGH,NORMAL,HIGH
HIGH,NORMAL,LOW,False,False,False,False,False,NORMAL,NORMAL,LOW,LOW,NORMAL,HIGH,ZERO,HIGH,HIGH,NORMAL,False,ZERO,NORMAL,HIGH
HIGH,LOW,ZERO,False,False,False,True,False,NORMAL,NORMAL,LOW,LOW,NORMAL,HIGH,ZERO,HIGH,HIGH,NORMAL,True,ZERO,NORMAL,NORMAL
LOW,HIGH,HIGH,False,False,False,False,False,NORMAL,NORMAL,LOW,HIGH,HIGH,NORMAL,HIGH,LOW,LOW,NORMAL,False,HIGH,NORMAL,HIGH
LOW,NORMAL,LOW,False,False,False,False,False,NORMAL,NORMAL,LOW,LOW,NORMAL,NORMAL,ZERO,LOW,LOW,NORMAL,False,ZERO,NORMAL,HIGH
HIGH,NORMAL,LOW,False,False,False,False,False,NORMAL,NORMAL,LOW,LOW,NORMAL,HIGH,ZERO,HIGH,HIGH,NORMAL,False,ZERO,NORMAL,LOW
LOW,NORMAL,LOW,False,False,False,False,False,NORMAL,NORMAL,LOW,LOW,NORMAL,NORMAL,ZERO,LOW,LOW,NORMAL,False,ZERO,NORMAL,LOW
LOW,NORMAL,ZERO,False,False,False,False,False,HIGH,NORMAL,LOW,LOW,NORMAL,HIGH,ZERO,HIGH,HIGH,HIGH,False,ZERO,NORMAL,HIGH
LOW,NORMAL,LOW,False,False,False,False,False,NORMAL,NORMAL,LOW,LOW,NORMAL,LOW,ZERO,HIGH,NORMAL,NORMAL,False,ZERO,NORMAL,LOW
HIGH,NORMAL,LOW,False,False,False,False,False,HIGH,NORMAL,LOW,LOW,NORMAL,LOW,ZERO,HIGH,HIGH,HIGH,False,ZERO,NORMAL,NORMAL
LOW,NORMAL,LOW,False,False,False,False,False,NORMAL,ONESIDED,LOW,LOW,NORMAL,NORMAL,NORMAL,LOW,LOW,NORMAL,False,NORMAL,HIGH,HIGH
HIGH,NORMAL,ZERO,False,False,False,False,False,NORMAL,NORMAL,LOW,NORMAL,NORMAL,HIGH,HIGH,HIGH,NORMAL,NORMAL,False,HIGH,NORMAL,LOW
HIGH,ZERO,ZERO,False,False,False,False,False,NORMAL,ONESIDED,LOW,LOW,NORMAL,HIGH,NORMAL,HIGH,HIGH,NORMAL,False,NORMAL,HIGH,LOW
NORMAL,NORMAL,LOW,False,False,False,False,False,NORMAL,ONESIDED,NORMAL,LOW,NORMAL,NORMAL,ZERO,LOW,LOW,NORMAL,False,LOW,HIGH,NORMAL
HIGH,NORMAL,LOW,False,False,False,True,False,HIGH,NORMAL,LOW,LOW,LOW,LOW,ZERO,HIGH,HIGH,HIGH,False,ZERO,NORMAL,HIGH
HIGH,LOW,NORMAL,False,False,True,True,False,NORMAL,NORMAL,HIGH,LOW,NORMAL,HIGH,LOW,NORMAL,NORMAL,NORMAL,False,LOW,NORMAL,HIGH
NORMAL,NORMAL,LOW,False,False,True,False,False,HIGH,ONESIDED,LOW,LOW,NORMAL,HIGH,NORMAL,NORMAL,NORMAL,HIGH,True,NORMAL,HIGH,HIGH
HIGH,NORMAL,LOW,False,False,True,False,False,NORMAL,NORMAL,LOW,LOW,NORMAL,HIGH,ZERO,NORMAL,NORMAL,NORMAL,False,ZERO,NORMAL,HIGH
HIGH,NORMAL,LOW,False,False,False,True,False,NORMAL,NORMAL,LOW,LOW,NORMAL,HIGH,ZERO,HIGH,HIGH,NORMAL,False,ZERO,NORMAL,NORMAL
HIGH,NORMAL,LOW,False,False,True,False,False,NORMAL,NORMAL,LOW,LOW,NORMAL,HIGH,ZERO,NORMAL,NORMAL,NORMAL,False,ZERO,HIGH,NORMAL
HIGH,NORMAL,LOW,False,False,False,False,False,NORMAL,NORMAL,LOW,LOW,NORMAL,HIGH,ZERO,HIGH,NORMAL,NORMAL,True,ZERO,NORMAL,LOW
HIGH,NORMAL,LOW,False,False,False,True,False,NORMAL,NORMAL,LOW,LOW,NORMAL,HIGH,ZERO,HIGH,HIGH,NORMAL,False,ZERO,NORMAL,LOW
HIGH,NORMAL,LOW,False,False,False,True,False,NORMAL,ONESIDED,NORMAL,LOW,NORMAL,HIGH,LOW,HIGH,HIGH,NORMAL,False,LOW,HIGH,NORMAL
NORMAL,NORMAL,LOW,False,False,False,False,False,LOW,ESOPHAGEAL,NORMAL,LOW,NORMAL,HIGH,ZERO,HIGH,LOW,LOW,False,ZERO,NORMAL,LOW
NORMAL,NORMAL,LOW,False,False,True,False,False,NORMAL,NORMAL,LOW,LOW,NORMAL,NORMAL,ZERO,NORMAL,NORMAL,NORMAL,False,ZERO,NORMAL,NORMAL
LOW,HIGH,HIGH,False,False,False,True,False,NORMAL,NORMAL,LOW,HIGH,NORMAL,NORMAL,HIGH,LOW,LOW,NORMAL,False,HIGH,NORMAL,HIGH
HIGH,NORMAL,LOW,False,False,False,False,False,HIGH,NORMAL,LOW,LOW,NORMAL,HIGH,ZERO,HIGH,HIGH,HIGH,False,ZERO,HIGH,HIGH
HIGH,NORMAL,LOW,False,False,False,False,False,NORMAL,NORMAL,LOW,LOW,NORMAL,HIGH,ZERO,HIGH,HIGH,NORMAL,False,ZERO,HIGH,NORMAL
HIGH,NORMAL,LOW,False,False,False,False,False,NORMAL,NORMAL,LOW,LOW,NORMAL,HIGH,ZERO,HIGH,HIGH,NORMAL,False,ZERO,NORMAL,LOW
LOW,HIGH,HIGH,False,False,False,False,False,NORMAL,NORMAL,ZERO,HIGH,NORMAL,NORMAL,HIGH,LOW,LOW,NORMAL,False,HIGH,NORMAL,HIGH
HIGH,NORMAL,LOW,False,False,False,False,False,HIGH,ESOPHAGEAL,NORMAL,LOW,NORMAL,NORMAL,ZERO,HIGH,HIGH,HIGH,False,ZERO,NORMAL,HIGH
HIGH,NORMAL,LOW,False,False,False,False,False,NORMAL,NORMAL,LOW,LOW,NORMAL,HIGH,ZERO,HIGH,NORMAL,NORMAL,False,ZERO,NORMAL,NORMAL
HIGH,NORMAL,LOW,False,False,False,False,False,NORMAL,NORMAL,LOW,LOW,NORMAL,HIGH,ZERO,HIGH,HIGH,NORMAL,False,ZERO,HIGH,LOW
HIGH,NORMAL,LOW,False,False,False,False,False,NORMAL,NORMAL,LOW,LOW,NORMAL,HIGH,ZERO,HIGH,HIGH,NORMAL,False,ZERO,NORMAL,LOW
NORMAL,NORMAL,NORMAL,False,False,True,False,False,NORMAL,NORMAL,HIGH,LOW,NORMAL,NORMAL,LOW,HIGH,HIGH,NORMAL,False,LOW,NORMAL,NORMAL
LOW,LOW,ZERO,False,False,False,False,False,HIGH,NORMAL,LOW,HIGH,NORMAL,LOW,HIGH,LOW,LOW,HIGH,False,HIGH,NORMAL,HIGH
HIGH,NORMAL,LOW,False,False,False,False,False,HIGH,NORMAL,LOW,LOW,NORMAL,HIGH,ZERO,HIGH,HIGH,HIGH,False,ZERO,NORMAL,NORMAL
HIGH,NORMAL,LOW,False,False,False,False,False,HIGH,NORMAL,LOW,LOW,NORMAL,LOW,ZERO,HIGH,HIGH,NORMAL,False,ZERO,NORMAL,HIGH
HIGH,NORMAL,LOW,False,False,False,False,False,NORMAL,NORMAL,ZERO,LOW,NORMAL,LOW,ZERO,HIGH,HIGH,NORMAL,False,ZERO,NORMAL,HIGH
HIGH,NORMAL,LOW,False,False,False,False,False,HIGH,NORMAL,ZERO,HIGH,HIGH,LOW,ZERO,HIGH,HIGH,HIGH,False,HIGH,NORMAL,NORMAL
HIGH,LOW,ZERO,False,False,False,False,False,HIGH,NORMAL,LOW,LOW,NORMAL,LOW,ZERO,HIGH,HIGH,HIGH,False,ZERO,NORMAL,LOW
HIGH,NORMAL,LOW,False,False,False,False,False,NORMAL,NORMAL,LOW,LOW,NORMAL,HIGH,ZERO,HIGH,HIGH,NORMAL,False,ZERO,NORMAL,NORMAL
HIGH,NORMAL,LOW,False,False,False,False,False,NORMAL,NORMAL,LOW,HIGH,NORMAL,HIGH,HIGH,HIGH,HIGH,NORMAL,False,HIGH,NORMAL,NORMAL
HIGH,NORMAL,LOW,False,False,False,False,False,NORMAL,NORMAL,LOW,LOW,NORMAL,HIGH,ZERO,HIGH,HIGH,NORMAL,False,ZERO,NORMAL,NORMAL
HIGH,NORMAL,LOW,False,False,False,True,False,LOW,NORMAL,LOW,LOW,NORMAL,HIGH,ZERO,HIGH,HIGH,LOW,False,ZERO,NORMAL,NORMAL
HIGH,NORMAL,LOW,False,False,False,False,False,NORMAL,NORMAL,LOW,LOW,NORMAL,HIGH,ZERO,HIGH,HIGH,NORMAL,True,ZERO,NORMAL,LOW
HIGH,NORMAL,LOW,False,False,False,False,False,NORMAL,NORMAL,LOW,LOW,NORMAL,HIGH,ZERO,HIGH,HIGH,NORMAL,False,ZERO,NORMAL,LOW
HIGH,NORMAL,LOW,False,False,True,False,False,HIGH,NORMAL,LOW,LOW,NORMAL,LOW,ZERO,NORMAL,NORMAL,HIGH,False,ZERO,NORMAL,HIGH
HIGH,NORMAL,LOW,False,False,False,False,False,HIGH,NORMAL,LOW,LOW,NORMAL,LOW,ZERO,HIGH,HIGH,HIGH,False,ZERO,NORMAL,HIGH
LOW,ZERO,ZERO,False,False,False,False,False,NORMAL,NORMAL,LOW,HIGH,HIGH,NORMAL,HIGH,LOW,LOW,LOW,False,HIGH,NORMAL,LOW
HIGH,NORMAL,ZERO,False,False,False,False,False,NORMAL,NORMAL,LOW,HIGH,NORMAL,HIGH,HIGH,HIGH,HIGH,NORMAL,False,HIGH,NORMAL,NORMAL
HIGH,NORMAL,LOW,False,False,False,True,False,NORMAL,NORMAL,LOW,LOW,NORMAL,HIGH,ZERO,HIGH,HIGH,NORMAL,False,ZERO,NORMAL,LOW
HIGH,NORMAL,LOW,False,False,False,False,False,NORMAL,NORMAL,LOW,LOW,HIGH,HIGH,ZERO,HIGH,HIGH,NORMAL,False,ZERO,NORMAL,LOW
HIGH,NORMAL,LOW,False,False,False,False,False,HIGH,NORMAL,LOW,LOW,LOW,LOW,ZERO,HIGH,HIGH,HIGH,False,ZERO,NORMAL,NORMAL
HIGH,NORMAL,LOW,False,False,False,False,False,NORMAL,NORMAL,LOW,LOW,HIGH,HIGH,ZERO,HIGH,HIGH,NORMAL,False,ZERO,NORMAL,NORMAL
HIGH,LOW,ZERO,False,False,False,False,False,HIGH,NORMAL,LOW,HIGH,NORMAL,HIGH,HIGH,HIGH,HIGH,NORMAL,False,HIGH,NORMAL,NORMAL
HIGH,NORMAL,LOW,False,False,False,False,False,NORMAL,NORMAL,LOW,LOW,NORMAL,HIGH,ZERO,HIGH,HIGH,NORMAL,False,ZERO,NORMAL,LOW
LOW,HIGH,ZERO,False,False,False,False,False,NORMAL,NORMAL,LOW,HIGH,NORMAL,NORMAL,HIGH,LOW,LOW,NORMAL,False,HIGH,NORMAL,NORMAL
HIGH,NORMAL,LOW,False,False,False,False,False,NORMAL,NORMAL,LOW,LOW,NORMAL,HIGH,ZERO,HIGH,HIGH,NORMAL,False,ZERO,NORMAL,LOW
HIGH,NORMAL,LOW,False,False,False,False,False,NORMAL,NORMAL,LOW,LOW,NORMAL,HIGH,ZERO,HIGH,HIGH,NORMAL,False,ZERO,NORMAL,LOW
HIGH,NORMAL,LOW,True,False,False,False,False,NORMAL,NORMAL,LOW,LOW,NORMAL,HIGH,ZERO,HIGH,HIGH,NORMAL,False,ZERO,NORMAL,LOW
NORMAL,NORMAL,LOW,False,False,False,False,False,LOW,NORMAL,LOW,LOW,NORMAL,HIGH,ZERO,HIGH,HIGH,LOW,False,ZERO,NORMAL,HIGH
HIGH,NORMAL,LOW,False,False,False,False,False,HIGH,NORMAL,LOW,LOW,NORMAL,HIGH,ZERO,HIGH,HIGH,HIGH,False,ZERO,NORMAL,LOW
HIGH,HIGH,HIGH,False,False,False,False,False,NORMAL,NORMAL,LOW,HIGH,NORMAL,HIGH,HIGH,HIGH,HIGH,NORMAL,False,HIGH,NORMAL,NORMAL
HIGH,ZERO,ZERO,False,False,False,True,False,NORMAL,NORMAL,LOW,LOW,NORMAL,HIGH,ZERO,HIGH,HIGH,NORMAL,False,ZERO,NORMAL,NORMAL
HIGH,NORMAL,LOW,False,False,False,False,False,HIGH,NORMAL,NORMAL,LOW,NORMAL,LOW,LOW,HIGH,HIGH,HIGH,False,NORMAL,NORMAL,LOW
HIGH,NORMAL,ZERO,False,False,False,True,False,NORMAL,ONESIDED,LOW,NORMAL,NORMAL,HIGH,NORMAL,HIGH,HIGH,NORMAL,False,NORMAL,HIGH,NORMAL
HIGH,NORMAL,LOW,False,False,False,False,False,NORMAL,NORMAL,LOW,LOW,NORMAL,HIGH,ZERO,HIGH,HIGH,NORMAL,False,ZERO,NORMAL,LOW
HIGH,NORMAL,ZERO,False,False,False,False,False,NORMAL,NORMAL,LOW,HIGH,NORMAL,HIGH,HIGH,HIGH,HIGH,NORMAL,False,HIGH,NORMAL,NORMAL
HIGH,NORMAL,LOW,False,False,False,False,False,HIGH,NORMAL,LOW,LOW,NORMAL,HIGH,ZERO,HIGH,HIGH,HIGH,False,ZERO,HIGH,HIGH
LOW,NORMAL,LOW,False,False,False,False,False,NORMAL,ONESIDED,NORMAL,LOW,NORMAL,HIGH,NORMAL,LOW,LOW,NORMAL,False,NORMAL,HIGH,NORMAL
HIGH,NORMAL,LOW,False,False,False,False,False,NORMAL,NORMAL,LOW,LOW,NORMAL,HIGH,ZERO,HIGH,HIGH,NORMAL,False,ZERO,NORMAL,LOW
HIGH,NORMAL,LOW,False,False,False,False,False,NORMAL,NORMAL,LOW,LOW,NORMAL,LOW,ZERO,HIGH,HIGH,NORMAL,False,ZERO,NORMAL,HIGH
HIGH,NORMAL,LOW,False,False,False,False,False,NORMAL,NORMAL,LOW,LOW,NORMAL,HIGH,ZERO,HIGH,HIGH,NORMAL,False,ZERO,NORMAL,NORMAL
LOW,ZERO,ZERO,False,False,False,False,False,NORMAL,NORMAL,LOW,HIGH,NORMAL,NORMAL,HIGH,LOW,LOW,NORMAL,False,HIGH,NORMAL,HIGH
HIGH,HIGH,HIGH,False,False,False,False,False,HIGH,NORMAL,LOW,HIGH,LOW,HIGH,HIGH,HIGH,HIGH,HIGH,False,HIGH,NORMAL,NORMAL
HIGH,NORMAL,LOW,False,False,False,False,False,NORMAL,NORMAL,LOW,LOW,NORMAL,HIGH,ZERO,HIGH,HIGH,HIGH,False,ZERO,NORMAL,NORMAL
LOW,HIGH,HIGH,False,False,False,False,True,LOW,ESOPHAGEAL,NORMAL,HIGH,NORMAL,LOW,LOW,LOW,LOW,LOW,False,HIGH,NORMAL,HIGH
HIGH,NORMAL,LOW,False,False,False,False,False,HIGH,NORMAL,LOW,LOW,NORMAL,LOW,ZERO,HIGH,HIGH,LOW,False,ZERO,NORMAL,LOW
LOW,NORMAL,LOW,False,False,False,False,False,NORMAL,ONESIDED,NORMAL,LOW,LOW,NORMAL,ZERO,LOW,LOW,HIGH,False,LOW,HIGH,LOW
HIGH,NORMAL,LOW,False,False,False,True,False,NORMAL,NORMAL,LOW,LOW,NORMAL,HIGH,ZERO,HIGH,HIGH,NORMAL,False,ZERO,NORMAL,NORMAL
LOW,NORMAL,LOW,False,False,False,False,False,NORMAL,NORMAL,LOW,LOW,NORMAL,HIGH,ZERO,LOW,LOW,NORMAL,False,ZERO,NORMAL,LOW
HIGH,NORMAL,LOW,False,False,False,False,False,NORMAL,ESOPHAGEAL,NORMAL,LOW,NORMAL,HIGH,ZERO,HIGH,HIGH,NORMAL,False,ZERO,NORMAL,LOW
HIGH,NORMAL,LOW,False,False,False,False,False,NORMAL,NORMAL,LOW,LOW,NORMAL,HIGH,ZERO,HIGH,HIGH,NORMAL,False,ZERO,NORMAL,NORMAL
HIGH,LOW,ZERO,False,False,False,False,False,NORMAL,NORMAL,LOW,HIGH,NORMAL,HIGH,NORMAL,HIGH,HIGH,LOW,False,HIGH,NORMAL,NORMAL
HIGH,NORMAL,LOW,False,False,False,True,False,NORMAL,ESOPHAGEAL,LOW,LOW,NORMAL,HIGH,LOW,HIGH,HIGH,NORMAL,False,LOW,NORMAL,NORMAL
NORMAL,LOW,ZERO,False,False,False,True,False,NORMAL,NORMAL,LOW,LOW,NORMAL,LOW,ZERO,LOW,LOW,NORMAL,False,ZERO,NORMAL,LOW
HIGH,NORMAL,LOW,False,False,False,False,False,LOW,NORMAL,LOW,LOW,NORMAL,HIGH,ZERO,HIGH,HIGH,LOW,False,ZERO,NORMAL,LOW
LOW,NORMAL,LOW,False,False,False,False,False,HIGH,NORMAL,LOW,LOW,NORMAL,LOW,ZERO,HIGH,HIGH,HIGH,False,ZERO,NORMAL,LOW
HIGH,NORMAL,LOW,False,False,False,False,False,NORMAL,NORMAL,LOW,LOW,NORMAL,HIGH,ZERO,HIGH,HIGH,NORMAL,False,ZERO,NORMAL,LOW
LOW,HIGH,HIGH,False,False,True,False,False,NORMAL,NORMAL,LOW,HIGH,NORMAL,NORMAL,HIGH,LOW,NORMAL,NORMAL,False,HIGH,NORMAL,HIGH
NORMAL,NORMAL,LOW,False,False,False,False,False,HIGH,NORMAL,LOW,LOW,NORMAL,LOW,ZERO,HIGH,NORMAL,HIGH,False,ZERO,NORMAL,HIGH
HIGH,NORMAL,LOW,False,False,False,False,False,NORMAL,NORMAL,LOW,LOW,NORMAL,NORMAL,ZERO,HIGH,HIGH,NORMAL,False,ZERO,NORMAL,NORMAL
HIGH,NORMAL,LOW,False,False,False,False,False,NORMAL,NORMAL,LOW,LOW,NORMAL,HIGH,ZERO,HIGH,HIGH,NORMAL,False,ZERO,NORMAL,LOW
HIGH,NORMAL,LOW,False,False,False,False,False,NORMAL,NORMAL,LOW,LOW,NORMAL,HIGH,ZERO,HIGH,HIGH,NORMAL,False,ZERO,NORMAL,HIGH
HIGH,NORMAL,LOW,False,False,False,True,False,NORMAL,NORMAL,LOW,HIGH,NORMAL,HIGH,HIGH,HIGH,HIGH,NORMAL,False,HIGH,NORMAL,NORMAL
HIGH,NORMAL,LOW,False,False,False,False,False,NORMAL,NORMAL,LOW,LOW,NORMAL,HIGH,ZERO,HIGH,HIGH,NORMAL,False,ZERO,NORMAL,HIGH
HIGH,NORMAL,LOW,False,False,True,False,False,NORMAL,NORMAL,LOW,LOW,NORMAL,HIGH,ZERO,NORMAL,NORMAL,NORMAL,False,ZERO,NORMAL,LOW
HIGH,NORMAL,ZERO,False,False,False,False,False,NORMAL,NORMAL,LOW,LOW,NORMAL,NORMAL,ZERO,HIGH,HIGH,NORMAL,False,ZERO,NORMAL,NORMAL
HIGH,ZERO,ZERO,True,False,False,False,False,HIGH,NORMAL,LOW,HIGH,NORMAL,LOW,HIGH,HIGH,HIGH,HIGH,False,HIGH,NORMAL,LOW
HIGH,NORMAL,LOW,False,False,False,True,False,NORMAL,NORMAL,LOW,LOW,NORMAL,HIGH,ZERO,HIGH,HIGH,NORMAL,False,ZERO,NORMAL,LOW
HIGH,NORMAL,LOW,False,False,True,False,False,NORMAL,ONESIDED,NORMAL,LOW,NORMAL,HIGH,LOW,NORMAL,NORMAL,NORMAL,False,LOW,HIGH,NORMAL
HIGH,NORMAL,LOW,False,False,False,False,False,NORMAL,NORMAL,LOW,NORMAL,NORMAL,HIGH,ZERO,HIGH,HIGH,NORMAL,False,ZERO,NORMAL,HIGH
HIGH,NORMAL,LOW,False,False,False,True,False,HIGH,NORMAL,LOW,LOW,NORMAL,HIGH,ZERO,HIGH,HIGH,HIGH,False,ZERO,NORMAL,NORMAL
HIGH,NORMAL,LOW,False,False,False,False,False,HIGH,NORMAL,LOW,LOW,NORMAL,LOW,ZERO,HIGH,HIGH,HIGH,False,ZERO,NORMAL,NORMAL
HIGH,NORMAL,LOW,False,False,False,True,False,NORMAL,NORMAL,LOW,LOW,NORMAL,HIGH,ZERO,HIGH,HIGH,NORMAL,True,ZERO,NORMAL,LOW
HIGH,NORMAL,LOW,False,False,True,False,True,LOW,NORMAL,LOW,LOW,NORMAL,LOW,ZERO,NORMAL,NORMAL,NORMAL,False,ZERO,NORMAL,HIGH
HIGH,NORMAL,LOW,False,False,False,False,False,NORMAL,NORMAL,LOW,LOW,NORMAL,HIGH,ZERO,NORMAL,HIGH,LOW,False,ZERO,NORMAL,NORMAL
HIGH,NORMAL,LOW,False,False,False,False,False,NORMAL,NORMAL,LOW,LOW,NORMAL,HIGH,ZERO,HIGH,NORMAL,NORMAL,False,ZERO,NORMAL,HIGH
HIGH,HIGH,NORMAL,False,False,False,False,False,NORMAL,NORMAL,HIGH,LOW,NORMAL,HIGH,LOW,HIGH,HIGH,NORMAL,False,LOW,NORMAL,NORMAL
HIGH,NORMAL,LOW,False,False,False,False,False,HIGH,ESOPHAGEAL,LOW,LOW,NORMAL,HIGH,LOW,HIGH,HIGH,HIGH,False,LOW,NORMAL,LOW
HIGH,NORMAL,LOW,False,False,False,False,True,LOW,NORMAL,LOW,LOW,NORMAL,LOW,ZERO,HIGH,HIGH,LOW,False,ZERO,NORMAL,NORMAL
HIGH,NORMAL,NORMAL,False,False,False,True,False,HIGH,NORMAL,HIGH,LOW,LOW,HIGH,LOW,HIGH,HIGH,HIGH,False,LOW,NORMAL,NORMAL
HIGH,NORMAL,LOW,False,False,False,False,False,HIGH,NORMAL,LOW,LOW,NORMAL,LOW,ZERO,HIGH,HIGH,HIGH,False,ZERO,NORMAL,NORMAL
HIGH,HIGH,HIGH,False,False,True,False,False,NORMAL,NORMAL,LOW,HIGH,NORMAL,HIGH,HIGH,NORMAL,NORMAL,NORMAL,False,HIGH,NORMAL,NORMAL
LOW,NORMAL,LOW,False,False,False,False,False,LOW,NORMAL,HIGH,LOW,NORMAL,NORMAL,LOW,LOW,LOW,LOW,False,LOW,HIGH,HIGH
HIGH,NORMAL,LOW,False,False,False,True,False,HIGH,NORMAL,LOW,LOW,NORMAL,NORMAL,ZERO,LOW,LOW,HIGH,False,ZERO,NORMAL,NORMAL
HIGH,NORMAL,LOW,False,False,False,False,False,NORMAL,NORMAL,LOW,LOW,NORMAL,HIGH,ZERO,HIGH,HIGH,NORMAL,False,ZERO,NORMAL,HIGH
HIGH,NORMAL,LOW,False,False,True,False,False,NORMAL,NORMAL,LOW,LOW,NORMAL,HIGH,ZERO,NORMAL,NORMAL,NORMAL,False,ZERO,NORMAL,LOW
HIGH,LOW,ZERO,False,False,False,False,False,NORMAL,NORMAL,LOW,LOW,NORMAL,HIGH,ZERO,HIGH,HIGH,HIGH,False,ZERO,NORMAL,NORMAL
HIGH,NORMAL,LOW,False,False,False,False,False,NORMAL,NORMAL,LOW,LOW,NORMAL,HIGH,ZERO,HIGH,HIGH,NORMAL,False,ZERO,NORMAL,HIGH
HIGH,NORMAL,LOW,False,False,False,False,False,NORMAL,ONESIDED,NORMAL,LOW,NORMAL,HIGH,ZERO,HIGH,HIGH,NORMAL,False,LOW,HIGH,NORMAL
LOW,NORMAL,LOW,False,False,False,False,False,NORMAL,NORMAL,LOW,LOW,NORMAL,NORMAL,ZERO,LOW,LOW,NORMAL,False,ZERO,NORMAL,HIGH
LOW,NORMAL,LOW,False,False,False,False,False,NORMAL,NORMAL,LOW,LOW,NORMAL,NORMAL,ZERO,LOW,LOW,NORMAL,True,ZERO,NORMAL,HIGH
LOW,NORMAL,LOW,False,False,False,False,False,HIGH,NORMAL,LOW,LOW,NORMAL,LOW,ZERO,LOW,LOW,HIGH,False,ZERO,NORMAL,HIGH
LOW,NORMAL,LOW,False,False,False,False,False,NORMAL,NORMAL,LOW,LOW,NORMAL,LOW,ZERO,NORMAL,HIGH,NORMAL,False,ZERO,NORMAL,HIGH
HIGH,NORMAL,ZERO,False,False,False,False,False,NORMAL,NORMAL,LOW,HIGH,NORMAL,HIGH,HIGH,HIGH,HIGH,NORMAL,False,HIGH,NORMAL,NORMAL
NORMAL,NORMAL,LOW,False,False,False,False,True,LOW,NORMAL,ZERO,LOW,LOW,LOW,ZERO,NORMAL,HIGH,LOW,False,ZERO,NORMAL,NORMAL
NORMAL,NORMAL,LOW,False,False,False,False,False,NORMAL,NORMAL,LOW,LOW,NORMAL,LOW,HIGH,HIGH,HIGH,NORMAL,False,ZERO,NORMAL,NORMAL
HIGH,NORMAL,LOW,False,False,False,False,False,NORMAL,NORMAL,LOW,LOW,NORMAL,HIGH,ZERO,HIGH,HIGH,NORMAL,False,ZERO,NORMAL,NORMAL
HIGH,NORMAL,LOW,False,False,False,False,False,NORMAL,NORMAL,LOW,LOW,NORMAL,HIGH,ZERO,HIGH,HIGH,NORMAL,False,ZERO,NORMAL,NORMAL
HIGH,HIGH,HIGH,False,False,False,False,False,NORMAL,ONESIDED,HIGH,LOW,NORMAL,HIGH,HIGH,NORMAL,HIGH,NORMAL,False,LOW,HIGH,NORMAL
LOW,NORMAL,LOW,False,False,False,False,False,NORMAL,NORMAL,ZERO,LOW,NORMAL,NORMAL,ZERO,LOW,LOW,HIGH,False,LOW,HIGH,NORMAL
HIGH,LOW,ZERO,False,False,False,False,False,NORMAL,NORMAL,LOW,HIGH,NORMAL,NORMAL,HIGH,HIGH,HIGH,NORMAL,False,HIGH,NORMAL,NORMAL
HIGH,NORMAL,LOW,False,False,False,False,False,NORMAL,NORMAL,LOW,LOW,NORMAL,HIGH,ZERO,HIGH,HIGH,NORMAL,True,ZERO,NORMAL,LOW
HIGH,NORMAL,LOW,False,False,False,False,False,NORMAL,NORMAL,LOW,LOW,NORMAL,HIGH,ZERO,HIGH,HIGH,NORMAL,False,ZERO,NORMAL,LOW
NORMAL,NORMAL,LOW,False,False,False,False,False,NORMAL,NORMAL,LOW,HIGH,NORMAL,NORMAL,HIGH,LOW,LOW,NORMAL,False,HIGH,NORMAL,HIGH
HIGH,NORMAL,LOW,False,False,False,False,False,LOW,NORMAL,LOW,LOW,NORMAL,HIGH,ZERO,HIGH,HIGH,LOW,False,ZERO,NORMAL,HIGH
LOW,NORMAL,LOW,False,False,False,False,True,LOW,NORMAL,LOW,HIGH,NORMAL,LOW,HIGH,LOW,LOW,LOW,False,HIGH,NORMAL,HIGH
HIGH,NORMAL,LOW,False,False,False,False,False,HIGH,NORMAL,LOW,LOW,NORMAL,LOW,ZERO,HIGH,HIGH,HIGH,False,ZERO,NORMAL,HIGH
HIGH,NORMAL,LOW,False,False,False,False,False,NORMAL,ESOPHAGEAL,LOW,LOW,NORMAL,HIGH,LOW,HIGH,HIGH,NORMAL,False,LOW,NORMAL,NORMAL
HIGH,NORMAL,LOW,False,False,False,False,False,NORMAL,NORMAL,LOW,LOW,NORMAL,HIGH,ZERO,HIGH,HIGH,NORMAL,False,ZERO,NORMAL,LOW
HIGH,HIGH,HIGH,False,False,False,False,False,NORMAL,NORMAL,LOW,HIGH,NORMAL,HIGH,HIGH,HIGH,HIGH,NORMAL,False,HIGH,NORMAL,LOW
HIGH,NORMAL,LOW,False,False,False,True,False,NORMAL,NORMAL,LOW,LOW,NORMAL,HIGH,ZERO,HIGH,HIGH,NORMAL,False,ZERO,HIGH,NORMAL
HIGH,NORMAL,LOW,False,False,False,True,False,NORMAL,NORMAL,LOW,LOW,HIGH,HIGH,ZERO,HIGH,HIGH,NORMAL,False,ZERO,NORMAL,LOW
HIGH,NORMAL,LOW,False,False,False,False,False,NORMAL,NORMAL,LOW,LOW,HIGH,HIGH,ZERO,HIGH,HIGH,NORMAL,False,ZERO,NORMAL,LOW
LOW,NORMAL,LOW,False,False,False,False,True,LOW,ONESIDED,LOW,LOW,NORMAL,LOW,NORMAL,LOW,LOW,LOW,False,NORMAL,HIGH,NORMAL
NORMAL,NORMAL,LOW,False,False,False,False,False,LOW,NORMAL,LOW,LOW,NORMAL,HIGH,ZERO,HIGH,HIGH,LOW,False,ZERO,NORMAL,NORMAL
HIGH,HIGH,HIGH,False,False,False,False,False,NORMAL,NORMAL,LOW,HIGH,HIGH,HIGH,HIGH,HIGH,HIGH,NORMAL,False,HIGH,HIGH,LOW
HIGH,NORMAL,LOW,False,False,False,False,False,NORMAL,NORMAL,LOW,LOW,NORMAL,HIGH,ZERO,HIGH,HIGH,NORMAL,False,ZERO,NORMAL,NORMAL
HIGH,NORMAL,LOW,False,False,False,False,False,NORMAL,NORMAL,LOW,LOW,NORMAL,HIGH,ZERO,HIGH,HIGH,NORMAL,False,ZERO,NORMAL,LOW
HIGH,NORMAL,LOW,False,False,False,False,False,HIGH,NORMAL,LOW,LOW,NORMAL,LOW,NORMAL,HIGH,HIGH,NORMAL,False,ZERO,NORMAL,HIGH
HIGH,NORMAL,LOW,False,False,True,False,False,NORMAL,NORMAL,LOW,LOW,NORMAL,HIGH,ZERO,NORMAL,NORMAL,NORMAL,False,ZERO,NORMAL,NORMAL
HIGH,NORMAL,LOW,False,False,False,False,False,HIGH,NORMAL,ZERO,LOW,NORMAL,HIGH,ZERO,HIGH,HIGH,HIGH,False,NORMAL,NORMAL,NORMAL
HIGH,NORMAL,LOW,False,False,False,False,False,NORMAL,NORMAL,LOW,LOW,NORMAL,LOW,ZERO,HIGH,HIGH,NORMAL,False,ZERO,NORMAL,LOW
LOW,NORMAL,LOW,False,False,False,False,False,NORMAL,NORMAL,ZERO,HIGH,LOW,NORMAL,ZERO,LOW,LOW,NORMAL,False,HIGH,NORMAL,HIGH
HIGH,NORMAL,LOW,False,False,False,False,False,NORMAL,NORMAL,LOW,LOW,NORMAL,HIGH,ZERO,HIGH,HIGH,NORMAL,False,ZERO,HIGH,NORMAL
HIGH,NORMAL,LOW,False,False,False,False,False,NORMAL,NORMAL,NORMAL,LOW,NORMAL,HIGH,ZERO,HIGH,HIGH,NORMAL,False,ZERO,NORMAL,LOW
HIGH,NORMAL,ZERO,False,False,False,False,False,LOW,NORMAL,LOW,LOW,NORMAL,NORMAL,ZERO,HIGH,HIGH,LOW,False,ZERO,NORMAL,HIGH
HIGH,NORMAL,LOW,False,False,False,False,False,LOW,NORMAL,LOW,LOW,NORMAL,HIGH,ZERO,HIGH,HIGH,LOW,False,ZERO,NORMAL,HIGH
HIGH,NORMAL,LOW,False,False,False,False,False,NORMAL,NORMAL,LOW,LOW,NORMAL,LOW,ZERO,HIGH,HIGH,NORMAL,False,ZERO,NORMAL,NORMAL
HIGH,NORMAL,LOW,False,False,False,False,False,NORMAL,NORMAL,LOW,LOW,NORMAL,NORMAL,ZERO,HIGH,HIGH,LOW,False,ZERO,NORMAL,LOW
HIGH,NORMAL,LOW,False,False,False,True,False,NORMAL,NORMAL,LOW,HIGH,NORMAL,HIGH,HIGH,HIGH,HIGH,NORMAL,False,HIGH,NORMAL,NORMAL
NORMAL,NORMAL,LOW,True,False,False,False,False,NORMAL,NORMAL,LOW,LOW,NORMAL,HIGH,ZERO,HIGH,HIGH,NORMAL,False,ZERO,NORMAL,LOW
HIGH,HIGH,HIGH,False,False,False,False,False,NORMAL,NORMAL,LOW,HIGH,HIGH,HIGH,HIGH,HIGH,HIGH,NORMAL,False,HIGH,NORMAL,LOW
HIGH,NORMAL,LOW,False,False,False,False,False,NORMAL,NORMAL,HIGH,LOW,HIGH,HIGH,ZERO,HIGH,HIGH,NORMAL,False,ZERO,NORMAL,HIGH
HIGH,NORMAL,LOW,False,False,False,False,False,NORMAL,NORMAL,LOW,LOW,NORMAL,HIGH,ZERO,HIGH,HIGH,NORMAL,False,ZERO,NORMAL,LOW
NORMAL,NORMAL,NORMAL,False,False,False,False,False,NORMAL,NORMAL,HIGH,LOW,NORMAL,HIGH,LOW,HIGH,NORMAL,NORMAL,False,LOW,NORMAL,HIGH
HIGH,NORMAL,LOW,False,False,False,False,False,NORMAL,NORMAL,LOW,LOW,NORMAL,HIGH,ZERO,HIGH,HIGH,NORMAL,False,ZERO,NORMAL,NORMAL
HIGH,NORMAL,LOW,False,False,False,False,False,NORMAL,NORMAL,NORMAL,LOW,HIGH,HIGH,ZERO,HIGH,HIGH,NORMAL,False,NORMAL,NORMAL,HIGH
HIGH,NORMAL,LOW,False,False,True,False,False,NORMAL,NORMAL,LOW,LOW,NORMAL,HIGH,ZERO,NORMAL,NORMAL,NORMAL,False,ZERO,NORMAL,NORMAL
LOW,NORMAL,LOW,False,False,False,False,False,NORMAL,NORMAL,NORMAL,LOW,NORMAL,NORMAL,ZERO,LOW,LOW,NORMAL,False,ZERO,NORMAL,LOW
LOW,NORMAL,LOW,False,False,False,False,False,NORMAL,NORMAL,LOW,LOW,NORMAL,NORMAL,ZERO,LOW,LOW,NORMAL,False,NORMAL,NORMAL,HIGH
HIGH,NORMAL,LOW,False,False,False,False,False,NORMAL,NORMAL,LOW,LOW,NORMAL,HIGH,ZERO,HIGH,HIGH,NORMAL,False,ZERO,NORMAL,LOW
HIGH,NORMAL,HIGH,False,False,False,False,False,HIGH,NORMAL,LOW,HIGH,NORMAL,LOW,HIGH,HIGH,HIGH,HIGH,False,HIGH,NORMAL,NORMAL
HIGH,NORMAL,LOW,False,False,False,False,False,NORMAL,ONESIDED,NORMAL,LOW,NORMAL,HIGH,ZERO,HIGH,HIGH,NORMAL,False,LOW,HIGH,NORMAL
HIGH,NORMAL,ZERO,False,False,False,True,False,NORMAL,NORMAL,LOW,HIGH,NORMAL,HIGH,HIGH,HIGH,HIGH,NORMAL,False,HIGH,NORMAL,LOW
HIGH,NORMAL,LOW,False,False,True,True,False,NORMAL,NORMAL,NORMAL,LOW,NORMAL,HIGH,LOW,NORMAL,NORMAL,NORMAL,False,NORMAL,NORMAL,HIGH
HIGH,NORMAL,LOW,False,False,False,False,False,NORMAL,NORMAL,LOW,LOW,HIGH,HIGH,ZERO,HIGH,HIGH,NORMAL,False,ZERO,NORMAL,NORMAL
HIGH,NORMAL,LOW,False,False,False,False,False,NORMAL,NORMAL,LOW,LOW,NORMAL,HIGH,ZERO,HIGH,HIGH,NORMAL,False,ZERO,NORMAL,NORMAL
HIGH,ZERO,ZERO,False,False,False,False,False,HIGH,NORMAL,LOW,LOW,NORMAL,LOW,ZERO,HIGH,HIGH,HIGH,False,ZERO,NORMAL,NORMAL
HIGH,NORMAL,LOW,False,True,False,False,False,NORMAL,NORMAL,LOW,LOW,NORMAL,HIGH,ZERO,HIGH,HIGH,NORMAL,False,ZERO,HIGH,NORMAL
HIGH,NORMAL,LOW,False,False,False,False,False,NORMAL,NORMAL,LOW,LOW,NORMAL,HIGH,ZERO,HIGH,HIGH,NORMAL,False,ZERO,NORMAL,LOW
HIGH,NORMAL,LOW,False,False,False,True,False,HIGH,NORMAL,HIGH,NORMAL,NORMAL,HIGH,LOW,HIGH,HIGH,HIGH,False,LOW,NORMAL,LOW
HIGH,ZERO,ZERO,False,False,False,False,False,NORMAL,NORMAL,LOW,LOW,NORMAL,HIGH,ZERO,HIGH,HIGH,NORMAL,False,ZERO,NORMAL,NORMAL
HIGH,HIGH,HIGH,False,False,False,False,False,NORMAL,NORMAL,LOW,HIGH,NORMAL,HIGH,HIGH,HIGH,HIGH,NORMAL,False,HIGH,NORMAL,NORMAL
LOW,NORMAL,LOW,False,False,False,False,False,NORMAL,ONESIDED,LOW,LOW,NORMAL,HIGH,ZERO,LOW,LOW,NORMAL,False,LOW,HIGH,HIGH
HIGH,NORMAL,LOW,False,False,False,False,True,LOW,NORMAL,LOW,LOW,NORMAL,LOW,ZERO,HIGH,HIGH,LOW,False,ZERO,NORMAL,HIGH
LOW,NORMAL,LOW,False,False,False,False,False,HIGH,NORMAL,LOW,LOW,NORMAL,LOW,ZERO,LOW,LOW,HIGH,False,ZERO,NORMAL,NORMAL
HIGH,LOW,ZERO,False,False,False,False,False,NORMAL,NORMAL,LOW,NORMAL,NORMAL,HIGH,HIGH,HIGH,HIGH,NORMAL,False,HIGH,HIGH,HIGH
HIGH,LOW,ZERO,False,False,False,False,False,NORMAL,NORMAL,LOW,HIGH,LOW,HIGH,HIGH,HIGH,HIGH,NORMAL,False,HIGH,NORMAL,LOW
HIGH,NORMAL,LOW,False,False,False,False,False,NORMAL,ESOPHAGEAL,NORMAL,LOW,NORMAL,HIGH,ZERO,HIGH,HIGH,NORMAL,False,ZERO,NORMAL,LOW
HIGH,NORMAL,LOW,False,False,False,False,False,NORMAL,NORMAL,LOW,LOW,NORMAL,HIGH,ZERO,HIGH,HIGH,NORMAL,False,ZERO,HIGH,LOW
NORMAL,NORMAL,LOW,False,False,False,False,False,NORMAL,NORMAL,LOW,LOW,NORMAL,HIGH,ZERO,HIGH,HIGH,NORMAL,False,ZERO,NORMAL,HIGH
HIGH,NORMAL,ZERO,False,False,False,False,False,NORMAL,NORMAL,LOW,HIGH,NORMAL,HIGH,HIGH,HIGH,HIGH,NORMAL,False,HIGH,NORMAL,LOW
HIGH,NORMAL,LOW,False,False,False,False,False,NORMAL,NORMAL,HIGH,LOW,NORMAL,HIGH,LOW,HIGH,HIGH,NORMAL,False,LOW,NORMAL,HIGH
HIGH,NORMAL,LOW,False,False,True,False,False,HIGH,NORMAL,HIGH,LOW,NORMAL,HIGH,ZERO,NORMAL,NORMAL,NORMAL,False,ZERO,NORMAL,HIGH
HIGH,LOW,ZERO,False,False,False,False,True,LOW,NORMAL,LOW,LOW,NORMAL,LOW,ZERO,HIGH,HIGH,LOW,False,ZERO,NORMAL,LOW
HIGH,ZERO,ZERO,False,False,False,True,False,NORMAL,NORMAL,LOW,HIGH,NORMAL,HIGH,LOW,HIGH,HIGH,NORMAL,False,HIGH,NORMAL,NORMAL
HIGH,NORMAL,LOW,False,False,False,False,True,LOW,NORMAL,LOW,LOW,NORMAL,LOW,ZERO,HIGH,HIGH,LOW,False,ZERO,NORMAL,LOW
NORMAL,NORMAL,LOW,False,False,False,False,False,LOW,NORMAL,LOW,LOW,NORMAL,HIGH,ZERO,HIGH,HIGH,LOW,False,ZERO,NORMAL,HIGH
HIGH,NORMAL,LOW,False,False,True,False,False,NORMAL,NORMAL,LOW,LOW,NORMAL,HIGH,ZERO,NORMAL,NORMAL,NORMAL,False,ZERO,NORMAL,HIGH
HIGH,NORMAL,LOW,False,False,False,False,False,LOW,NORMAL,ZERO,LOW,NORMAL,HIGH,ZERO,HIGH,HIGH,LOW,True,ZERO,HIGH,LOW
LOW,NORMAL,LOW,False,False,False,False,False,HIGH,NORMAL,LOW,LOW,NORMAL,NORMAL,ZERO,LOW,LOW,HIGH,False,ZERO,NORMAL,NORMAL
HIGH,LOW,ZERO,False,False,False,False,False,NORMAL,ONESIDED,LOW,LOW,NORMAL,HIGH,NORMAL,HIGH,HIGH,NORMAL,False,LOW,HIGH,NORMAL
LOW,ZERO,ZERO,False,False,False,False,False,HIGH,NORMAL,LOW,HIGH,NORMAL,NORMAL,HIGH,LOW,LOW,NORMAL,False,HIGH,NORMAL,HIGH
HIGH,LOW,ZERO,False,False,True,False,False,NORMAL,NORMAL,HIGH,LOW,NORMAL,HIGH,LOW,NORMAL,NORMAL,NORMAL,False,LOW,NORMAL,LOW
HIGH,NORMAL,LOW,False,False,False,False,False,NORMAL,NORMAL,LOW,LOW,NORMAL,HIGH,ZERO,HIGH,HIGH,NORMAL,False,ZERO,NORMAL,LOW
LOW,NORMAL,LOW,False,False,False,False,False,HIGH,NORMAL,LOW,LOW,NORMAL,NORMAL,ZERO,LOW,LOW,HIGH,False,ZERO,NORMAL,NORMAL
HIGH,ZERO,ZERO,False,False,False,False,False,NORMAL,NORMAL,HIGH,LOW,NORMAL,HIGH,ZERO,HIGH,HIGH,NORMAL,False,ZERO,NORMAL,HIGH
HIGH,NORMAL,LOW,False,False,False,False,True,LOW,NORMAL,LOW,LOW,NORMAL,NORMAL,ZERO,NORMAL,HIGH,LOW,False,ZERO,NORMAL,HIGH
HIGH,NORMAL,LOW,False,False,False,False,False,NORMAL,NORMAL,LOW,LOW,NORMAL,HIGH,ZERO,HIGH,HIGH,NORMAL,False,LOW,NORMAL,NORMAL
HIGH,NORMAL,LOW,False,False,False,True,False,LOW,NORMAL,LOW,LOW,NORMAL,HIGH,ZERO,HIGH,HIGH,NORMAL,False,ZERO,NORMAL,NORMAL
HIGH,NORMAL,ZERO,False,False,False,False,False,NORMAL,NORMAL,LOW,LOW,NORMAL,HIGH,ZERO,HIGH,HIGH,NORMAL,False,ZERO,NORMAL,HIGH
HIGH,HIGH,HIGH,False,False,False,False,False,NORMAL,NORMAL,NORMAL,HIGH,NORMAL,HIGH,HIGH,HIGH,HIGH,LOW,False,HIGH,NORMAL,LOW
HIGH,NORMAL,LOW,False,False,False,True,False,NORMAL,NORMAL,LOW,LOW,NORMAL,HIGH,ZERO,HIGH,HIGH,LOW,False,ZERO,NORMAL,LOW
HIGH,NORMAL,LOW,False,False,False,True,False,NORMAL,NORMAL,LOW,LOW,NORMAL,HIGH,ZERO,HIGH,HIGH,NORMAL,False,ZERO,NORMAL,HIGH
LOW,NORMAL,LOW,False,False,False,False,False,NORMAL,ONESIDED,LOW,LOW,LOW,NORMAL,NORMAL,LOW,LOW,NORMAL,False,NORMAL,HIGH,NORMAL
HIGH,NORMAL,LOW,False,False,False,False,False,NORMAL,NORMAL,LOW,LOW,NORMAL,HIGH,ZERO,HIGH,HIGH,NORMAL,False,ZERO,NORMAL,LOW
HIGH,NORMAL,LOW,False,False,False,False,False,NORMAL,ESOPHAGEAL,NORMAL,LOW,NORMAL,HIGH,ZERO,HIGH,HIGH,NORMAL,False,ZERO,NORMAL,LOW
LOW,NORMAL,LOW,False,False,False,False,False,NORMAL,NORMAL,LOW,LOW,NORMAL,NORMAL,ZERO,LOW,LOW,NORMAL,False,ZERO,NORMAL,HIGH
HIGH,NORMAL,ZERO,False,False,False,False,False,NORMAL,NORMAL,LOW,HIGH,LOW,HIGH,HIGH,HIGH,LOW,NORMAL,False,HIGH,NORMAL,NORMAL
HIGH,NORMAL,ZERO,False,False,False,False,False,NORMAL,NORMAL,LOW,LOW,NORMAL,NORMAL,HIGH,HIGH,HIGH,NORMAL,False,ZERO,NORMAL,NORMAL
HIGH,ZERO,ZERO,False,False,True,False,False,NORMAL,NORMAL,LOW,LOW,NORMAL,HIGH,ZERO,NORMAL,NORMAL,NORMAL,False,ZERO,NORMAL,LOW
LOW,LOW,ZERO,False,False,False,False,False,HIGH,NORMAL,LOW,HIGH,NORMAL,NORMAL,HIGH,LOW,LOW,HIGH,False,HIGH,NORMAL,HIGH
HIGH,NORMAL,LOW,False,False,False,False,False,NORMAL,NORMAL,LOW,LOW,NORMAL,HIGH,ZERO,HIGH,HIGH,NORMAL,False,ZERO,NORMAL,HIGH
HIGH,NORMAL,LOW,False,False,False,False,False,NORMAL,NORMAL,LOW,LOW,NORMAL,NORMAL,ZERO,HIGH,HIGH,NORMAL,True,ZERO,NORMAL,LOW
NORMAL,NORMAL,LOW,False,False,False,False,False,NORMAL,ONESIDED,NORMAL,LOW,NORMAL,HIGH,ZERO,HIGH,HIGH,NORMAL,False,LOW,HIGH,HIGH
HIGH,NORMAL,ZERO,False,False,False,False,False,HIGH,NORMAL,ZERO,HIGH,NORMAL,LOW,HIGH,HIGH,HIGH,HIGH,False,HIGH,NORMAL,NORMAL
LOW,NORMAL,LOW,False,False,False,False,False,HIGH,NORMAL,LOW,HIGH,NORMAL,NORMAL,HIGH,LOW,LOW,HIGH,False,HIGH,HIGH,HIGH
HIGH,HIGH,HIGH,False,False,False,False,False,NORMAL,NORMAL,LOW,NORMAL,NORMAL,HIGH,HIGH,HIGH,HIGH,NORMAL,False,HIGH,NORMAL,NORMAL
HIGH,NORMAL,LOW,False,False,False,False,False,NORMAL,NORMAL,LOW,LOW,NORMAL,HIGH,ZERO,HIGH,HIGH,NORMAL,False,ZERO,NORMAL,NORMAL
HIGH,LOW,ZERO,False,False,False,False,False,NORMAL,NORMAL,LOW,HIGH,NORMAL,HIGH,HIGH,HIGH,HIGH,NORMAL,False,HIGH,NORMAL,LOW
LOW,NORMAL,LOW,False,False,False,False,False,NORMAL,NORMAL,LOW,LOW,NORMAL,NORMAL,ZERO,LOW,LOW,NORMAL,False,ZERO,HIGH,NORMAL
HIGH,NORMAL,LOW,False,False,False,False,False,HIGH,NORMAL,ZERO,LOW,NORMAL,LOW,ZERO,HIGH,HIGH,HIGH,False,NORMAL,NORMAL,LOW
LOW,HIGH,HIGH,False,False,False,False,False,NORMAL,NORMAL,LOW,HIGH,NORMAL,NORMAL,HIGH,LOW,LOW,NORMAL,False,HIGH,NORMAL,HIGH
LOW,NORMAL,LOW,False,False,False,True,False,NORMAL,NORMAL,LOW,LOW,NORMAL,LOW,ZERO,LOW,LOW,NORMAL,True,ZERO,NORMAL,HIGH
HIGH,NORMAL,LOW,False,False,False,False,False,NORMAL,NORMAL,NORMAL,LOW,NORMAL,HIGH,ZERO,HIGH,HIGH,NORMAL,False,ZERO,NORMAL,HIGH
HIGH,NORMAL,LOW,False,False,False,False,False,NORMAL,ONESIDED,NORMAL,LOW,NORMAL,HIGH,ZERO,HIGH,HIGH,NORMAL,False,LOW,HIGH,LOW
HIGH,NORMAL,LOW,False,False,False,False,False,NORMAL,NORMAL,LOW,LOW,NORMAL,HIGH,ZERO,HIGH,HIGH,NORMAL,False,ZERO,NORMAL,HIGH
HIGH,NORMAL,LOW,False,False,False,False,False,NORMAL,NORMAL,LOW,LOW,NORMAL,HIGH,ZERO,HIGH,HIGH,NORMAL,False,ZERO,NORMAL,LOW
HIGH,HIGH,NORMAL,False,False,False,False,False,HIGH,NORMAL,HIGH,LOW,NORMAL,HIGH,LOW,HIGH,HIGH,HIGH,False,LOW,NORMAL,NORMAL
LOW,NORMAL,LOW,False,False,False,False,False,NORMAL,NORMAL,LOW,LOW,NORMAL,LOW,ZERO,HIGH,LOW,NORMAL,False,NORMAL,HIGH,HIGH
NORMAL,NORMAL,LOW,False,False,True,False,False,NORMAL,NORMAL,LOW,LOW,NORMAL,HIGH,ZERO,NORMAL,NORMAL,NORMAL,False,LOW,NORMAL,LOW
HIGH,NORMAL,LOW,False,False,False,False,False,NORMAL,NORMAL,LOW,LOW,NORMAL,HIGH,ZERO,HIGH,HIGH,NORMAL,False,ZERO,NORMAL,LOW
HIGH,NORMAL,ZERO,False,False,False,True,False,NORMAL,NORMAL,LOW,HIGH,NORMAL,HIGH,HIGH,HIGH,HIGH,LOW,False,HIGH,HIGH,HIGH
HIGH,NORMAL,LOW,False,False,False,False,False,NORMAL,NORMAL,LOW,LOW,NORMAL,HIGH,ZERO,HIGH,HIGH,NORMAL,False,ZERO,NORMAL,LOW
HIGH,NORMAL,LOW,False,False,False,False,False,NORMAL,NORMAL,LOW,LOW,NORMAL,HIGH,ZERO,HIGH,HIGH,NORMAL,False,ZERO,NORMAL,LOW
LOW,NORMAL,ZERO,False,False,False,True,True,LOW,NORMAL,LOW,HIGH,HIGH,LOW,HIGH,LOW,LOW,LOW,False,HIGH,NORMAL,HIGH
HIGH,NORMAL,LOW,False,False,False,False,False,NORMAL,NORMAL,LOW,LOW,NORMAL,HIGH,ZERO,NORMAL,HIGH,NORMAL,False,ZERO,NORMAL,LOW
HIGH,NORMAL,LOW,False,False,False,False,False,NORMAL,NORMAL,LOW,LOW,NORMAL,HIGH,ZERO,HIGH,HIGH,NORMAL,False,ZERO,NORMAL,HIGH
HIGH,NORMAL,LOW,False,False,False,False,False,NORMAL,NORMAL,LOW,LOW,HIGH,HIGH,ZERO,HIGH,HIGH,NORMAL,False,ZERO,NORMAL,HIGH
HIGH,NORMAL,LOW,False,False,False,False,False,NORMAL,NORMAL,LOW,LOW,NORMAL,HIGH,ZERO,HIGH,HIGH,NORMAL,False,ZERO,NORMAL,NORMAL
HIGH,NORMAL,LOW,False,False,False,False,False,HIGH,NORMAL,LOW,LOW,NORMAL,HIGH,ZERO,HIGH,HIGH,HIGH,False,ZERO,HIGH,NORMAL
HIGH,ZERO,ZERO,False,False,False,False,False,NORMAL,NORMAL,NORMAL,HIGH,NORMAL,HIGH,HIGH,HIGH,HIGH,NORMAL,False,HIGH,NORMAL,NORMAL
HIGH,NORMAL,LOW,False,False,False,False,False,NORMAL,NORMAL,LOW,LOW,NORMAL,HIGH,ZERO,HIGH,HIGH,NORMAL,False,ZERO,NORMAL,LOW
NORMAL,NORMAL,LOW,False,False,False,False,False,NORMAL,NORMAL,LOW,LOW,NORMAL,HIGH,ZERO,HIGH,HIGH,NORMAL,False,ZERO,NORMAL,NORMAL
HIGH,NORMAL,LOW,False,False,False,False,False,NORMAL,NORMAL,LOW,LOW,NORMAL,HIGH,ZERO,HIGH,HIGH,NORMAL,False,ZERO,NORMAL,NORMAL
HIGH,NORMAL,LOW,False,False,False,False,False,HIGH,NORMAL,LOW,LOW,NORMAL,NORMAL,ZERO,HIGH,HIGH,HIGH,False,ZERO,NORMAL,LOW
HIGH,NORMAL,LOW,False,False,False,True,False,NORMAL,NORMAL,LOW,LOW,NORMAL,HIGH,ZERO,HIGH,HIGH,NORMAL,False,ZERO,NORMAL,LOW
HIGH,NORMAL,LOW,False,False,False,True,False,NORMAL,NORMAL,LOW,LOW,NORMAL,HIGH,ZERO,HIGH,HIGH,NORMAL,False,ZERO,HIGH,HIGH
HIGH,NORMAL,LOW,False,False,False,False,False,NORMAL,NORMAL,LOW,LOW,NORMAL,HIGH,ZERO,HIGH,HIGH,NORMAL,False,ZERO,NORMAL,NORMAL
HIGH,NORMAL,LOW,False,False,False,False,False,HIGH,NORMAL,LOW,LOW,NORMAL,LOW,ZERO,HIGH,HIGH,HIGH,False,ZERO,NORMAL,HIGH
HIGH,HIGH,HIGH,False,False,False,False,False,HIGH,ONESIDED,HIGH,LOW,NORMAL,NORMAL,HIGH,HIGH,HIGH,HIGH,False,LOW,HIGH,HIGH
HIGH,NORMAL,LOW,False,False,False,True,False,HIGH,NORMAL,LOW,LOW,NORMAL,NORMAL,ZERO,HIGH,HIGH,HIGH,False,ZERO,NORMAL,LOW
HIGH,NORMAL,LOW,False,False,False,False,False,HIGH,NORMAL,LOW,LOW,NORMAL,HIGH,ZERO,HIGH,HIGH,NORMAL,False,ZERO,NORMAL,HIGH
HIGH,NORMAL,LOW,False,False,False,False,False,HIGH,NORMAL,LOW,LOW,LOW,HIGH,ZERO,HIGH,HIGH,NORMAL,False,ZERO,NORMAL,NORMAL
HIGH,NORMAL,ZERO,False,False,False,False,False,NORMAL,NORMAL,LOW,NORMAL,NORMAL,HIGH,HIGH,HIGH,HIGH,NORMAL,False,HIGH,NORMAL,NORMAL
HIGH,NORMAL,LOW,False,False,False,False,False,HIGH,NORMAL,LOW,HIGH,NORMAL,LOW,LOW,HIGH,HIGH,HIGH,False,HIGH,NORMAL,NORMAL
LOW,NORMAL,LOW,False,False,False,True,False,HIGH,ONESIDED,NORMAL,LOW,NORMAL,NORMAL,ZERO,LOW,LOW,HIGH,False,LOW,HIGH,NORMAL
LOW,NORMAL,ZERO,False,False,False,False,False,LOW,NORMAL,LOW,LOW,NORMAL,NORMAL,HIGH,LOW,LOW,LOW,False,HIGH,NORMAL,HIGH
NORMAL,NORMAL,LOW,False,False,False,False,False,HIGH,NORMAL,LOW,LOW,NORMAL,NORMAL,ZERO,LOW,LOW,HIGH,False,ZERO,NORMAL,LOW
HIGH,ZERO,ZERO,False,False,False,False,False,NORMAL,NORMAL,LOW,LOW,NORMAL,HIGH,ZERO,HIGH,HIGH,NORMAL,False,ZERO,NORMAL,NORMAL
LOW,NORMAL,LOW,False,False,False,False,False,NORMAL,NORMAL,ZERO,HIGH,NORMAL,HIGH,ZERO,LOW,LOW,NORMAL,False,HIGH,HIGH,HIGH
HIGH,NORMAL,LOW,False,False,False,False,False,NORMAL,NORMAL,LOW,LOW,NORMAL,HIGH,ZERO,LOW,LOW,NORMAL,True,ZERO,NORMAL,HIGH
HIGH,LOW,ZERO,False,False,False,False,False,NORMAL,NORMAL,LOW,LOW,NORMAL,HIGH,ZERO,HIGH,HIGH,NORMAL,False,ZERO,NORMAL,NORMAL
HIGH,LOW,ZERO,False,False,False,False,False,HIGH,NORMAL,LOW,LOW,NORMAL,HIGH,ZERO,HIGH,HIGH,HIGH,True,ZERO,NORMAL,LOW
LOW,NORMAL,ZERO,False,False,False,False,False,NORMAL,NORMAL,LOW,HIGH,NORMAL,NORMAL,HIGH,LOW,LOW,NORMAL,False,HIGH,NORMAL,LOW
LOW,NORMAL,LOW,False,False,False,False,False,NORMAL,NORMAL,LOW,LOW,NORMAL,NORMAL,ZERO,LOW,LOW,NORMAL,False,ZERO,NORMAL,HIGH
HIGH,NORMAL,LOW,False,False,False,False,False,NORMAL,NORMAL,LOW,LOW,NORMAL,HIGH,ZERO,HIGH,HIGH,NORMAL,False,ZERO,NORMAL,NORMAL
HIGH,NORMAL,LOW,False,False,False,True,False,NORMAL,NORMAL,LOW,LOW,NORMAL,HIGH,ZERO,HIGH,HIGH,NORMAL,False,ZERO,NORMAL,LOW
HIGH,NORMAL,LOW,False,False,False,False,False,HIGH,NORMAL,LOW,LOW,NORMAL,HIGH,ZERO,HIGH,HIGH,HIGH,False,ZERO,NORMAL,NORMAL
NORMAL,NORMAL,LOW,False,False,False,False,False,NORMAL,NORMAL,LOW,LOW,NORMAL,HIGH,ZERO,HIGH,HIGH,NORMAL,False,ZERO,NORMAL,HIGH
HIGH,NORMAL,LOW,False,False,False,False,False,HIGH,ONESIDED,NORMAL,LOW,NORMAL,LOW,LOW,HIGH,HIGH,HIGH,False,LOW,HIGH,NORMAL
HIGH,NORMAL,LOW,False,False,False,False,False,NORMAL,NORMAL,LOW,LOW,NORMAL,HIGH,ZERO,HIGH,HIGH,NORMAL,False,ZERO,NORMAL,HIGH
HIGH,NORMAL,LOW,False,False,True,False,False,NORMAL,NORMAL,LOW,LOW,NORMAL,HIGH,ZERO,NORMAL,NORMAL,NORMAL,False,ZERO,NORMAL,NORMAL
NORMAL,NORMAL,LOW,False,False,False,False,False,HIGH,NORMAL,LOW,LOW,NORMAL,LOW,ZERO,HIGH,HIGH,HIGH,False,ZERO,NORMAL,HIGH
HIGH,NORMAL,LOW,False,False,False,False,False,NORMAL,NORMAL,LOW,LOW,NORMAL,HIGH,ZERO,HIGH,HIGH,NORMAL,False,ZERO,NORMAL,NORMAL
LOW,NORMAL,LOW,False,False,False,False,False,NORMAL,NORMAL,LOW,LOW,NORMAL,LOW,ZERO,LOW,LOW,NORMAL,True,ZERO,NORMAL,NORMAL
HIGH,NORMAL,LOW,False,False,False,False,False,NORMAL,NORMAL,LOW,LOW,NORMAL,HIGH,ZERO,HIGH,HIGH,NORMAL,False,ZERO,NORMAL,LOW
HIGH,NORMAL,LOW,False,False,False,False,False,HIGH,NORMAL,LOW,LOW,NORMAL,LOW,ZERO,HIGH,HIGH,HIGH,False,ZERO,NORMAL,LOW
HIGH,NORMAL,LOW,False,False,False,False,False,NORMAL,ONESIDED,NORMAL,LOW,NORMAL,HIGH,ZERO,HIGH,HIGH,NORMAL,False,LOW,HIGH,HIGH
HIGH,HIGH,HIGH,False,False,False,False,False,NORMAL,NORMAL,LOW,HIGH,NORMAL,HIGH,HIGH,HIGH,HIGH,NORMAL,False,HIGH,NORMAL,NORMAL
HIGH,NORMAL,LOW,False,False,False,False,False,NORMAL,NORMAL,LOW,LOW,NORMAL,HIGH,ZERO,HIGH,HIGH,NORMAL,False,ZERO,NORMAL,HIGH
HIGH,NORMAL,LOW,False,False,False,False,False,HIGH,NORMAL,LOW,LOW,NORMAL,HIGH,ZERO,HIGH,HIGH,HIGH,False,ZERO,NORMAL,NORMAL
HIGH,NORMAL,LOW,False,False,False,False,False,HIGH,NORMAL,LOW,LOW,LOW,HIGH,ZERO,HIGH,HIGH,HIGH,False,ZERO,NORMAL,LOW
HIGH,NORMAL,LOW,False,False,False,False,False,NORMAL,NORMAL,LOW,LOW,NORMAL,HIGH,ZERO,HIGH,HIGH,NORMAL,False,ZERO,NORMAL,HIGH
LOW,LOW,ZERO,False,False,False,False,False,NORMAL,NORMAL,LOW,HIGH,NORMAL,NORMAL,HIGH,LOW,LOW,NORMAL,False,HIGH,NORMAL,HIGH
HIGH,LOW,HIGH,False,False,False,False,False,HIGH,NORMAL,LOW,HIGH,NORMAL,LOW,HIGH,HIGH,HIGH,HIGH,False,HIGH,HIGH,LOW
HIGH,NORMAL,ZERO,False,False,False,False,False,NORMAL,NORMAL,NORMAL,LOW,NORMAL,HIGH,LOW,HIGH,HIGH,NORMAL,False,NORMAL,NORMAL,LOW
HIGH,NORMAL,LOW,False,False,True,False,False,NORMAL,NORMAL,HIGH,LOW,NORMAL,HIGH,LOW,NORMAL,NORMAL,NORMAL,False,LOW,NORMAL,HIGH
HIGH,NORMAL,LOW,False,False,False,True,False,HIGH,ONESIDED,LOW,LOW,NORMAL,HIGH,NORMAL,HIGH,HIGH,HIGH,False,NORMAL,HIGH,NORMAL
HIGH,NORMAL,LOW,False,False,False,False,False,HIGH,NORMAL,LOW,LOW,HIGH,LOW,ZERO,HIGH,HIGH,HIGH,False,ZERO,NORMAL,HIGH
HIGH,NORMAL,LOW,False,False,False,False,False,HIGH,NORMAL,LOW,LOW,NORMAL,LOW,ZERO,HIGH,HIGH,NORMAL,False,ZERO,NORMAL,HIGH
HIGH,NORMAL,NORMAL,False,False,False,False,False,NORMAL,NORMAL,HIGH,LOW,NORMAL,HIGH,LOW,HIGH,HIGH,NORMAL,False,LOW,NORMAL,NORMAL
HIGH,NORMAL,LOW,False,False,False,False,True,LOW,NORMAL,LOW,LOW,NORMAL,LOW,ZERO,HIGH,HIGH,LOW,False,ZERO,NORMAL,HIGH
HIGH,NORMAL,LOW,False,False,False,True,False,HIGH,NORMAL,LOW,LOW,NORMAL,HIGH,ZERO,HIGH,HIGH,HIGH,False,ZERO,NORMAL,NORMAL
LOW,NORMAL,LOW,False,False,False,False,False,NORMAL,NORMAL,LOW,LOW,NORMAL,NORMAL,ZERO,LOW,LOW,NORMAL,False,ZERO,NORMAL,NORMAL
HIGH,NORMAL,LOW,False,False,False,True,False,HIGH,NORMAL,LOW,LOW,NORMAL,NORMAL,ZERO,HIGH,HIGH,HIGH,False,ZERO,NORMAL,NORMAL
NORMAL,ZERO,ZERO,False,False,False,False,False,NORMAL,NORMAL,LOW,HIGH,LOW,HIGH,HIGH,HIGH,HIGH,NORMAL,False,HIGH,NORMAL,NORMAL
HIGH,NORMAL,LOW,False,False,False,False,False,HIGH,NORMAL,LOW,LOW,NORMAL,LOW,ZERO,HIGH,HIGH,HIGH,False,ZERO,NORMAL,LOW
HIGH,NORMAL,LOW,False,False,False,False,False,HIGH,NORMAL,LOW,LOW,NORMAL,HIGH,ZERO,HIGH,HIGH,HIGH,False,ZERO,NORMAL,LOW
HIGH,NORMAL,LOW,False,False,False,False,False,NORMAL,NORMAL,LOW,LOW,NORMAL,HIGH,ZERO,HIGH,HIGH,NORMAL,False,ZERO,NORMAL,LOW
HIGH,NORMAL,LOW,False,False,False,False,False,NORMAL,NORMAL,LOW,LOW,NORMAL,HIGH,ZERO,HIGH,HIGH,NORMAL,False,ZERO,NORMAL,LOW
NORMAL,NORMAL,LOW,False,False,False,False,False,HIGH,NORMAL,LOW,LOW,NORMAL,HIGH,ZERO,HIGH,HIGH,HIGH,False,ZERO,NORMAL,NORMAL
LOW,NORMAL,LOW,False,False,False,False,False,NORMAL,NORMAL,LOW,LOW,NORMAL,NORMAL,ZERO,LOW,LOW,NORMAL,False,ZERO,NORMAL,NORMAL
HIGH,NORMAL,LOW,False,False,True,False,False,NORMAL,NORMAL,LOW,LOW,NORMAL,HIGH,ZERO,NORMAL,NORMAL,NORMAL,False,ZERO,NORMAL,LOW
HIGH,NORMAL,LOW,False,False,False,False,False,NORMAL,ONESIDED,LOW,LOW,NORMAL,HIGH,NORMAL,HIGH,HIGH,NORMAL,False,ZERO,HIGH,NORMAL
HIGH,NORMAL,LOW,False,False,False,False,False,NORMAL,NORMAL,LOW,LOW,NORMAL,HIGH,ZERO,HIGH,HIGH,NORMAL,False,LOW,NORMAL,HIGH
HIGH,HIGH,NORMAL,False,False,False,False,False,NORMAL,NORMAL,HIGH,LOW,NORMAL,HIGH,LOW,HIGH,HIGH,NORMAL,False,LOW,NORMAL,HIGH
HIGH,NORMAL,LOW,False,False,False,False,False,NORMAL,NORMAL,LOW,LOW,NORMAL,HIGH,ZERO,HIGH,HIGH,NORMAL,False,ZERO,NORMAL,LOW
HIGH,NORMAL,LOW,False,False,False,False,False,LOW,NORMAL,LOW,LOW,NORMAL,HIGH,ZERO,HIGH,HIGH,LOW,False,ZERO,NORMAL,HIGH
HIGH,NORMAL,LOW,False,False,False,False,False,NORMAL,NORMAL,LOW,LOW,NORMAL,HIGH,ZERO,HIGH,HIGH,NORMAL,False,ZERO,NORMAL,LOW
HIGH,NORMAL,LOW,False,False,False,False,False,HIGH,NORMAL,LOW,LOW,NORMAL,LOW,ZERO,HIGH,HIGH,HIGH,False,ZERO,NORMAL,NORMAL
HIGH,NORMAL,LOW,False,False,False,False,False,NORMAL,NORMAL,LOW,NORMAL,NORMAL,HIGH,ZERO,HIGH,HIGH,NORMAL,False,ZERO,NORMAL,LOW
LOW,LOW,ZERO,False,False,False,False,False,NORMAL,NORMAL,LOW,HIGH,NORMAL,NORMAL,HIGH,LOW,LOW,NORMAL,False,HIGH,NORMAL,HIGH
HIGH,NORMAL,LOW,False,False,False,False,False,NORMAL,NORMAL,LOW,LOW,NORMAL,HIGH,ZERO,HIGH,HIGH,NORMAL,False,ZERO,NORMAL,LOW
LOW,NORMAL,LOW,False,False,True,False,False,HIGH,NORMAL,LOW,NORMAL,NORMAL,LOW,HIGH,HIGH,NORMAL,HIGH,False,HIGH,NORMAL,HIGH
HIGH,ZERO,ZERO,False,False,True,True,False,NORMAL,NORMAL,ZERO,HIGH,NORMAL,HIGH,HIGH,NORMAL,NORMAL,NORMAL,False,HIGH,NORMAL,LOW
HIGH,NORMAL,LOW,False,False,False,False,False,NORMAL,NORMAL,LOW,LOW,NORMAL,HIGH,ZERO,HIGH,HIGH,LOW,False,ZERO,NORMAL,NORMAL
LOW,NORMAL,LOW,False,False,False,False,False,NORMAL,NORMAL,LOW,LOW,NORMAL,NORMAL,ZERO,LOW,LOW,NORMAL,False,ZERO,NORMAL,NORMAL
LOW,NORMAL,LOW,False,False,False,False,False,HIGH,NORMAL,LOW,LOW,NORMAL,NORMAL,ZERO,LOW,LOW,HIGH,False,ZERO,NORMAL,HIGH
HIGH,NORMAL,ZERO,False,False,False,False,False,HIGH,NORMAL,ZERO,LOW,NORMAL,HIGH,HIGH,HIGH,HIGH,HIGH,False,NORMAL,NORMAL,LOW
HIGH,NORMAL,LOW,False,False,False,False,False,NORMAL,NORMAL,LOW,LOW,NORMAL,NORMAL,ZERO,HIGH,HIGH,NORMAL,False,ZERO,NORMAL,NORMAL
LOW,NORMAL,LOW,False,False,False,False,False,NORMAL,NORMAL,LOW,LOW,NORMAL,NORMAL,ZERO,NORMAL,LOW,NORMAL,False,ZERO,NORMAL,HIGH
HIGH,NORMAL,ZERO,False,False,False,False,False,NORMAL,NORMAL,LOW,LOW,NORMAL,HIGH,ZERO,HIGH,HIGH,NORMAL,False,NORMAL,NORMAL,NORMAL
HIGH,HIGH,HIGH,False,False,False,False,False,NORMAL,NORMAL,NORMAL,LOW,NORMAL,HIGH,HIGH,HIGH,HIGH,NORMAL,False,LOW,NORMAL,NORMAL
HIGH,NORMAL,LOW,False,False,False,True,False,HIGH,NORMAL,LOW,LOW,NORMAL,NORMAL,ZERO,HIGH,LOW,NORMAL,False,ZERO,NORMAL,HIGH
HIGH,HIGH,HIGH,False,False,False,True,False,NORMAL,NORMAL,ZERO,HIGH,NORMAL,HIGH,HIGH,HIGH,HIGH,NORMAL,False,HIGH,NORMAL,LOW
HIGH,NORMAL,LOW,True,False,False,True,True,LOW,NORMAL,LOW,LOW,NORMAL,LOW,ZERO,HIGH,HIGH,LOW,False,ZERO,NORMAL,LOW
LOW,NORMAL,LOW,False,False,False,False,False,NORMAL,NORMAL,LOW,LOW,NORMAL,HIGH,ZERO,HIGH,LOW,NORMAL,False,ZERO,NORMAL,HIGH
HIGH,NORMAL,LOW,False,False,True,False,False,NORMAL,NORMAL,LOW,LOW,NORMAL,HIGH,ZERO,NORMAL,NORMAL,LOW,False,ZERO,NORMAL,HIGH
HIGH,NORMAL,LOW,False,False,False,True,False,NORMAL,NORMAL,LOW,LOW,NORMAL,HIGH,ZERO,HIGH,HIGH,NORMAL,False,ZERO,NORMAL,HIGH
HIGH,NORMAL,LOW,False,False,False,False,False,NORMAL,NORMAL,LOW,LOW,HIGH,HIGH,ZERO,HIGH,HIGH,NORMAL,False,ZERO,NORMAL,HIGH
LOW,NORMAL,LOW,False,False,False,False,False,NORMAL,NORMAL,LOW,LOW,LOW,NORMAL,ZERO,LOW,LOW,NORMAL,False,ZERO,NORMAL,LOW
HIGH,NORMAL,LOW,False,False,False,False,False,HIGH,NORMAL,LOW,LOW,NORMAL,HIGH,ZERO,HIGH,HIGH,HIGH,False,ZERO,NORMAL,NORMAL
HIGH,NORMAL,LOW,False,False,False,True,False,NORMAL,NORMAL,LOW,LOW,NORMAL,LOW,ZERO,HIGH,HIGH,NORMAL,False,ZERO,NORMAL,NORMAL
HIGH,NORMAL,LOW,False,False,False,False,False,NORMAL,NORMAL,LOW,LOW,NORMAL,HIGH,ZERO,HIGH,HIGH,NORMAL,False,ZERO,NORMAL,HIGH
HIGH,NORMAL,LOW,False,False,True,False,False,NORMAL,NORMAL,LOW,LOW,NORMAL,HIGH,ZERO,NORMAL,NORMAL,NORMAL,False,ZERO,NORMAL,NORMAL
HIGH,NORMAL,LOW,False,False,False,False,False,NORMAL,ESOPHAGEAL,NORMAL,LOW,HIGH,HIGH,ZERO,HIGH,HIGH,NORMAL,False,ZERO,NORMAL,HIGH
LOW,ZERO,ZERO,False,False,False,False,False,HIGH,NORMAL,LOW,HIGH,HIGH,NORMAL,HIGH,LOW,LOW,HIGH,False,HIGH,NORMAL,HIGH
HIGH,NORMAL,LOW,False,False,False,True,False,NORMAL,NORMAL,LOW,LOW,NORMAL,HIGH,ZERO,HIGH,HIGH,NORMAL,False,ZERO,NORMAL,NORMAL
HIGH,NORMAL,LOW,False,False,False,False,False,HIGH,NORMAL,LOW,LOW,NORMAL,LOW,ZERO,HIGH,HIGH,HIGH,False,ZERO,NORMAL,HIGH
HIGH,NORMAL,LOW,False,False,False,False,False,NORMAL,NORMAL,LOW,LOW,NORMAL,HIGH,ZERO,HIGH,HIGH,NORMAL,False,ZERO,NORMAL,LOW
HIGH,HIGH,HIGH,False,False,False,False,False,HIGH,NORMAL,LOW,HIGH,NORMAL,LOW,HIGH,HIGH,HIGH,HIGH,False,HIGH,NORMAL,NORMAL
HIGH,NORMAL,LOW,False,False,False,False,False,NORMAL,NORMAL,LOW,LOW,NORMAL,LOW,ZERO,HIGH,HIGH,NORMAL,False,ZERO,NORMAL,NORMAL
HIGH,NORMAL,LOW,False,False,False,False,False,LOW,NORMAL,LOW,LOW,NORMAL,HIGH,LOW,HIGH,HIGH,LOW,False,ZERO,NORMAL,NORMAL
HIGH,NORMAL,LOW,False,False,False,False,False,NORMAL,NORMAL,LOW,LOW,NORMAL,HIGH,ZERO,HIGH,HIGH,NORMAL,False,ZERO,NORMAL,LOW
LOW,NORMAL,LOW,False,False,False,False,False,NORMAL,NORMAL,LOW,LOW,NORMAL,NORMAL,ZERO,LOW,LOW,NORMAL,False,ZERO,HIGH,HIGH
HIGH,NORMAL,LOW,False,False,False,False,False,NORMAL,NORMAL,LOW,LOW,NORMAL,HIGH,ZERO,HIGH,HIGH,NORMAL,False,ZERO,NORMAL,LOW
HIGH,NORMAL,LOW,False,False,False,False,False,NORMAL,NORMAL,LOW,LOW,NORMAL,HIGH,ZERO,HIGH,HIGH,NORMAL,False,ZERO,HIGH,HIGH
HIGH,NORMAL,LOW,False,False,False,False,False,NORMAL,NORMAL,LOW,LOW,NORMAL,HIGH,ZERO,HIGH,HIGH,NORMAL,False,ZERO,NORMAL,LOW
NORMAL,NORMAL,LOW,False,False,True,False,False,HIGH,NORMAL,LOW,LOW,NORMAL,HIGH,ZERO,NORMAL,NORMAL,HIGH,False,ZERO,NORMAL,NORMAL
HIGH,NORMAL,NORMAL,False,False,False,False,False,NORMAL,NORMAL,HIGH,LOW,NORMAL,HIGH,LOW,HIGH,HIGH,LOW,False,LOW,NORMAL,NORMAL
LOW,NORMAL,LOW,False,False,False,False,False,NORMAL,NORMAL,LOW,LOW,NORMAL,NORMAL,ZERO,LOW,LOW,NORMAL,False,ZERO,NORMAL,HIGH
HIGH,NORMAL,LOW,False,False,False,False,False,HIGH,NORMAL,LOW,LOW,NORMAL,HIGH,ZERO,HIGH,HIGH,HIGH,False,ZERO,NORMAL,LOW
LOW,ZERO,ZERO,False,False,False,False,False,NORMAL,NORMAL,LOW,HIGH,NORMAL,NORMAL,HIGH,LOW,LOW,NORMAL,False,HIGH,NORMAL,HIGH
LOW,HIGH,HIGH,False,False,False,False,False,NORMAL,ONESIDED,LOW,LOW,LOW,LOW,ZERO,LOW,LOW,NORMAL,False,ZERO,HIGH,LOW
HIGH,NORMAL,LOW,False,False,False,False,False,NORMAL,NORMAL,LOW,LOW,NORMAL,HIGH,NORMAL,HIGH,HIGH,NORMAL,False,ZERO,NORMAL,LOW
HIGH,NORMAL,LOW,False,False,False,False,False,NORMAL,NORMAL,LOW,LOW,NORMAL,HIGH,ZERO,HIGH,HIGH,NORMAL,False,ZERO,NORMAL,LOW
HIGH,NORMAL,LOW,False,False,False,False,False,NORMAL,ONESIDED,LOW,LOW,NORMAL,HIGH,NORMAL,HIGH,HIGH,NORMAL,True,NORMAL,HIGH,LOW
HIGH,NORMAL,LOW,False,False,False,True,False,HIGH,NORMAL,LOW,LOW,NORMAL,NORMAL,ZERO,HIGH,HIGH,HIGH,False,ZERO,NORMAL,LOW
HIGH,NORMAL,LOW,False,False,False,False,False,NORMAL,NORMAL,LOW,LOW,NORMAL,HIGH,ZERO,HIGH,HIGH,NORMAL,False,ZERO,NORMAL,HIGH
HIGH,NORMAL,LOW,False,False,False,False,False,NORMAL,NORMAL,LOW,LOW,NORMAL,HIGH,ZERO,HIGH,NORMAL,NORMAL,False,ZERO,NORMAL,LOW
LOW,LOW,ZERO,False,False,False,True,False,NORMAL,NORMAL,LOW,HIGH,NORMAL,LOW,HIGH,LOW,LOW,NORMAL,False,HIGH,NORMAL,HIGH
LOW,NORMAL,HIGH,False,False,False,False,False,NORMAL,NORMAL,LOW,HIGH,NORMAL,NORMAL,HIGH,LOW,LOW,NORMAL,False,HIGH,NORMAL,HIGH
HIGH,NORMAL,LOW,False,False,False,False,False,NORMAL,NORMAL,LOW,LOW,NORMAL,HIGH,ZERO,HIGH,HIGH,NORMAL,False,ZERO,NORMAL,LOW
HIGH,NORMAL,LOW,False,False,False,False,False,HIGH,NORMAL,LOW,LOW,NORMAL,HIGH,ZERO,HIGH,HIGH,HIGH,False,ZERO,NORMAL,LOW
HIGH,NORMAL,LOW,False,False,False,False,False,NORMAL,NORMAL,LOW,LOW,NORMAL,HIGH,ZERO,HIGH,HIGH,NORMAL,False,ZERO,NORMAL,NORMAL
HIGH,NORMAL,LOW,False,False,False,False,False,LOW,NORMAL,HIGH,LOW,NORMAL,HIGH,LOW,HIGH,HIGH,NORMAL,False,LOW,NORMAL,LOW
HIGH,NORMAL,ZERO,False,False,False,False,False,HIGH,NORMAL,LOW,LOW,NORMAL,HIGH,ZERO,HIGH,HIGH,NORMAL,False,ZERO,NORMAL,NORMAL
HIGH,NORMAL,LOW,False,False,False,False,False,NORMAL,NORMAL,LOW,LOW,NORMAL,HIGH,ZERO,HIGH,HIGH,NORMAL,False,ZERO,NORMAL,NORMAL
HIGH,NORMAL,LOW,False,False,True,False,False,LOW,NORMAL,LOW,LOW,NORMAL,HIGH,ZERO,NORMAL,NORMAL,LOW,False,ZERO,NORMAL,LOW
HIGH,NORMAL,LOW,True,False,True,False,False,NORMAL,NORMAL,LOW,LOW,NORMAL,NORMAL,ZERO,NORMAL,NORMAL,NORMAL,False,ZERO,NORMAL,LOW
HIGH,NORMAL,LOW,False,False,False,False,False,NORMAL,NORMAL,LOW,LOW,NORMAL,HIGH,ZERO,HIGH,HIGH,NORMAL,False,ZERO,NORMAL,LOW
HIGH,NORMAL,LOW,False,False,False,False,False,NORMAL,NORMAL,LOW,LOW,NORMAL,HIGH,ZERO,HIGH,HIGH,NORMAL,False,ZERO,NORMAL,LOW
HIGH,ZERO,ZERO,False,False,False,False,False,LOW,NORMAL,LOW,LOW,NORMAL,HIGH,ZERO,HIGH,HIGH,LOW,False,ZERO,NORMAL,NORMAL
HIGH,NORMAL,LOW,False,False,False,False,False,NORMAL,NORMAL,LOW,LOW,NORMAL,HIGH,ZERO,HIGH,HIGH,NORMAL,False,ZERO,NORMAL,LOW
HIGH,NORMAL,LOW,False,True,False,False,False,NORMAL,NORMAL,NORMAL,LOW,NORMAL,HIGH,ZERO,HIGH,HIGH,NORMAL,False,NORMAL,HIGH,LOW
HIGH,NORMAL,LOW,False,False,False,False,False,HIGH,NORMAL,LOW,LOW,LOW,HIGH,ZERO,HIGH,HIGH,HIGH,False,ZERO,NORMAL,NORMAL
HIGH,NORMAL,LOW,False,False,False,False,False,NORMAL,NORMAL,LOW,LOW,NORMAL,HIGH,ZERO,HIGH,HIGH,NORMAL,False,ZERO,NORMAL,HIGH
HIGH,NORMAL,LOW,False,False,False,False,False,NORMAL,NORMAL,LOW,LOW,NORMAL,HIGH,ZERO,HIGH,HIGH,NORMAL,False,ZERO,NORMAL,LOW
HIGH,NORMAL,NORMAL,False,False,False,False,False,HIGH,ESOPHAGEAL,LOW,LOW,NORMAL,HIGH,LOW,HIGH,HIGH,HIGH,False,LOW,NORMAL,NORMAL
HIGH,NORMAL,LOW,False,False,False,False,False,NORMAL,NORMAL,LOW,LOW,NORMAL,HIGH,ZERO,HIGH,HIGH,NORMAL,False,ZERO,HIGH,NORMAL
HIGH,NORMAL,LOW,False,False,False,False,False,HIGH,NORMAL,LOW,LOW,NORMAL,NORMAL,ZERO,HIGH,HIGH,HIGH,False,ZERO,HIGH,NORMAL
HIGH,NORMAL,LOW,False,False,False,False,False,NORMAL,NORMAL,LOW,LOW,HIGH,HIGH,ZERO,HIGH,HIGH,NORMAL,False,ZERO,NORMAL,LOW
HIGH,NORMAL,LOW,False,False,False,False,True,LOW,NORMAL,LOW,LOW,NORMAL,LOW,ZERO,HIGH,HIGH,LOW,False,ZERO,NORMAL,LOW
HIGH,NORMAL,LOW,False,False,False,False,False,NORMAL,ONESIDED,NORMAL,LOW,NORMAL,HIGH,ZERO,HIGH,HIGH,NORMAL,False,LOW,HIGH,LOW
HIGH,NORMAL,LOW,False,False,False,False,False,HIGH,NORMAL,LOW,LOW,NORMAL,LOW,ZERO,HIGH,HIGH,HIGH,False,ZERO,HIGH,HIGH
NORMAL,NORMAL,LOW,False,False,False,False,False,NORMAL,ONESIDED,NORMAL,LOW,NORMAL,NORMAL,ZERO,HIGH,HIGH,NORMAL,False,LOW,NORMAL,LOW
HIGH,NORMAL,LOW,False,False,False,False,False,HIGH,NORMAL,LOW,LOW,NORMAL,LOW,ZERO,HIGH,HIGH,HIGH,False,ZERO,NORMAL,HIGH
HIGH,NORMAL,LOW,False,False,False,False,False,NORMAL,NORMAL,LOW,LOW,NORMAL,HIGH,ZERO,HIGH,HIGH,NORMAL,False,ZERO,NORMAL,LOW
HIGH,ZERO,ZERO,False,False,False,False,False,LOW,NORMAL,LOW,HIGH,NORMAL,HIGH,HIGH,HIGH,HIGH,LOW,False,HIGH,NORMAL,LOW
HIGH,NORMAL,ZERO,False,False,False,False,False,NORMAL,NORMAL,LOW,LOW,NORMAL,HIGH,ZERO,HIGH,HIGH,NORMAL,False,ZERO,NORMAL,HIGH
LOW,HIGH,HIGH,False,False,False,False,False,NORMAL,NORMAL,LOW,HIGH,NORMAL,NORMAL,HIGH,LOW,LOW,NORMAL,False,HIGH,NORMAL,HIGH
HIGH,ZERO,ZERO,False,False,False,False,False,HIGH,NORMAL,LOW,HIGH,NORMAL,LOW,HIGH,HIGH,HIGH,HIGH,False,HIGH,NORMAL,NORMAL
LOW,NORMAL,LOW,False,False,False,False,False,NORMAL,ESOPHAGEAL,NORMAL,LOW,NORMAL,NORMAL,ZERO,LOW,LOW,NORMAL,False,ZERO,NORMAL,NORMAL
HIGH,NORMAL,LOW,False,False,False,True,False,NORMAL,NORMAL,LOW,LOW,NORMAL,LOW,ZERO,HIGH,HIGH,NORMAL,False,ZERO,NORMAL,LOW
HIGH,NORMAL,ZERO,False,False,False,False,False,NORMAL,NORMAL,LOW,HIGH,NORMAL,HIGH,HIGH,HIGH,HIGH,NORMAL,False,HIGH,NORMAL,NORMAL
HIGH,HIGH,HIGH,False,False,True,False,False,LOW,NORMAL,ZERO,HIGH,NORMAL,NORMAL,HIGH,NORMAL,NORMAL,LOW,False,HIGH,NORMAL,NORMAL
HIGH,LOW,ZERO,False,False,False,False,False,NORMAL,NORMAL,LOW,HIGH,NORMAL,HIGH,HIGH,HIGH,HIGH,NORMAL,False,HIGH,NORMAL,NORMAL
NORMAL,NORMAL,LOW,False,False,False,False,False,NORMAL,NORMAL,LOW,LOW,NORMAL,HIGH,ZERO,HIGH,HIGH,NORMAL,False,ZERO,NORMAL,NORMAL
HIGH,NORMAL,ZERO,False,False,False,False,False,NORMAL,NORMAL,LOW,LOW,NORMAL,HIGH,ZERO,HIGH,HIGH,NORMAL,False,ZERO,NORMAL,NORMAL
HIGH,NORMAL,LOW,False,False,False,False,False,NORMAL,NORMAL,ZERO,LOW,NORMAL,HIGH,ZERO,HIGH,HIGH,NORMAL,False,ZERO,NORMAL,NORMAL
HIGH,ZERO,ZERO,False,False,False,False,False,NORMAL,NORMAL,LOW,HIGH,NORMAL,LOW,HIGH,HIGH,HIGH,NORMAL,False,HIGH,NORMAL,NORMAL
HIGH,NORMAL,LOW,False,False,False,False,False,NORMAL,NORMAL,LOW,LOW,NORMAL,HIGH,ZERO,HIGH,HIGH,NORMAL,False,ZERO,NORMAL,NORMAL
HIGH,NORMAL,LOW,False,False,False,False,False,NORMAL,NORMAL,LOW,LOW,NORMAL,HIGH,ZERO,HIGH,HIGH,NORMAL,False,ZERO,NORMAL,NORMAL
HIGH,NORMAL,LOW,False,False,False,False,False,HIGH,NORMAL,LOW,LOW,NORMAL,HIGH,ZERO,HIGH,HIGH,HIGH,False,ZERO,HIGH,HIGH
LOW,NORMAL,LOW,False,False,False,False,False,NORMAL,NORMAL,LOW,LOW,LOW,LOW,ZERO,LOW,LOW,NORMAL,False,ZERO,NORMAL,NORMAL
HIGH,NORMAL,LOW,False,False,False,False,False,NORMAL,NORMAL,LOW,LOW,HIGH,HIGH,ZERO,HIGH,HIGH,NORMAL,False,ZERO,NORMAL,NORMAL
LOW,NORMAL,LOW,False,False,False,False,False,NORMAL,NORMAL,LOW,LOW,NORMAL,NORMAL,ZERO,LOW,LOW,NORMAL,False,ZERO,NORMAL,NORMAL
HIGH,NORMAL,LOW,False,False,False,False,False,HIGH,NORMAL,LOW,LOW,NORMAL,HIGH,ZERO,HIGH,HIGH,HIGH,False,ZERO,NORMAL,NORMAL
LOW,NORMAL,ZERO,False,False,False,False,False,HIGH,NORMAL,LOW,NORMAL,LOW,LOW,HIGH,LOW,NORMAL,HIGH,False,HIGH,NORMAL,HIGH
HIGH,LOW,ZERO,False,False,False,False,False,LOW,NORMAL,LOW,LOW,NORMAL,HIGH,ZERO,HIGH,HIGH,LOW,True,ZERO,NORMAL,NORMAL
HIGH,HIGH,HIGH,False,False,False,False,False,HIGH,NORMAL,LOW,HIGH,NORMAL,HIGH,HIGH,HIGH,HIGH,HIGH,False,HIGH,NORMAL,NORMAL
HIGH,NORMAL,LOW,False,False,False,True,False,NORMAL,NORMAL,LOW,LOW,NORMAL,HIGH,ZERO,HIGH,HIGH,NORMAL,False,ZERO,NORMAL,LOW
HIGH,NORMAL,LOW,False,False,False,False,False,NORMAL,NORMAL,LOW,LOW,NORMAL,HIGH,ZERO,HIGH,HIGH,NORMAL,False,ZERO,NORMAL,LOW
HIGH,NORMAL,LOW,False,False,True,False,False,NORMAL,NORMAL,LOW,LOW,NORMAL,HIGH,ZERO,NORMAL,NORMAL,NORMAL,True,ZERO,NORMAL,HIGH
NORMAL,NORMAL,LOW,False,False,True,False,False,NORMAL,NORMAL,LOW,LOW,NORMAL,LOW,ZERO,NORMAL,NORMAL,NORMAL,False,ZERO,NORMAL,LOW
HIGH,NORMAL,LOW,False,False,False,False,False,NORMAL,NORMAL,HIGH,LOW,NORMAL,HIGH,ZERO,HIGH,HIGH,NORMAL,False,ZERO,NORMAL,HIGH
LOW,NORMAL,LOW,False,False,False,False,False,NORMAL,ESOPHAGEAL,NORMAL,LOW,NORMAL,NORMAL,ZERO,LOW,LOW,NORMAL,False,ZERO,NORMAL,LOW
HIGH,NORMAL,LOW,False,False,False,False,False,HIGH,ESOPHAGEAL,ZERO,NORMAL,NORMAL,LOW,LOW,HIGH,HIGH,HIGH,False,LOW,NORMAL,LOW
HIGH,ZERO,ZERO,False,False,False,False,False,NORMAL,NORMAL,LOW,LOW,NORMAL,HIGH,ZERO,HIGH,HIGH,NORMAL,True,ZERO,NORMAL,HIGH
LOW,NORMAL,ZERO,False,False,False,False,False,NORMAL,NORMAL,LOW,HIGH,NORMAL,NORMAL,HIGH,LOW,LOW,NORMAL,False,HIGH,NORMAL,HIGH
LOW,NORMAL,LOW,False,False,False,False,False,LOW,NORMAL,LOW,LOW,NORMAL,NORMAL,ZERO,LOW,LOW,LOW,False,ZERO,NORMAL,LOW
LOW,NORMAL,LOW,False,False,False,False,False,HIGH,NORMAL,LOW,LOW,NORMAL,LOW,ZERO,LOW,LOW,HIGH,False,ZERO,NORMAL,HIGH
HIGH,NORMAL,ZERO,False,False,True,False,False,LOW,NORMAL,LOW,LOW,NORMAL,HIGH,ZERO,NORMAL,NORMAL,LOW,False,ZERO,NORMAL,NORMAL
HIGH,NORMAL,LOW,False,False,False,False,False,NORMAL,NORMAL,LOW,LOW,NORMAL,HIGH,ZERO,HIGH,HIGH,NORMAL,False,ZERO,NORMAL,NORMAL
HIGH,NORMAL,LOW,False,False,False,False,False,HIGH,NORMAL,LOW,LOW,NORMAL,HIGH,ZERO,HIGH,HIGH,HIGH,False,ZERO,NORMAL,NORMAL
LOW,NORMAL,LOW,False,False,False,False,False,HIGH,NORMAL,LOW,LOW,NORMAL,LOW,ZERO,HIGH,NORMAL,HIGH,False,ZERO,NORMAL,LOW
HIGH,ZERO,ZERO,False,False,False,False,False,NORMAL,NORMAL,LOW,HIGH,NORMAL,HIGH,HIGH,HIGH,HIGH,NORMAL,False,HIGH,NORMAL,LOW
HIGH,NORMAL,LOW,False,False,False,False,False,NORMAL,NORMAL,ZERO,HIGH,NORMAL,HIGH,ZERO,HIGH,HIGH,NORMAL,False,HIGH,NORMAL,NORMAL
HIGH,NORMAL,LOW,False,False,False,False,False,NORMAL,NORMAL,LOW,NORMAL,NORMAL,HIGH,ZERO,HIGH,HIGH,NORMAL,False,ZERO,HIGH,HIGH
HIGH,NORMAL,LOW,False,False,False,False,False,NORMAL,NORMAL,LOW,LOW,NORMAL,HIGH,ZERO,HIGH,LOW,NORMAL,False,ZERO,NORMAL,HIGH
HIGH,NORMAL,LOW,False,False,True,False,False,NORMAL,ONESIDED,NORMAL,LOW,NORMAL,HIGH,LOW,NORMAL,NORMAL,NORMAL,False,LOW,HIGH,HIGH
HIGH,NORMAL,LOW,False,False,False,True,False,NORMAL,NORMAL,LOW,LOW,NORMAL,HIGH,ZERO,HIGH,HIGH,NORMAL,False,ZERO,NORMAL,LOW
HIGH,NORMAL,LOW,False,False,False,True,False,HIGH,NORMAL,LOW,LOW,NORMAL,HIGH,ZERO,HIGH,HIGH,HIGH,False,ZERO,NORMAL,HIGH
HIGH,NORMAL,LOW,False,False,False,False,False,LOW,NORMAL,ZERO,LOW,NORMAL,HIGH,ZERO,HIGH,HIGH,LOW,False,ZERO,NORMAL,LOW
LOW,ZERO,ZERO,False,False,False,False,False,NORMAL,NORMAL,LOW,HIGH,NORMAL,NORMAL,HIGH,LOW,LOW,NORMAL,False,HIGH,NORMAL,HIGH
HIGH,NORMAL,LOW,False,False,True,False,True,LOW,NORMAL,LOW,LOW,NORMAL,LOW,ZERO,NORMAL,NORMAL,LOW,False,ZERO,NORMAL,NORMAL
HIGH,NORMAL,LOW,False,False,False,False,False,NORMAL,NORMAL,LOW,LOW,NORMAL,HIGH,ZERO,HIGH,HIGH,NORMAL,False,ZERO,NORMAL,LOW
HIGH,HIGH,HIGH,False,False,False,True,False,NORMAL,NORMAL,LOW,HIGH,NORMAL,HIGH,HIGH,HIGH,HIGH,NORMAL,False,HIGH,NORMAL,NORMAL
HIGH,NORMAL,LOW,False,False,False,False,False,HIGH,NORMAL,LOW,LOW,NORMAL,HIGH,ZERO,HIGH,HIGH,HIGH,False,ZERO,NORMAL,LOW
HIGH,NORMAL,LOW,False,False,True,True,False,HIGH,NORMAL,LOW,LOW,NORMAL,HIGH,ZERO,NORMAL,NORMAL,NORMAL,False,ZERO,NORMAL,HIGH
HIGH,NORMAL,ZERO,False,False,False,True,False,NORMAL,NORMAL,LOW,LOW,NORMAL,HIGH,ZERO,HIGH,HIGH,NORMAL,True,ZERO,NORMAL,NORMAL
LOW,NORMAL,LOW,False,False,False,False,False,LOW,NORMAL,LOW,LOW,NORMAL,NORMAL,ZERO,LOW,LOW,LOW,False,ZERO,NORMAL,HIGH
HIGH,NORMAL,LOW,False,False,False,False,False,HIGH,NORMAL,LOW,LOW,NORMAL,NORMAL,ZERO,HIGH,HIGH,HIGH,False,ZERO,NORMAL,LOW
HIGH,NORMAL,LOW,False,False,False,False,False,NORMAL,NORMAL,LOW,LOW,NORMAL,HIGH,ZERO,HIGH,HIGH,NORMAL,False,ZERO,NORMAL,LOW
HIGH,NORMAL,LOW,False,False,False,False,False,HIGH,NORMAL,LOW,LOW,NORMAL,HIGH,ZERO,HIGH,HIGH,HIGH,False,ZERO,NORMAL,LOW
HIGH,NORMAL,LOW,False,False,False,False,False,NORMAL,NORMAL,LOW,LOW,NORMAL,HIGH,ZERO,HIGH,HIGH,NORMAL,False,ZERO,NORMAL,NORMAL
HIGH,NORMAL,LOW,False,False,False,False,False,NORMAL,NORMAL,LOW,LOW,NORMAL,HIGH,ZERO,HIGH,HIGH,NORMAL,False,ZERO,NORMAL,LOW
HIGH,NORMAL,LOW,False,False,False,False,False,NORMAL,NORMAL,LOW,LOW,NORMAL,HIGH,ZERO,HIGH,HIGH,NORMAL,False,ZERO,NORMAL,NORMAL
HIGH,NORMAL,LOW,False,False,False,False,False,HIGH,NORMAL,LOW,LOW,NORMAL,HIGH,ZERO,HIGH,HIGH,HIGH,True,ZERO,NORMAL,NORMAL
LOW,NORMAL,LOW,False,False,False,False,False,NORMAL,NORMAL,LOW,LOW,NORMAL,HIGH,ZERO,LOW,LOW,NORMAL,False,ZERO,NORMAL,LOW
HIGH,ZERO,ZERO,False,False,True,False,False,NORMAL,NORMAL,ZERO,LOW,NORMAL,HIGH,ZERO,NORMAL,NORMAL,NORMAL,False,ZERO,NORMAL,NORMAL
HIGH,NORMAL,LOW,False,False,False,False,False,NORMAL,NORMAL,LOW,LOW,NORMAL,HIGH,ZERO,HIGH,HIGH,NORMAL,False,ZERO,NORMAL,NORMAL
HIGH,NORMAL,LOW,False,False,False,False,False,NORMAL,ESOPHAGEAL,NORMAL,LOW,NORMAL,HIGH,ZERO,HIGH,HIGH,NORMAL,False,ZERO,NORMAL,NORMAL
LOW,NORMAL,ZERO,False,False,False,False,False,HIGH,ONESIDED,LOW,LOW,NORMAL,LOW,NORMAL,LOW,LOW,HIGH,False,NORMAL,HIGH,HIGH
HIGH,NORMAL,LOW,False,False,False,False,False,NORMAL,NORMAL,LOW,LOW,HIGH,HIGH,ZERO,HIGH,HIGH,NORMAL,False,ZERO,NORMAL,NORMAL
LOW,NORMAL,ZERO,False,False,False,False,False,HIGH,NORMAL,LOW,HIGH,NORMAL,LOW,HIGH,LOW,LOW,HIGH,False,HIGH,NORMAL,HIGH
HIGH,NORMAL,LOW,False,False,False,False,False,LOW,NORMAL,LOW,LOW,NORMAL,HIGH,ZERO,HIGH,HIGH,LOW,False,ZERO,NORMAL,NORMAL
HIGH,NORMAL,LOW,False,False,False,False,False,NORMAL,NORMAL,LOW,LOW,NORMAL,HIGH,ZERO,HIGH,HIGH,NORMAL,False,ZERO,NORMAL,NORMAL
HIGH,NORMAL,LOW,False,False,False,False,False,NORMAL,ESOPHAGEAL,NORMAL,LOW,NORMAL,HIGH,LOW,HIGH,HIGH,NORMAL,False,LOW,NORMAL,HIGH
LOW,NORMAL,LOW,False,False,False,True,False,NORMAL,NORMAL,LOW,LOW,NORMAL,NORMAL,ZERO,LOW,LOW,NORMAL,False,ZERO,NORMAL,LOW
HIGH,NORMAL,LOW,False,False,False,False,False,NORMAL,NORMAL,HIGH,LOW,NORMAL,NORMAL,LOW,HIGH,HIGH,NORMAL,False,LOW,NORMAL,NORMAL
HIGH,NORMAL,LOW,False,False,False,False,False,NORMAL,NORMAL,LOW,LOW,NORMAL,HIGH,ZERO,HIGH,HIGH,NORMAL,False,ZERO,NORMAL,HIGH
HIGH,LOW,ZERO,False,False,False,False,False,NORMAL,NORMAL,LOW,LOW,HIGH,HIGH,HIGH,HIGH,HIGH,NORMAL,False,HIGH,NORMAL,HIGH
LOW,LOW,ZERO,False,False,False,False,False,HIGH,NORMAL,ZERO,HIGH,NORMAL,NORMAL,HIGH,LOW,LOW,HIGH,False,HIGH,NORMAL,HIGH
HIGH,NORMAL,LOW,False,False,False,False,False,NORMAL,NORMAL,LOW,LOW,NORMAL,HIGH,ZERO,HIGH,HIGH,NORMAL,False,ZERO,NORMAL,HIGH
HIGH,NORMAL,LOW,False,False,False,False,False,NORMAL,NORMAL,LOW,LOW,NORMAL,HIGH,ZERO,HIGH,HIGH,NORMAL,False,ZERO,NORMAL,NORMAL
HIGH,NORMAL,LOW,False,False,False,False,False,NORMAL,NORMAL,ZERO,LOW,NORMAL,NORMAL,ZERO,LOW,LOW,NORMAL,False,ZERO,NORMAL,HIGH
HIGH,NORMAL,LOW,False,False,False,False,False,HIGH,NORMAL,LOW,LOW,NORMAL,HIGH,ZERO,HIGH,HIGH,LOW,False,ZERO,NORMAL,NORMAL
NORMAL,NORMAL,LOW,False,False,False,False,False,NORMAL,NORMAL,LOW,LOW,NORMAL,HIGH,ZERO,HIGH,HIGH,HIGH,False,ZERO,NORMAL,NORMAL
HIGH,NORMAL,LOW,False,False,False,False,False,NORMAL,NORMAL,LOW,LOW,NORMAL,HIGH,ZERO,HIGH,HIGH,NORMAL,False,ZERO,NORMAL,NORMAL
HIGH,NORMAL,LOW,False,False,False,False,False,NORMAL,NORMAL,LOW,LOW,NORMAL,HIGH,ZERO,HIGH,HIGH,NORMAL,False,ZERO,NORMAL,NORMAL
HIGH,NORMAL,LOW,False,False,True,False,False,NORMAL,NORMAL,LOW,LOW,NORMAL,HIGH,ZERO,NORMAL,NORMAL,NORMAL,False,ZERO,NORMAL,HIGH
LOW,NORMAL,ZERO,False,False,False,False,False,HIGH,NORMAL,LOW,HIGH,NORMAL,LOW,HIGH,LOW,LOW,HIGH,False,HIGH,NORMAL,NORMAL
LOW,NORMAL,LOW,False,False,False,False,False,NORMAL,NORMAL,LOW,LOW,NORMAL,NORMAL,ZERO,LOW,LOW,NORMAL,False,ZERO,NORMAL,LOW
LOW,NORMAL,LOW,False,False,False,False,False,NORMAL,ESOPHAGEAL,LOW,LOW,NORMAL,NORMAL,LOW,LOW,LOW,NORMAL,False,LOW,NORMAL,HIGH
HIGH,NORMAL,LOW,False,False,False,False,False,NORMAL,NORMAL,LOW,LOW,NORMAL,HIGH,ZERO,HIGH,HIGH,NORMAL,False,ZERO,NORMAL,HIGH
LOW,NORMAL,ZERO,False,False,False,True,False,HIGH,NORMAL,LOW,HIGH,NORMAL,NORMAL,HIGH,LOW,LOW,HIGH,False,HIGH,NORMAL,HIGH
LOW,NORMAL,LOW,False,False,True,False,False,NORMAL,NORMAL,LOW,LOW,NORMAL,NORMAL,ZERO,HIGH,NORMAL,NORMAL,False,ZERO,NORMAL,HIGH
HIGH,NORMAL,LOW,False,False,False,False,False,NORMAL,NORMAL,LOW,LOW,NORMAL,HIGH,ZERO,HIGH,HIGH,LOW,False,ZERO,NORMAL,HIGH
HIGH,ZERO,ZERO,False,False,False,False,False,NORMAL,ONESIDED,LOW,LOW,NORMAL,HIGH,NORMAL,HIGH,HIGH,NORMAL,False,NORMAL,HIGH,NORMAL
HIGH,NORMAL,LOW,False,False,True,True,False,NORMAL,NORMAL,LOW,LOW,NORMAL,HIGH,ZERO,NORMAL,NORMAL,NORMAL,False,ZERO,NORMAL,HIGH
HIGH,NORMAL,LOW,False,False,False,False,True,LOW,NORMAL,LOW,LOW,NORMAL,NORMAL,ZERO,HIGH,HIGH,LOW,False,ZERO,NORMAL,HIGH
HIGH,NORMAL,LOW,False,False,False,False,False,NORMAL,NORMAL,LOW,LOW,HIGH,LOW,ZERO,HIGH,HIGH,NORMAL,False,ZERO,NORMAL,NORMAL
HIGH,NORMAL,LOW,False,False,False,False,False,LOW,ONESIDED,LOW,LOW,NORMAL,NORMAL,NORMAL,HIGH,HIGH,LOW,False,NORMAL,HIGH,LOW
LOW,NORMAL,LOW,False,False,False,False,False,NORMAL,ESOPHAGEAL,NORMAL,LOW,NORMAL,HIGH,ZERO,HIGH,NORMAL,NORMAL,False,ZERO,NORMAL,HIGH
HIGH,HIGH,HIGH,False,False,False,False,True,LOW,NORMAL,ZERO,HIGH,NORMAL,LOW,HIGH,HIGH,HIGH,LOW,False,HIGH,NORMAL,NORMAL
HIGH,NORMAL,LOW,False,False,False,False,False,HIGH,NORMAL,LOW,LOW,NORMAL,LOW,HIGH,HIGH,HIGH,HIGH,False,ZERO,NORMAL,LOW
HIGH,NORMAL,LOW,False,False,True,False,False,HIGH,NORMAL,LOW,LOW,NORMAL,HIGH,ZERO,NORMAL,NORMAL,HIGH,False,ZERO,NORMAL,HIGH
HIGH,NORMAL,LOW,False,False,False,True,False,NORMAL,NORMAL,LOW,LOW,NORMAL,HIGH,ZERO,HIGH,HIGH,NORMAL,False,ZERO,NORMAL,LOW
LOW,NORMAL,LOW,False,False,False,False,True,LOW,NORMAL,LOW,LOW,NORMAL,LOW,ZERO,LOW,NORMAL,LOW,False,ZERO,NORMAL,NORMAL
HIGH,NORMAL,LOW,False,False,False,False,False,LOW,ESOPHAGEAL,NORMAL,LOW,NORMAL,HIGH,ZERO,HIGH,HIGH,LOW,False,ZERO,NORMAL,LOW
HIGH,NORMAL,LOW,True,False,False,False,False,HIGH,NORMAL,LOW,LOW,NORMAL,HIGH,ZERO,HIGH,HIGH,HIGH,False,ZERO,NORMAL,LOW
HIGH,NORMAL,LOW,False,False,False,False,False,NORMAL,NORMAL,LOW,LOW,NORMAL,HIGH,ZERO,HIGH,HIGH,NORMAL,False,ZERO,NORMAL,HIGH
LOW,LOW,ZERO,False,False,False,False,False,NORMAL,NORMAL,LOW,HIGH,HIGH,NORMAL,HIGH,LOW,LOW,NORMAL,False,HIGH,NORMAL,HIGH
HIGH,NORMAL,LOW,False,False,False,False,False,NORMAL,NORMAL,LOW,LOW,NORMAL,HIGH,ZERO,HIGH,HIGH,NORMAL,False,ZERO,NORMAL,NORMAL
LOW,NORMAL,LOW,False,False,False,False,True,LOW,NORMAL,LOW,LOW,NORMAL,LOW,ZERO,LOW,LOW,NORMAL,False,ZERO,NORMAL,HIGH
HIGH,HIGH,HIGH,False,False,False,False,False,HIGH,NORMAL,LOW,HIGH,NORMAL,LOW,HIGH,HIGH,HIGH,HIGH,False,HIGH,NORMAL,NORMAL
HIGH,NORMAL,LOW,False,False,False,False,False,NORMAL,NORMAL,LOW,LOW,NORMAL,HIGH,ZERO,HIGH,HIGH,NORMAL,False,ZERO,NORMAL,NORMAL
HIGH,NORMAL,LOW,False,False,True,False,False,NORMAL,NORMAL,LOW,LOW,NORMAL,HIGH,ZERO,NORMAL,NORMAL,LOW,False,ZERO,NORMAL,HIGH
HIGH,NORMAL,LOW,False,False,False,False,False,LOW,NORMAL,LOW,LOW,NORMAL,HIGH,ZERO,HIGH,HIGH,LOW,False,ZERO,NORMAL,HIGH
LOW,NORMAL,ZERO,False,False,False,False,False,NORMAL,NORMAL,LOW,HIGH,NORMAL,NORMAL,HIGH,LOW,LOW,HIGH,False,HIGH,NORMAL,HIGH
HIGH,NORMAL,LOW,False,False,False,False,False,NORMAL,NORMAL,LOW,LOW,NORMAL,NORMAL,ZERO,HIGH,HIGH,NORMAL,False,ZERO,NORMAL,NORMAL
LOW,NORMAL,ZERO,False,False,True,False,False,NORMAL,NORMAL,ZERO,NORMAL,NORMAL,NORMAL,NORMAL,HIGH,NORMAL,NORMAL,False,HIGH,NORMAL,NORMAL
HIGH,ZERO,ZERO,False,False,False,False,False,HIGH,NORMAL,LOW,HIGH,LOW,NORMAL,HIGH,LOW,LOW,HIGH,False,HIGH,NORMAL,HIGH
HIGH,NORMAL,LOW,False,False,False,False,False,NORMAL,NORMAL,LOW,LOW,NORMAL,HIGH,ZERO,HIGH,HIGH,NORMAL,False,ZERO,NORMAL,NORMAL
LOW,NORMAL,LOW,False,False,False,False,False,HIGH,NORMAL,LOW,LOW,NORMAL,NORMAL,ZERO,LOW,LOW,HIGH,False,ZERO,NORMAL,LOW
HIGH,NORMAL,LOW,False,False,False,False,False,HIGH,NORMAL,LOW,LOW,NORMAL,HIGH,ZERO,HIGH,HIGH,HIGH,False,ZERO,NORMAL,HIGH
HIGH,NORMAL,ZERO,False,False,False,False,False,NORMAL,ONESIDED,LOW,LOW,NORMAL,HIGH,NORMAL,HIGH,HIGH,NORMAL,False,NORMAL,HIGH,NORMAL
HIGH,NORMAL,LOW,False,False,False,False,False,NORMAL,NORMAL,LOW,LOW,NORMAL,HIGH,ZERO,HIGH,HIGH,NORMAL,False,ZERO,NORMAL,LOW
HIGH,NORMAL,LOW,False,False,False,False,False,NORMAL,NORMAL,LOW,LOW,NORMAL,HIGH,ZERO,HIGH,HIGH,NORMAL,False,ZERO,NORMAL,NORMAL
LOW,NORMAL,LOW,False,False,False,False,False,HIGH,NORMAL,LOW,LOW,NORMAL,NORMAL,ZERO,LOW,LOW,HIGH,False,ZERO,HIGH,HIGH
HIGH,NORMAL,LOW,False,False,False,False,False,NORMAL,NORMAL,LOW,LOW,NORMAL,HIGH,ZERO,HIGH,HIGH,NORMAL,False,ZERO,NORMAL,LOW
HIGH,ZERO,ZERO,False,False,False,True,False,HIGH,NORMAL,LOW,LOW,NORMAL,HIGH,ZERO,HIGH,HIGH,HIGH,False,ZERO,HIGH,NORMAL
HIGH,NORMAL,LOW,False,False,False,False,False,NORMAL,NORMAL,LOW,LOW,NORMAL,HIGH,ZERO,HIGH,HIGH,NORMAL,False,ZERO,NORMAL,NORMAL
HIGH,NORMAL,LOW,False,False,False,False,False,HIGH,ONESIDED,NORMAL,NORMAL,NORMAL,HIGH,ZERO,HIGH,HIGH,HIGH,False,LOW,HIGH,NORMAL
HIGH,NORMAL,LOW,False,False,False,False,False,NORMAL,NORMAL,LOW,LOW,NORMAL,HIGH,ZERO,HIGH,HIGH,NORMAL,False,ZERO,NORMAL,HIGH
LOW,NORMAL,LOW,False,False,True,False,False,HIGH,NORMAL,LOW,LOW,NORMAL,NORMAL,ZERO,NORMAL,HIGH,HIGH,False,NORMAL,NORMAL,HIGH
HIGH,NORMAL,LOW,False,False,False,False,False,HIGH,ESOPHAGEAL,NORMAL,LOW,NORMAL,LOW,ZERO,HIGH,HIGH,HIGH,False,ZERO,NORMAL,HIGH
HIGH,NORMAL,HIGH,False,False,False,False,False,NORMAL,NORMAL,LOW,HIGH,NORMAL,HIGH,HIGH,HIGH,HIGH,NORMAL,False,HIGH,NORMAL,NORMAL
HIGH,LOW,ZERO,False,False,True,False,False,NORMAL,NORMAL,NORMAL,LOW,NORMAL,HIGH,HIGH,NORMAL,NORMAL,NORMAL,False,LOW,NORMAL,HIGH
LOW,NORMAL,LOW,False,False,False,False,False,NORMAL,ESOPHAGEAL,NORMAL,LOW,NORMAL,NORMAL,ZERO,LOW,LOW,NORMAL,False,ZERO,NORMAL,HIGH
HIGH,NORMAL,LOW,False,False,False,False,False,NORMAL,NORMAL,LOW,LOW,NORMAL,HIGH,ZERO,HIGH,HIGH,NORMAL,False,ZERO,NORMAL,LOW
HIGH,NORMAL,LOW,False,False,False,False,False,NORMAL,NORMAL,LOW,LOW,NORMAL,HIGH,ZERO,HIGH,HIGH,NORMAL,False,ZERO,NORMAL,NORMAL
HIGH,NORMAL,LOW,False,False,False,False,False,HIGH,NORMAL,LOW,LOW,NORMAL,LOW,ZERO,HIGH,HIGH,HIGH,False,ZERO,NORMAL,HIGH
HIGH,LOW,ZERO,False,False,False,False,False,LOW,NORMAL,LOW,LOW,NORMAL,NORMAL,ZERO,HIGH,HIGH,LOW,True,ZERO,NORMAL,NORMAL
LOW,HIGH,HIGH,False,False,False,False,False,NORMAL,ESOPHAGEAL,NORMAL,HIGH,HIGH,NORMAL,LOW,LOW,LOW,LOW,False,HIGH,NORMAL,NORMAL
HIGH,NORMAL,LOW,False,False,False,False,False,NORMAL,NORMAL,LOW,LOW,NORMAL,HIGH,ZERO,HIGH,HIGH,NORMAL,False,ZERO,NORMAL,NORMAL
HIGH,NORMAL,LOW,False,False,True,False,False,NORMAL,NORMAL,LOW,LOW,NORMAL,NORMAL,ZERO,NORMAL,NORMAL,NORMAL,False,ZERO,NORMAL,HIGH
HIGH,NORMAL,LOW,False,False,False,False,False,NORMAL,NORMAL,LOW,LOW,NORMAL,HIGH,ZERO,HIGH,HIGH,NORMAL,False,ZERO,NORMAL,HIGH
HIGH,NORMAL,LOW,False,False,False,False,False,HIGH,NORMAL,LOW,LOW,NORMAL,LOW,ZERO,HIGH,HIGH,HIGH,False,NORMAL,NORMAL,NORMAL
HIGH,LOW,ZERO,False,False,False,False,False,HIGH,NORMAL,LOW,HIGH,NORMAL,HIGH,HIGH,HIGH,HIGH,HIGH,False,HIGH,NORMAL,NORMAL
HIGH,NORMAL,LOW,False,False,False,False,False,NORMAL,NORMAL,LOW,LOW,NORMAL,HIGH,ZERO,HIGH,HIGH,NORMAL,False,ZERO,NORMAL,HIGH
LOW,LOW,ZERO,False,False,False,False,False,NORMAL,NORMAL,LOW,HIGH,NORMAL,NORMAL,HIGH,LOW,LOW,NORMAL,False,HIGH,NORMAL,HIGH
HIGH,HIGH,ZERO,True,False,False,False,False,NORMAL,NORMAL,LOW,HIGH,NORMAL,HIGH,HIGH,HIGH,HIGH,NORMAL,False,HIGH,NORMAL,LOW
LOW,NORMAL,LOW,False,False,False,False,False,NORMAL,NORMAL,ZERO,HIGH,NORMAL,NORMAL,HIGH,LOW,LOW,NORMAL,False,HIGH,NORMAL,LOW
LOW,NORMAL,LOW,False,False,False,False,False,NORMAL,NORMAL,LOW,LOW,NORMAL,NORMAL,ZERO,LOW,LOW,NORMAL,False,LOW,NORMAL,NORMAL
HIGH,NORMAL,LOW,False,False,False,False,False,HIGH,NORMAL,LOW,LOW,NORMAL,NORMAL,ZERO,HIGH,HIGH,HIGH,False,ZERO,NORMAL,NORMAL
LOW,HIGH,HIGH,False,False,False,False,False,NORMAL,NORMAL,LOW,NORMAL,NORMAL,NORMAL,HIGH,LOW,LOW,NORMAL,False,HIGH,NORMAL,HIGH
LOW,HIGH,HIGH,False,False,False,False,False,NORMAL,NORMAL,LOW,HIGH,NORMAL,NORMAL,HIGH,LOW,LOW,NORMAL,False,HIGH,NORMAL,HIGH
LOW,ZERO,ZERO,False,False,False,False,False,LOW,NORMAL,LOW,HIGH,NORMAL,LOW,HIGH,LOW,LOW,NORMAL,False,HIGH,NORMAL,LOW
HIGH,NORMAL,LOW,False,False,False,False,False,HIGH,NORMAL,LOW,LOW,NORMAL,LOW,ZERO,HIGH,HIGH,HIGH,False,ZERO,NORMAL,LOW
NORMAL,HIGH,HIGH,False,False,False,False,True,LOW,NORMAL,ZERO,HIGH,NORMAL,LOW,HIGH,HIGH,HIGH,LOW,False,HIGH,NORMAL,LOW
HIGH,NORMAL,ZERO,False,True,False,False,False,NORMAL,NORMAL,LOW,HIGH,HIGH,HIGH,HIGH,HIGH,HIGH,NORMAL,False,HIGH,HIGH,HIGH
HIGH,NORMAL,LOW,False,False,False,False,False,NORMAL,NORMAL,LOW,LOW,NORMAL,HIGH,ZERO,HIGH,HIGH,NORMAL,False,ZERO,NORMAL,LOW
HIGH,NORMAL,LOW,False,False,False,False,False,NORMAL,NORMAL,ZERO,LOW,NORMAL,HIGH,ZERO,HIGH,HIGH,NORMAL,False,ZERO,HIGH,LOW
HIGH,NORMAL,LOW,False,False,False,False,False,NORMAL,NORMAL,LOW,LOW,NORMAL,HIGH,ZERO,HIGH,HIGH,NORMAL,False,ZERO,NORMAL,NORMAL
HIGH,LOW,ZERO,False,False,False,False,False,NORMAL,NORMAL,LOW,HIGH,NORMAL,HIGH,HIGH,HIGH,HIGH,NORMAL,False,HIGH,NORMAL,LOW
HIGH,NORMAL,LOW,False,False,False,False,False,NORMAL,NORMAL,LOW,LOW,NORMAL,LOW,ZERO,HIGH,HIGH,LOW,False,ZERO,NORMAL,HIGH
HIGH,LOW,ZERO,False,False,False,False,False,NORMAL,NORMAL,LOW,HIGH,NORMAL,NORMAL,HIGH,HIGH,HIGH,NORMAL,False,HIGH,NORMAL,NORMAL
LOW,NORMAL,LOW,False,False,False,False,False,HIGH,NORMAL,LOW,LOW,NORMAL,NORMAL,ZERO,LOW,LOW,HIGH,False,ZERO,NORMAL,LOW
LOW,NORMAL,LOW,False,False,False,False,False,NORMAL,NORMAL,LOW,LOW,NORMAL,LOW,ZERO,LOW,LOW,NORMAL,False,ZERO,NORMAL,LOW
HIGH,NORMAL,LOW,False,False,True,False,False,NORMAL,NORMAL,LOW,LOW,NORMAL,HIGH,ZERO,NORMAL,NORMAL,NORMAL,False,ZERO,NORMAL,NORMAL
HIGH,NORMAL,LOW,False,True,False,False,False,NORMAL,NORMAL,HIGH,HIGH,HIGH,HIGH,ZERO,HIGH,HIGH,NORMAL,False,HIGH,HIGH,NORMAL
HIGH,NORMAL,LOW,False,False,False,False,False,HIGH,NORMAL,LOW,LOW,NORMAL,HIGH,ZERO,HIGH,HIGH,HIGH,False,ZERO,NORMAL,NORMAL
NORMAL,LOW,ZERO,False,False,False,False,False,NORMAL,NORMAL,LOW,LOW,NORMAL,HIGH,ZERO,HIGH,HIGH,NORMAL,False,ZERO,NORMAL,LOW
HIGH,NORMAL,LOW,False,False,False,False,False,NORMAL,NORMAL,LOW,LOW,NORMAL,HIGH,ZERO,HIGH,HIGH,NORMAL,False,ZERO,NORMAL,NORMAL
HIGH,NORMAL,LOW,False,False,True,False,False,NORMAL,NORMAL,LOW,LOW,NORMAL,HIGH,ZERO,NORMAL,NORMAL,NORMAL,False,ZERO,NORMAL,HIGH
HIGH,LOW,ZERO,False,False,False,False,False,HIGH,NORMAL,LOW,HIGH,NORMAL,LOW,NORMAL,HIGH,HIGH,HIGH,False,HIGH,HIGH,LOW
LOW,NORMAL,LOW,False,False,True,False,False,NORMAL,NORMAL,LOW,LOW,NORMAL,NORMAL,ZERO,NORMAL,HIGH,NORMAL,False,LOW,NORMAL,HIGH
HIGH,NORMAL,LOW,False,False,False,False,False,HIGH,NORMAL,LOW,LOW,NORMAL,HIGH,ZERO,HIGH,HIGH,HIGH,False,ZERO,NORMAL,LOW
HIGH,NORMAL,LOW,False,False,True,False,False,HIGH,ONESIDED,NORMAL,NORMAL,NORMAL,HIGH,LOW,HIGH,NORMAL,HIGH,False,LOW,HIGH,NORMAL
HIGH,NORMAL,LOW,False,False,True,False,False,NORMAL,NORMAL,LOW,LOW,HIGH,HIGH,ZERO,NORMAL,NORMAL,NORMAL,False,ZERO,NORMAL,LOW
HIGH,NORMAL,LOW,False,False,False,True,False,NORMAL,NORMAL,LOW,LOW,NORMAL,HIGH,ZERO,HIGH,HIGH,NORMAL,False,ZERO,NORMAL,NORMAL
LOW,NORMAL,LOW,False,False,False,False,False,NORMAL,NORMAL,LOW,LOW,NORMAL,NORMAL,ZERO,LOW,HIGH,NORMAL,False,ZERO,NORMAL,HIGH
HIGH,NORMAL,LOW,False,False,False,False,True,LOW,NORMAL,LOW,LOW,NORMAL,NORMAL,ZERO,HIGH,HIGH,LOW,False,ZERO,NORMAL,LOW
HIGH,ZERO,ZERO,False,False,False,False,False,NORMAL,NORMAL,LOW,HIGH,NORMAL,HIGH,HIGH,HIGH,HIGH,NORMAL,False,HIGH,NORMAL,LOW
HIGH,NORMAL,LOW,False,False,False,False,False,HIGH,NORMAL,LOW,HIGH,NORMAL,HIGH,HIGH,HIGH,HIGH,HIGH,False,HIGH,NORMAL,LOW
HIGH,NORMAL,HIGH,False,False,False,False,False,NORMAL,NORMAL,LOW,HIGH,NORMAL,HIGH,HIGH,HIGH,HIGH,NORMAL,False,HIGH,NORMAL,LOW
HIGH,NORMAL,LOW,False,False,True,False,False,NORMAL,NORMAL,LOW,LOW,NORMAL,HIGH,ZERO,NORMAL,NORMAL,NORMAL,False,ZERO,NORMAL,LOW
HIGH,NORMAL,LOW,False,False,False,False,False,NORMAL,NORMAL,LOW,LOW,NORMAL,HIGH,ZERO,HIGH,HIGH,NORMAL,False,ZERO,NORMAL,NORMAL
HIGH,NORMAL,LOW,False,False,False,False,False,NORMAL,NORMAL,LOW,LOW,NORMAL,HIGH,ZERO,HIGH,HIGH,NORMAL,False,ZERO,NORMAL,NORMAL
HIGH,NORMAL,LOW,False,False,True,False,False,NORMAL,NORMAL,LOW,LOW,NORMAL,HIGH,ZERO,NORMAL,NORMAL,NORMAL,False,ZERO,NORMAL,NORMAL
HIGH,HIGH,ZERO,False,False,False,False,False,NORMAL,NORMAL,LOW,LOW,NORMAL,HIGH,ZERO,HIGH,HIGH,NORMAL,False,ZERO,NORMAL,NORMAL
HIGH,NORMAL,LOW,False,False,False,False,False,NORMAL,NORMAL,LOW,LOW,NORMAL,HIGH,ZERO,HIGH,HIGH,NORMAL,False,ZERO,NORMAL,HIGH
HIGH,NORMAL,LOW,False,False,False,False,False,NORMAL,ESOPHAGEAL,NORMAL,LOW,NORMAL,HIGH,ZERO,HIGH,HIGH,NORMAL,False,ZERO,NORMAL,HIGH
LOW,NORMAL,LOW,False,False,False,False,False,NORMAL,NORMAL,NORMAL,LOW,LOW,NORMAL,ZERO,LOW,LOW,NORMAL,False,NORMAL,NORMAL,HIGH
HIGH,NORMAL,LOW,False,False,True,False,False,HIGH,NORMAL,ZERO,LOW,NORMAL,NORMAL,ZERO,NORMAL,NORMAL,HIGH,True,ZERO,NORMAL,HIGH
HIGH,NORMAL,ZERO,False,False,False,False,False,NORMAL,NORMAL,LOW,NORMAL,NORMAL,HIGH,ZERO,HIGH,HIGH,LOW,False,ZERO,NORMAL,HIGH
HIGH,NORMAL,LOW,False,False,False,False,False,NORMAL,NORMAL,LOW,LOW,NORMAL,HIGH,ZERO,HIGH,HIGH,NORMAL,True,ZERO,NORMAL,HIGH
HIGH,NORMAL,LOW,False,False,False,False,False,NORMAL,NORMAL,LOW,LOW,NORMAL,HIGH,ZERO,HIGH,HIGH,NORMAL,False,ZERO,NORMAL,LOW
HIGH,ZERO,ZERO,False,False,False,False,False,NORMAL,ESOPHAGEAL,LOW,LOW,NORMAL,HIGH,LOW,HIGH,HIGH,NORMAL,False,LOW,NORMAL,NORMAL
HIGH,NORMAL,ZERO,False,False,False,False,False,NORMAL,NORMAL,LOW,LOW,NORMAL,HIGH,ZERO,HIGH,HIGH,NORMAL,False,ZERO,NORMAL,LOW
HIGH,NORMAL,LOW,False,False,False,False,False,NORMAL,NORMAL,LOW,LOW,NORMAL,HIGH,ZERO,HIGH,HIGH,NORMAL,False,ZERO,NORMAL,HIGH
HIGH,NORMAL,LOW,False,False,False,False,False,HIGH,NORMAL,LOW,LOW,LOW,LOW,ZERO,HIGH,HIGH,HIGH,False,ZERO,NORMAL,LOW
HIGH,NORMAL,LOW,False,False,False,False,False,NORMAL,NORMAL,LOW,LOW,NORMAL,HIGH,ZERO,HIGH,HIGH,NORMAL,False,ZERO,NORMAL,LOW
HIGH,NORMAL,LOW,False,False,False,False,False,NORMAL,NORMAL,LOW,LOW,NORMAL,NORMAL,ZERO,HIGH,HIGH,NORMAL,False,ZERO,NORMAL,NORMAL
HIGH,NORMAL,LOW,False,False,False,False,False,NORMAL,NORMAL,LOW,LOW,NORMAL,HIGH,ZERO,HIGH,HIGH,NORMAL,False,ZERO,NORMAL,LOW
LOW,NORMAL,ZERO,False,False,False,False,False,NORMAL,NORMAL,LOW,HIGH,NORMAL,HIGH,HIGH,LOW,LOW,NORMAL,False,HIGH,NORMAL,HIGH
HIGH,HIGH,HIGH,False,False,False,False,True,LOW,NORMAL,LOW,HIGH,NORMAL,LOW,HIGH,HIGH,HIGH,LOW,False,HIGH,NORMAL,NORMAL
HIGH,NORMAL,LOW,False,False,False,False,False,NORMAL,NORMAL,HIGH,LOW,NORMAL,HIGH,ZERO,HIGH,HIGH,NORMAL,True,ZERO,NORMAL,NORMAL
LOW,NORMAL,LOW,False,False,False,False,False,HIGH,NORMAL,LOW,LOW,NORMAL,NORMAL,ZERO,LOW,LOW,HIGH,False,ZERO,NORMAL,NORMAL
HIGH,ZERO,ZERO,False,False,False,False,False,NORMAL,NORMAL,LOW,LOW,NORMAL,HIGH,ZERO,HIGH,HIGH,NORMAL,False,ZERO,NORMAL,NORMAL
HIGH,NORMAL,LOW,False,False,False,False,False,NORMAL,NORMAL,LOW,LOW,NORMAL,HIGH,ZERO,HIGH,HIGH,NORMAL,False,ZERO,NORMAL,HIGH
HIGH,NORMAL,LOW,False,False,True,False,False,HIGH,NORMAL,LOW,LOW,NORMAL,HIGH,ZERO,NORMAL,NORMAL,HIGH,False,ZERO,NORMAL,NORMAL
HIGH,NORMAL,LOW,False,False,False,False,False,NORMAL,NORMAL,LOW,LOW,NORMAL,LOW,ZERO,HIGH,HIGH,NORMAL,False,ZERO,NORMAL,LOW
LOW,NORMAL,LOW,False,False,False,True,False,HIGH,NORMAL,LOW,LOW,NORMAL,NORMAL,ZERO,LOW,LOW,HIGH,False,ZERO,HIGH,NORMAL
HIGH,LOW,ZERO,False,False,False,False,False,LOW,ESOPHAGEAL,LOW,LOW,HIGH,HIGH,LOW,HIGH,HIGH,LOW,False,LOW,NORMAL,LOW
HIGH,NORMAL,ZERO,False,False,True,False,False,NORMAL,NORMAL,NORMAL,LOW,NORMAL,HIGH,LOW,NORMAL,NORMAL,NORMAL,False,NORMAL,NORMAL,LOW
HIGH,HIGH,HIGH,False,False,False,True,False,NORMAL,NORMAL,LOW,HIGH,NORMAL,HIGH,HIGH,HIGH,HIGH,NORMAL,False,HIGH,NORMAL,NORMAL
LOW,NORMAL,LOW,False,False,False,False,False,NORMAL,NORMAL,LOW,LOW,NORMAL,LOW,ZERO,LOW,NORMAL,NORMAL,False,ZERO,NORMAL,HIGH
NORMAL,NORMAL,LOW,False,False,False,False,False,NORMAL,NORMAL,LOW,HIGH,NORMAL,NORMAL,HIGH,LOW,LOW,NORMAL,False,HIGH,NORMAL,HIGH
HIGH,NORMAL,LOW,False,False,False,True,False,NORMAL,NORMAL,LOW,LOW,NORMAL,HIGH,ZERO,HIGH,HIGH,NORMAL,False,ZERO,NORMAL,NORMAL
HIGH,NORMAL,LOW,False,False,False,False,False,NORMAL,NORMAL,LOW,LOW,HIGH,NORMAL,HIGH,HIGH,HIGH,NORMAL,False,ZERO,NORMAL,LOW
HIGH,NORMAL,LOW,False,False,False,False,False,NORMAL,NORMAL,LOW,LOW,NORMAL,HIGH,ZERO,HIGH,HIGH,NORMAL,True,ZERO,NORMAL,HIGH
HIGH,NORMAL,LOW,False,False,False,True,False,NORMAL,NORMAL,LOW,LOW,NORMAL,NORMAL,ZERO,HIGH,HIGH,LOW,False,ZERO,NORMAL,LOW
HIGH,NORMAL,LOW,False,False,False,False,False,NORMAL,NORMAL,LOW,LOW,NORMAL,HIGH,ZERO,HIGH,HIGH,NORMAL,False,ZERO,NORMAL,HIGH
HIGH,NORMAL,LOW,False,False,False,True,True,LOW,NORMAL,LOW,LOW,NORMAL,LOW,ZERO,HIGH,HIGH,LOW,False,ZERO,NORMAL,NORMAL
HIGH,NORMAL,LOW,False,False,False,False,False,HIGH,NORMAL,LOW,LOW,NORMAL,HIGH,ZERO,HIGH,HIGH,HIGH,False,ZERO,NORMAL,LOW
HIGH,NORMAL,LOW,False,False,True,False,False,NORMAL,ONESIDED,NORMAL,LOW,NORMAL,HIGH,LOW,NORMAL,NORMAL,NORMAL,False,LOW,HIGH,NORMAL
LOW,NORMAL,LOW,False,False,False,False,False,NORMAL,NORMAL,LOW,LOW,NORMAL,NORMAL,ZERO,LOW,LOW,LOW,False,ZERO,NORMAL,HIGH
HIGH,NORMAL,LOW,False,False,False,False,False,NORMAL,NORMAL,LOW,LOW,NORMAL,HIGH,ZERO,HIGH,HIGH,NORMAL,False,ZERO,NORMAL,LOW
HIGH,NORMAL,HIGH,False,False,False,False,False,NORMAL,NORMAL,LOW,HIGH,NORMAL,NORMAL,HIGH,LOW,LOW,NORMAL,False,HIGH,NORMAL,HIGH
HIGH,NORMAL,LOW,False,False,False,False,False,NORMAL,NORMAL,LOW,LOW,NORMAL,LOW,ZERO,HIGH,HIGH,NORMAL,False,ZERO,NORMAL,LOW
HIGH,NORMAL,LOW,False,False,False,False,False,NORMAL,ONESIDED,ZERO,LOW,LOW,NORMAL,ZERO,HIGH,HIGH,NORMAL,False,ZERO,NORMAL,HIGH
HIGH,NORMAL,LOW,False,False,False,False,False,NORMAL,NORMAL,ZERO,LOW,NORMAL,HIGH,ZERO,HIGH,HIGH,NORMAL,False,ZERO,NORMAL,NORMAL
HIGH,NORMAL,LOW,False,False,False,False,False,NORMAL,NORMAL,LOW,LOW,NORMAL,HIGH,ZERO,HIGH,HIGH,NORMAL,False,ZERO,NORMAL,LOW
HIGH,NORMAL,LOW,False,False,False,False,False,NORMAL,NORMAL,LOW,LOW,NORMAL,HIGH,ZERO,HIGH,HIGH,NORMAL,False,ZERO,NORMAL,NORMAL
HIGH,NORMAL,LOW,False,False,False,False,False,NORMAL,NORMAL,LOW,LOW,NORMAL,HIGH,ZERO,HIGH,HIGH,NORMAL,False,ZERO,NORMAL,LOW
HIGH,NORMAL,LOW,False,False,False,False,False,NORMAL,NORMAL,LOW,LOW,NORMAL,HIGH,ZERO,HIGH,HIGH,NORMAL,False,ZERO,NORMAL,NORMAL
LOW,NORMAL,LOW,False,False,False,False,False,NORMAL,NORMAL,LOW,LOW,NORMAL,NORMAL,ZERO,LOW,LOW,NORMAL,False,ZERO,NORMAL,HIGH
HIGH,NORMAL,LOW,False,False,False,False,False,NORMAL,NORMAL,LOW,LOW,NORMAL,HIGH,ZERO,HIGH,HIGH,NORMAL,False,ZERO,NORMAL,HIGH
HIGH,NORMAL,ZERO,False,False,False,False,False,HIGH,NORMAL,LOW,LOW,LOW,LOW,HIGH,HIGH,HIGH,HIGH,False,HIGH,NORMAL,NORMAL
HIGH,NORMAL,LOW,False,False,False,False,False,NORMAL,ONESIDED,LOW,LOW,NORMAL,NORMAL,NORMAL,LOW,HIGH,NORMAL,False,NORMAL,HIGH,NORMAL
HIGH,HIGH,HIGH,False,False,False,False,False,NORMAL,NORMAL,LOW,HIGH,NORMAL,HIGH,HIGH,HIGH,HIGH,NORMAL,False,HIGH,NORMAL,NORMAL
NORMAL,NORMAL,LOW,False,False,False,False,False,HIGH,NORMAL,LOW,LOW,NORMAL,HIGH,ZERO,HIGH,HIGH,HIGH,False,ZERO,NORMAL,HIGH
HIGH,ZERO,ZERO,False,False,False,False,False,NORMAL,NORMAL,LOW,LOW,NORMAL,HIGH,ZERO,HIGH,HIGH,NORMAL,False,ZERO,NORMAL,NORMAL
HIGH,NORMAL,LOW,False,False,False,False,False,NORMAL,NORMAL,LOW,LOW,NORMAL,LOW,ZERO,HIGH,HIGH,NORMAL,False,ZERO,HIGH,NORMAL
LOW,NORMAL,LOW,False,False,False,False,False,LOW,NORMAL,LOW,LOW,NORMAL,NORMAL,ZERO,LOW,LOW,LOW,False,ZERO,NORMAL,HIGH
HIGH,NORMAL,LOW,False,False,False,False,False,HIGH,NORMAL,LOW,LOW,NORMAL,HIGH,ZERO,HIGH,HIGH,HIGH,False,ZERO,NORMAL,HIGH
HIGH,NORMAL,LOW,False,False,False,False,False,NORMAL,NORMAL,LOW,LOW,NORMAL,NORMAL,ZERO,HIGH,HIGH,NORMAL,False,ZERO,NORMAL,NORMAL
HIGH,NORMAL,LOW,False,False,False,False,False,HIGH,NORMAL,LOW,LOW,HIGH,LOW,ZERO,HIGH,NORMAL,HIGH,False,ZERO,NORMAL,LOW
HIGH,NORMAL,LOW,False,False,False,False,False,NORMAL,NORMAL,LOW,LOW,NORMAL,HIGH,ZERO,HIGH,HIGH,NORMAL,True,ZERO,NORMAL,NORMAL
HIGH,NORMAL,LOW,False,False,False,False,False,NORMAL,NORMAL,LOW,LOW,HIGH,HIGH,ZERO,HIGH,HIGH,NORMAL,False,ZERO,HIGH,LOW
HIGH,NORMAL,LOW,False,False,False,False,False,NORMAL,NORMAL,LOW,LOW,NORMAL,NORMAL,ZERO,HIGH,HIGH,LOW,False,ZERO,NORMAL,HIGH
HIGH,NORMAL,LOW,False,False,False,False,False,NORMAL,NORMAL,LOW,HIGH,HIGH,HIGH,HIGH,HIGH,HIGH,NORMAL,False,HIGH,NORMAL,NORMAL
HIGH,NORMAL,LOW,False,False,False,False,False,NORMAL,NORMAL,LOW,LOW,NORMAL,HIGH,ZERO,HIGH,HIGH,NORMAL,False,ZERO,NORMAL,NORMAL
HIGH,NORMAL,LOW,False,False,False,False,False,NORMAL,NORMAL,LOW,LOW,NORMAL,HIGH,ZERO,HIGH,HIGH,NORMAL,False,ZERO,HIGH,LOW
HIGH,NORMAL,LOW,False,False,False,False,False,NORMAL,NORMAL,LOW,LOW,NORMAL,HIGH,ZERO,HIGH,HIGH,NORMAL,False,ZERO,NORMAL,NORMAL
HIGH,NORMAL,LOW,False,False,False,False,False,NORMAL,NORMAL,NORMAL,LOW,NORMAL,NORMAL,NORMAL,HIGH,HIGH,NORMAL,False,ZERO,NORMAL,HIGH
LOW,NORMAL,LOW,False,False,False,False,False,NORMAL,NORMAL,LOW,LOW,NORMAL,NORMAL,ZERO,LOW,LOW,NORMAL,False,ZERO,NORMAL,NORMAL
LOW,NORMAL,ZERO,False,False,True,False,False,HIGH,NORMAL,LOW,HIGH,NORMAL,NORMAL,HIGH,LOW,HIGH,HIGH,False,HIGH,NORMAL,HIGH
HIGH,NORMAL,LOW,False,False,False,False,True,LOW,NORMAL,LOW,LOW,NORMAL,LOW,ZERO,HIGH,HIGH,LOW,False,ZERO,NORMAL,LOW
LOW,NORMAL,LOW,False,False,False,False,False,NORMAL,NORMAL,LOW,LOW,NORMAL,LOW,ZERO,HIGH,HIGH,NORMAL,False,ZERO,NORMAL,HIGH
HIGH,NORMAL,LOW,False,False,False,False,False,NORMAL,NORMAL,LOW,LOW,NORMAL,HIGH,ZERO,HIGH,HIGH,NORMAL,False,ZERO,NORMAL,LOW
HIGH,NORMAL,LOW,False,False,False,False,False,HIGH,NORMAL,LOW,LOW,HIGH,NORMAL,ZERO,HIGH,HIGH,HIGH,False,ZERO,NORMAL,HIGH
HIGH,NORMAL,ZERO,False,False,False,False,False,NORMAL,NORMAL,LOW,LOW,LOW,HIGH,ZERO,HIGH,HIGH,NORMAL,False,ZERO,NORMAL,NORMAL
HIGH,NORMAL,LOW,False,False,False,False,True,LOW,NORMAL,LOW,LOW,NORMAL,LOW,ZERO,HIGH,HIGH,LOW,False,ZERO,NORMAL,NORMAL
HIGH,NORMAL,LOW,False,False,False,True,False,HIGH,NORMAL,LOW,LOW,NORMAL,HIGH,ZERO,HIGH,HIGH,HIGH,False,ZERO,NORMAL,NORMAL
HIGH,NORMAL,LOW,False,False,True,False,False,NORMAL,NORMAL,LOW,LOW,NORMAL,HIGH,ZERO,NORMAL,NORMAL,NORMAL,False,ZERO,NORMAL,NORMAL
LOW,NORMAL,LOW,False,False,False,False,False,NORMAL,ONESIDED,NORMAL,LOW,NORMAL,HIGH,ZERO,HIGH,HIGH,NORMAL,False,LOW,HIGH,LOW
HIGH,NORMAL,LOW,False,False,False,False,False,NORMAL,NORMAL,LOW,LOW,NORMAL,HIGH,ZERO,HIGH,HIGH,NORMAL,False,ZERO,NORMAL,NORMAL
HIGH,NORMAL,ZERO,False,False,False,False,False,NORMAL,NORMAL,LOW,LOW,NORMAL,HIGH,ZERO,HIGH,HIGH,NORMAL,False,ZERO,NORMAL,LOW
HIGH,NORMAL,LOW,False,False,False,False,False,NORMAL,NORMAL,LOW,LOW,NORMAL,HIGH,ZERO,HIGH,HIGH,NORMAL,False,ZERO,NORMAL,HIGH
HIGH,NORMAL,ZERO,False,False,False,False,False,LOW,NORMAL,LOW,HIGH,NORMAL,HIGH,HIGH,HIGH,HIGH,LOW,False,HIGH,NORMAL,NORMAL
HIGH,NORMAL,LOW,False,False,False,False,False,NORMAL,NORMAL,LOW,LOW,NORMAL,HIGH,ZERO,HIGH,HIGH,NORMAL,False,ZERO,NORMAL,NORMAL
HIGH,NORMAL,LOW,False,False,False,False,False,NORMAL,NORMAL,LOW,NORMAL,NORMAL,HIGH,ZERO,HIGH,HIGH,NORMAL,False,LOW,NORMAL,NORMAL
HIGH,NORMAL,LOW,False,False,False,False,False,NORMAL,NORMAL,LOW,LOW,NORMAL,HIGH,ZERO,HIGH,HIGH,NORMAL,False,ZERO,NORMAL,HIGH
HIGH,NORMAL,LOW,False,False,False,True,False,NORMAL,NORMAL,LOW,LOW,NORMAL,HIGH,ZERO,HIGH,HIGH,NORMAL,False,ZERO,NORMAL,NORMAL
HIGH,NORMAL,ZERO,False,False,False,True,False,NORMAL,NORMAL,LOW,HIGH,NORMAL,NORMAL,HIGH,LOW,LOW,NORMAL,False,HIGH,NORMAL,HIGH
HIGH,NORMAL,LOW,False,False,False,False,False,HIGH,NORMAL,LOW,LOW,NORMAL,LOW,ZERO,HIGH,HIGH,HIGH,False,ZERO,NORMAL,NORMAL
HIGH,NORMAL,LOW,False,False,False,False,False,NORMAL,NORMAL,LOW,LOW,NORMAL,HIGH,ZERO,HIGH,HIGH,NORMAL,False,ZERO,NORMAL,HIGH
HIGH,NORMAL,LOW,False,False,False,False,False,NORMAL,NORMAL,LOW,LOW,NORMAL,HIGH,ZERO,HIGH,HIGH,NORMAL,False,ZERO,NORMAL,LOW
HIGH,NORMAL,LOW,False,False,False,True,True,LOW,NORMAL,LOW,LOW,NORMAL,LOW,ZERO,HIGH,HIGH,LOW,False,ZERO,NORMAL,NORMAL
HIGH,NORMAL,LOW,False,False,False,False,True,LOW,ESOPHAGEAL,LOW,LOW,NORMAL,NORMAL,LOW,HIGH,HIGH,LOW,False,LOW,NORMAL,NORMAL
HIGH,NORMAL,LOW,False,False,False,False,False,NORMAL,NORMAL,LOW,LOW,NORMAL,HIGH,ZERO,HIGH,HIGH,LOW,False,ZERO,NORMAL,LOW
HIGH,LOW,ZERO,False,False,False,False,False,HIGH,NORMAL,LOW,HIGH,NORMAL,LOW,LOW,HIGH,HIGH,HIGH,False,HIGH,NORMAL,LOW
HIGH,NORMAL,LOW,False,False,False,False,False,NORMAL,ONESIDED,LOW,LOW,NORMAL,HIGH,NORMAL,HIGH,HIGH,NORMAL,False,NORMAL,HIGH,LOW
HIGH,NORMAL,LOW,False,False,False,False,False,NORMAL,NORMAL,LOW,LOW,NORMAL,HIGH,ZERO,HIGH,HIGH,NORMAL,False,ZERO,HIGH,HIGH
LOW,NORMAL,LOW,False,False,False,False,False,NORMAL,NORMAL,LOW,LOW,NORMAL,NORMAL,ZERO,LOW,LOW,NORMAL,False,ZERO,NORMAL,LOW
LOW,LOW,ZERO,False,False,False,True,False,NORMAL,NORMAL,LOW,HIGH,NORMAL,NORMAL,HIGH,LOW,HIGH,NORMAL,False,HIGH,NORMAL,HIGH
LOW,NORMAL,ZERO,False,False,False,False,False,NORMAL,NORMAL,LOW,HIGH,NORMAL,NORMAL,HIGH,LOW,LOW,LOW,False,HIGH,NORMAL,HIGH
HIGH,NORMAL,LOW,False,False,False,False,False,HIGH,NORMAL,LOW,LOW,NORMAL,HIGH,ZERO,HIGH,HIGH,HIGH,False,ZERO,NORMAL,NORMAL
LOW,NORMAL,LOW,False,False,True,False,False,NORMAL,NORMAL,LOW,LOW,NORMAL,NORMAL,ZERO,LOW,LOW,NORMAL,False,ZERO,NORMAL,LOW
NORMAL,HIGH,HIGH,False,False,True,False,False,NORMAL,NORMAL,ZERO,HIGH,NORMAL,HIGH,HIGH,NORMAL,NORMAL,NORMAL,False,HIGH,NORMAL,LOW
LOW,ZERO,ZERO,False,False,False,False,False,HIGH,NORMAL,LOW,NORMAL,NORMAL,NORMAL,HIGH,LOW,LOW,HIGH,False,HIGH,NORMAL,HIGH
HIGH,NORMAL,LOW,False,False,False,True,False,LOW,NORMAL,LOW,LOW,NORMAL,LOW,ZERO,HIGH,HIGH,LOW,False,ZERO,NORMAL,NORMAL
HIGH,ZERO,ZERO,False,False,False,False,False,HIGH,NORMAL,ZERO,LOW,NORMAL,HIGH,ZERO,HIGH,HIGH,HIGH,False,NORMAL,NORMAL,LOW
HIGH,NORMAL,LOW,False,False,False,False,False,NORMAL,NORMAL,LOW,LOW,NORMAL,HIGH,ZERO,HIGH,HIGH,NORMAL,False,ZERO,NORMAL,LOW
LOW,NORMAL,LOW,False,False,False,False,False,HIGH,NORMAL,LOW,LOW,NORMAL,LOW,ZERO,LOW,LOW,HIGH,False,ZERO,NORMAL,NORMAL
HIGH,NORMAL,LOW,False,False,False,False,False,NORMAL,NORMAL,LOW,LOW,NORMAL,LOW,ZERO,HIGH,HIGH,NORMAL,False,ZERO,NORMAL,HIGH
HIGH,NORMAL,LOW,False,False,False,False,False,NORMAL,NORMAL,LOW,LOW,NORMAL,HIGH,ZERO,HIGH,HIGH,NORMAL,True,ZERO,NORMAL,NORMAL
HIGH,NORMAL,LOW,False,False,False,False,False,HIGH,NORMAL,LOW,LOW,NORMAL,HIGH,ZERO,HIGH,HIGH,HIGH,False,ZERO,NORMAL,LOW
HIGH,NORMAL,LOW,False,False,False,False,False,NORMAL,NORMAL,LOW,LOW,NORMAL,HIGH,ZERO,HIGH,HIGH,NORMAL,False,ZERO,NORMAL,HIGH
NORMAL,NORMAL,LOW,False,False,False,True,False,HIGH,NORMAL,LOW,LOW,NORMAL,HIGH,ZERO,LOW,LOW,HIGH,False,ZERO,NORMAL,LOW
HIGH,NORMAL,LOW,False,False,False,False,False,NORMAL,NORMAL,LOW,LOW,NORMAL,HIGH,ZERO,NORMAL,HIGH,LOW,False,ZERO,NORMAL,LOW
HIGH,NORMAL,LOW,False,False,False,False,False,NORMAL,NORMAL,LOW,LOW,NORMAL,NORMAL,ZERO,HIGH,HIGH,NORMAL,False,ZERO,NORMAL,HIGH
HIGH,ZERO,ZERO,False,False,False,False,False,NORMAL,NORMAL,NORMAL,HIGH,NORMAL,HIGH,HIGH,HIGH,HIGH,NORMAL,False,HIGH,HIGH,HIGH
HIGH,NORMAL,LOW,False,False,False,False,False,LOW,NORMAL,LOW,LOW,NORMAL,HIGH,ZERO,HIGH,HIGH,LOW,False,ZERO,NORMAL,HIGH
HIGH,NORMAL,LOW,False,False,False,False,False,HIGH,NORMAL,LOW,NORMAL,NORMAL,HIGH,ZERO,LOW,HIGH,HIGH,False,ZERO,NORMAL,HIGH
HIGH,NORMAL,LOW,False,False,False,False,False,HIGH,NORMAL,LOW,LOW,NORMAL,LOW,ZERO,HIGH,HIGH,HIGH,False,ZERO,NORMAL,HIGH
LOW,NORMAL,LOW,False,False,True,False,False,NORMAL,NORMAL,LOW,LOW,NORMAL,NORMAL,ZERO,NORMAL,NORMAL,NORMAL,False,LOW,NORMAL,HIGH
HIGH,LOW,ZERO,False,False,False,False,False,NORMAL,NORMAL,LOW,HIGH,NORMAL,HIGH,HIGH,HIGH,HIGH,NORMAL,False,HIGH,NORMAL,NORMAL
NORMAL,NORMAL,LOW,False,False,False,False,False,NORMAL,NORMAL,LOW,LOW,NORMAL,HIGH,ZERO,HIGH,HIGH,NORMAL,False,ZERO,NORMAL,HIGH
LOW,NORMAL,LOW,False,False,False,False,False,NORMAL,NORMAL,LOW,LOW,NORMAL,NORMAL,ZERO,LOW,LOW,NORMAL,False,ZERO,NORMAL,NORMAL
HIGH,NORMAL,LOW,False,True,True,False,False,NORMAL,NORMAL,LOW,LOW,HIGH,HIGH,ZERO,NORMAL,NORMAL,NORMAL,False,ZERO,HIGH,NORMAL
HIGH,NORMAL,LOW,False,False,False,False,False,LOW,NORMAL,LOW,LOW,NORMAL,HIGH,ZERO,HIGH,HIGH,LOW,False,ZERO,NORMAL,HIGH
HIGH,NORMAL,LOW,False,True,False,False,False,NORMAL,NORMAL,LOW,LOW,HIGH,HIGH,ZERO,HIGH,HIGH,LOW,False,ZERO,HIGH,NORMAL
HIGH,NORMAL,LOW,False,False,True,False,False,HIGH,NORMAL,ZERO,HIGH,NORMAL,HIGH,ZERO,NORMAL,NORMAL,HIGH,False,HIGH,NORMAL,NORMAL
HIGH,NORMAL,LOW,False,False,False,True,False,HIGH,NORMAL,LOW,LOW,NORMAL,LOW,ZERO,HIGH,LOW,HIGH,False,ZERO,NORMAL,NORMAL
HIGH,NORMAL,LOW,False,False,False,False,False,NORMAL,NORMAL,LOW,LOW,NORMAL,LOW,ZERO,HIGH,LOW,NORMAL,False,ZERO,NORMAL,HIGH
HIGH,NORMAL,LOW,False,False,False,False,False,HIGH,NORMAL,LOW,LOW,NORMAL,NORMAL,NORMAL,HIGH,HIGH,HIGH,False,ZERO,NORMAL,LOW
NORMAL,NORMAL,LOW,False,False,False,True,False,NORMAL,NORMAL,LOW,LOW,NORMAL,HIGH,ZERO,HIGH,HIGH,NORMAL,False,ZERO,NORMAL,LOW
HIGH,NORMAL,LOW,False,False,False,False,False,NORMAL,ESOPHAGEAL,LOW,LOW,NORMAL,HIGH,LOW,HIGH,NORMAL,NORMAL,False,LOW,NORMAL,NORMAL
HIGH,NORMAL,LOW,False,False,False,False,True,LOW,NORMAL,LOW,LOW,NORMAL,LOW,ZERO,HIGH,HIGH,LOW,False,ZERO,NORMAL,HIGH
HIGH,NORMAL,LOW,False,False,False,False,False,NORMAL,NORMAL,LOW,LOW,NORMAL,LOW,ZERO,HIGH,HIGH,NORMAL,False,ZERO,NORMAL,NORMAL
HIGH,LOW,ZERO,False,False,False,False,False,NORMAL,NORMAL,LOW,LOW,HIGH,HIGH,ZERO,HIGH,HIGH,NORMAL,False,ZERO,HIGH,NORMAL
HIGH,NORMAL,ZERO,False,False,False,False,False,HIGH,ONESIDED,LOW,LOW,NORMAL,HIGH,NORMAL,HIGH,HIGH,HIGH,False,NORMAL,NORMAL,NORMAL
HIGH,NORMAL,ZERO,False,False,False,True,False,NORMAL,NORMAL,LOW,LOW,NORMAL,HIGH,ZERO,HIGH,HIGH,NORMAL,False,ZERO,NORMAL,LOW
HIGH,NORMAL,LOW,False,False,False,False,False,NORMAL,NORMAL,LOW,LOW,NORMAL,HIGH,ZERO,HIGH,HIGH,NORMAL,False,ZERO,NORMAL,LOW
HIGH,NORMAL,LOW,False,False,False,False,False,NORMAL,NORMAL,LOW,LOW,HIGH,HIGH,ZERO,HIGH,HIGH,NORMAL,False,LOW,NORMAL,NORMAL
LOW,HIGH,HIGH,False,False,False,False,False,NORMAL,NORMAL,NORMAL,NORMAL,NORMAL,NORMAL,HIGH,LOW,LOW,NORMAL,False,HIGH,NORMAL,HIGH
HIGH,NORMAL,LOW,False,False,False,False,False,NORMAL,NORMAL,LOW,LOW,NORMAL,HIGH,ZERO,HIGH,HIGH,NORMAL,False,ZERO,NORMAL,NORMAL
HIGH,NORMAL,LOW,False,False,False,False,False,NORMAL,NORMAL,LOW,LOW,HIGH,HIGH,ZERO,HIGH,HIGH,NORMAL,False,ZERO,NORMAL,NORMAL
HIGH,NORMAL,LOW,False,False,False,False,False,NORMAL,NORMAL,LOW,LOW,NORMAL,HIGH,ZERO,HIGH,HIGH,NORMAL,False,ZERO,NORMAL,NORMAL
LOW,NORMAL,ZERO,False,False,False,False,False,NORMAL,NORMAL,LOW,HIGH,NORMAL,NORMAL,HIGH,LOW,LOW,NORMAL,False,HIGH,NORMAL,NORMAL
HIGH,NORMAL,LOW,False,False,False,True,False,NORMAL,NORMAL,LOW,LOW,NORMAL,HIGH,ZERO,HIGH,HIGH,NORMAL,False,ZERO,NORMAL,LOW
HIGH,NORMAL,LOW,False,False,False,False,False,NORMAL,NORMAL,LOW,LOW,NORMAL,HIGH,ZERO,HIGH,HIGH,NORMAL,False,ZERO,NORMAL,LOW
NORMAL,NORMAL,LOW,False,False,True,False,False,NORMAL,NORMAL,LOW,HIGH,NORMAL,NORMAL,HIGH,HIGH,LOW,NORMAL,False,HIGH,NORMAL,HIGH
HIGH,NORMAL,LOW,False,False,False,True,False,NORMAL,NORMAL,LOW,LOW,NORMAL,HIGH,ZERO,HIGH,HIGH,NORMAL,False,ZERO,NORMAL,NORMAL
HIGH,NORMAL,LOW,False,False,False,False,False,NORMAL,NORMAL,LOW,LOW,NORMAL,HIGH,ZERO,HIGH,HIGH,NORMAL,False,ZERO,NORMAL,HIGH
HIGH,NORMAL,LOW,False,False,False,False,False,HIGH,NORMAL,LOW,LOW,NORMAL,HIGH,ZERO,HIGH,HIGH,HIGH,False,ZERO,NORMAL,NORMAL
HIGH,NORMAL,LOW,False,False,False,True,False,NORMAL,NORMAL,LOW,LOW,NORMAL,HIGH,ZERO,HIGH,HIGH,NORMAL,False,ZERO,NORMAL,NORMAL
HIGH,NORMAL,LOW,False,False,False,False,True,LOW,ONESIDED,NORMAL,LOW,NORMAL,NORMAL,ZERO,HIGH,HIGH,NORMAL,False,LOW,NORMAL,LOW
HIGH,HIGH,NORMAL,False,False,False,False,False,HIGH,NORMAL,ZERO,LOW,NORMAL,NORMAL,LOW,HIGH,HIGH,HIGH,False,LOW,NORMAL,LOW
HIGH,NORMAL,LOW,False,False,False,False,True,LOW,NORMAL,LOW,LOW,LOW,LOW,ZERO,HIGH,HIGH,LOW,False,ZERO,NORMAL,HIGH
HIGH,NORMAL,LOW,False,False,False,False,False,LOW,NORMAL,LOW,LOW,NORMAL,HIGH,ZERO,HIGH,NORMAL,LOW,False,ZERO,NORMAL,LOW
LOW,NORMAL,LOW,False,False,False,False,False,NORMAL,NORMAL,LOW,LOW,HIGH,NORMAL,ZERO,LOW,LOW,NORMAL,False,LOW,NORMAL,HIGH
HIGH,NORMAL,LOW,False,False,False,False,False,NORMAL,NORMAL,LOW,LOW,NORMAL,HIGH,ZERO,HIGH,HIGH,NORMAL,False,ZERO,NORMAL,HIGH
HIGH,NORMAL,LOW,False,False,True,False,False,NORMAL,NORMAL,LOW,LOW,LOW,HIGH,ZERO,NORMAL,NORMAL,NORMAL,False,ZERO,NORMAL,NORMAL
NORMAL,NORMAL,LOW,False,False,False,True,False,NORMAL,NORMAL,LOW,LOW,NORMAL,HIGH,ZERO,HIGH,HIGH,NORMAL,False,ZERO,NORMAL,LOW
HIGH,NORMAL,LOW,False,False,True,False,False,NORMAL,NORMAL,LOW,LOW,NORMAL,HIGH,ZERO,NORMAL,NORMAL,NORMAL,False,ZERO,NORMAL,LOW
HIGH,NORMAL,LOW,False,False,False,False,False,NORMAL,NORMAL,LOW,LOW,NORMAL,HIGH,ZERO,HIGH,HIGH,NORMAL,False,ZERO,NORMAL,HIGH
LOW,NORMAL,LOW,False,False,False,False,False,NORMAL,ONESIDED,LOW,LOW,NORMAL,LOW,NORMAL,LOW,LOW,NORMAL,False,NORMAL,HIGH,HIGH
LOW,NORMAL,LOW,False,False,False,False,True,LOW,NORMAL,LOW,LOW,NORMAL,LOW,ZERO,LOW,NORMAL,LOW,False,ZERO,NORMAL,LOW
LOW,NORMAL,ZERO,False,False,False,False,False,NORMAL,NORMAL,LOW,LOW,NORMAL,NORMAL,ZERO,LOW,LOW,NORMAL,False,ZERO,NORMAL,HIGH
LOW,NORMAL,ZERO,False,False,False,False,False,NORMAL,NORMAL,LOW,HIGH,NORMAL,NORMAL,HIGH,LOW,LOW,NORMAL,False,HIGH,NORMAL,HIGH
LOW,NORMAL,LOW,False,False,False,False,False,NORMAL,NORMAL,LOW,LOW,NORMAL,NORMAL,ZERO,LOW,LOW,NORMAL,False,ZERO,NORMAL,NORMAL
HIGH,NORMAL,LOW,False,False,False,False,False,NORMAL,NORMAL,LOW,LOW,NORMAL,HIGH,ZERO,HIGH,HIGH,NORMAL,False,LOW,NORMAL,HIGH
NORMAL,HIGH,HIGH,False,False,False,False,False,LOW,NORMAL,LOW,HIGH,NORMAL,LOW,HIGH,NORMAL,NORMAL,LOW,False,HIGH,NORMAL,HIGH
HIGH,NORMAL,LOW,False,False,False,False,False,NORMAL,NORMAL,LOW,LOW,NORMAL,HIGH,ZERO,HIGH,HIGH,NORMAL,False,ZERO,NORMAL,HIGH
HIGH,NORMAL,LOW,False,False,False,True,False,NORMAL,NORMAL,LOW,LOW,NORMAL,LOW,ZERO,HIGH,HIGH,NORMAL,False,ZERO,NORMAL,HIGH
LOW,NORMAL,LOW,False,False,True,False,False,NORMAL,NORMAL,LOW,LOW,NORMAL,NORMAL,ZERO,HIGH,HIGH,NORMAL,False,ZERO,NORMAL,HIGH
HIGH,NORMAL,LOW,False,False,False,False,False,NORMAL,NORMAL,LOW,LOW,NORMAL,HIGH,ZERO,HIGH,HIGH,NORMAL,False,ZERO,HIGH,HIGH
HIGH,NORMAL,ZERO,False,False,False,False,False,NORMAL,NORMAL,LOW,NORMAL,NORMAL,HIGH,HIGH,HIGH,HIGH,NORMAL,False,HIGH,NORMAL,LOW
HIGH,NORMAL,LOW,False,False,False,False,False,NORMAL,NORMAL,LOW,LOW,NORMAL,HIGH,ZERO,HIGH,HIGH,NORMAL,False,ZERO,NORMAL,HIGH
HIGH,NORMAL,LOW,False,False,False,False,False,NORMAL,NORMAL,ZERO,HIGH,NORMAL,HIGH,ZERO,HIGH,HIGH,NORMAL,False,HIGH,NORMAL,LOW
LOW,NORMAL,LOW,False,False,False,False,False,NORMAL,NORMAL,LOW,LOW,NORMAL,NORMAL,ZERO,LOW,LOW,NORMAL,False,ZERO,NORMAL,NORMAL
HIGH,NORMAL,LOW,False,False,False,False,False,NORMAL,NORMAL,LOW,LOW,NORMAL,HIGH,ZERO,HIGH,HIGH,NORMAL,False,ZERO,NORMAL,HIGH
HIGH,NORMAL,LOW,False,True,False,True,False,HIGH,NORMAL,LOW,LOW,HIGH,HIGH,ZERO,HIGH,HIGH,HIGH,False,ZERO,HIGH,HIGH
HIGH,NORMAL,LOW,False,False,False,False,False,NORMAL,NORMAL,LOW,LOW,NORMAL,HIGH,ZERO,HIGH,HIGH,NORMAL,False,ZERO,NORMAL,NORMAL
HIGH,NORMAL,LOW,False,False,False,False,False,NORMAL,NORMAL,LOW,LOW,NORMAL,HIGH,ZERO,HIGH,HIGH,NORMAL,False,ZERO,NORMAL,HIGH
HIGH,NORMAL,LOW,False,False,False,False,False,NORMAL,NORMAL,LOW,LOW,NORMAL,HIGH,HIGH,HIGH,HIGH,NORMAL,False,LOW,NORMAL,LOW
NORMAL,NORMAL,LOW,False,False,True,False,False,NORMAL,NORMAL,LOW,LOW,NORMAL,HIGH,ZERO,NORMAL,NORMAL,NORMAL,False,ZERO,NORMAL,LOW
HIGH,NORMAL,LOW,False,False,True,False,False,NORMAL,NORMAL,HIGH,LOW,NORMAL,HIGH,LOW,NORMAL,NORMAL,NORMAL,False,LOW,NORMAL,HIGH
HIGH,NORMAL,LOW,False,False,False,False,False,NORMAL,ESOPHAGEAL,LOW,LOW,NORMAL,HIGH,LOW,HIGH,HIGH,NORMAL,False,LOW,NORMAL,NORMAL
HIGH,NORMAL,LOW,False,False,False,False,False,NORMAL,NORMAL,LOW,LOW,NORMAL,HIGH,ZERO,HIGH,HIGH,NORMAL,False,ZERO,NORMAL,NORMAL
HIGH,NORMAL,LOW,False,False,False,False,False,NORMAL,NORMAL,LOW,LOW,NORMAL,HIGH,HIGH,HIGH,LOW,NORMAL,False,ZERO,NORMAL,LOW
HIGH,NORMAL,LOW,False,False,False,False,True,LOW,NORMAL,HIGH,LOW,NORMAL,LOW,LOW,HIGH,HIGH,LOW,False,LOW,NORMAL,NORMAL
HIGH,NORMAL,LOW,False,False,False,False,False,NORMAL,NORMAL,NORMAL,HIGH,NORMAL,NORMAL,HIGH,LOW,LOW,LOW,False,HIGH,NORMAL,HIGH
NORMAL,NORMAL,LOW,False,False,False,False,False,NORMAL,NORMAL,LOW,LOW,NORMAL,HIGH,ZERO,HIGH,HIGH,NORMAL,False,ZERO,NORMAL,LOW
HIGH,NORMAL,LOW,False,False,False,True,False,NORMAL,NORMAL,LOW,LOW,NORMAL,HIGH,ZERO,HIGH,HIGH,NORMAL,False,ZERO,NORMAL,HIGH
HIGH,NORMAL,LOW,False,False,False,False,False,NORMAL,ESOPHAGEAL,NORMAL,LOW,NORMAL,HIGH,ZERO,HIGH,HIGH,NORMAL,False,ZERO,NORMAL,NORMAL
HIGH,NORMAL,LOW,False,False,True,False,True,LOW,NORMAL,LOW,LOW,NORMAL,NORMAL,ZERO,NORMAL,NORMAL,LOW,False,ZERO,NORMAL,LOW
HIGH,NORMAL,LOW,False,False,False,False,False,HIGH,NORMAL,LOW,LOW,NORMAL,HIGH,ZERO,HIGH,HIGH,HIGH,False,ZERO,NORMAL,LOW
HIGH,NORMAL,LOW,False,False,False,False,False,NORMAL,ESOPHAGEAL,LOW,LOW,NORMAL,HIGH,HIGH,HIGH,HIGH,NORMAL,False,LOW,NORMAL,NORMAL
HIGH,NORMAL,LOW,False,False,False,False,False,NORMAL,NORMAL,LOW,LOW,NORMAL,HIGH,ZERO,HIGH,HIGH,NORMAL,False,ZERO,NORMAL,NORMAL
HIGH,NORMAL,ZERO,False,False,False,False,True,LOW,NORMAL,ZERO,HIGH,NORMAL,LOW,HIGH,HIGH,HIGH,LOW,False,HIGH,NORMAL,NORMAL
NORMAL,NORMAL,LOW,False,False,False,False,False,NORMAL,NORMAL,LOW,LOW,NORMAL,HIGH,ZERO,HIGH,HIGH,NORMAL,True,ZERO,NORMAL,HIGH
HIGH,NORMAL,LOW,False,False,False,False,False,NORMAL,NORMAL,LOW,LOW,NORMAL,HIGH,ZERO,HIGH,HIGH,NORMAL,False,ZERO,NORMAL,LOW
HIGH,NORMAL,LOW,False,False,True,False,False,NORMAL,NORMAL,LOW,LOW,HIGH,HIGH,ZERO,NORMAL,NORMAL,NORMAL,False,ZERO,NORMAL,NORMAL
LOW,NORMAL,ZERO,False,False,False,False,False,NORMAL,NORMAL,NORMAL,HIGH,HIGH,NORMAL,HIGH,LOW,LOW,NORMAL,False,HIGH,NORMAL,HIGH
NORMAL,NORMAL,LOW,False,False,False,False,False,NORMAL,ONESIDED,NORMAL,LOW,NORMAL,LOW,LOW,NORMAL,LOW,NORMAL,False,LOW,HIGH,NORMAL
HIGH,NORMAL,LOW,False,False,False,False,False,NORMAL,NORMAL,LOW,LOW,NORMAL,HIGH,ZERO,HIGH,HIGH,NORMAL,False,ZERO,HIGH,NORMAL
NORMAL,NORMAL,LOW,False,False,False,False,False,NORMAL,ONESIDED,NORMAL,LOW,NORMAL,HIGH,LOW,HIGH,HIGH,NORMAL,False,LOW,HIGH,NORMAL
HIGH,LOW,ZERO,False,False,False,False,False,NORMAL,NORMAL,LOW,HIGH,NORMAL,HIGH,HIGH,HIGH,HIGH,NORMAL,False,HIGH,NORMAL,NORMAL
HIGH,NORMAL,LOW,False,False,False,False,False,NORMAL,ESOPHAGEAL,NORMAL,LOW,NORMAL,HIGH,ZERO,HIGH,HIGH,NORMAL,False,ZERO,NORMAL,HIGH
NORMAL,NORMAL,LOW,False,False,False,False,False,HIGH,NORMAL,ZERO,HIGH,NORMAL,HIGH,ZERO,HIGH,HIGH,HIGH,False,HIGH,NORMAL,NORMAL
HIGH,LOW,ZERO,False,False,False,False,False,NORMAL,NORMAL,LOW,LOW,NORMAL,HIGH,ZERO,HIGH,HIGH,NORMAL,False,ZERO,HIGH,HIGH
LOW,NORMAL,LOW,False,False,False,False,False,NORMAL,NORMAL,LOW,HIGH,LOW,NORMAL,HIGH,LOW,LOW,NORMAL,False,HIGH,NORMAL,HIGH
HIGH,NORMAL,LOW,False,False,False,False,False,NORMAL,NORMAL,LOW,LOW,NORMAL,HIGH,ZERO,HIGH,HIGH,NORMAL,False,ZERO,NORMAL,LOW
HIGH,NORMAL,LOW,False,False,False,False,False,HIGH,NORMAL,LOW,LOW,NORMAL,HIGH,ZERO,HIGH,HIGH,HIGH,False,ZERO,NORMAL,NORMAL
HIGH,NORMAL,NORMAL,False,False,True,False,False,NORMAL,NORMAL,HIGH,LOW,NORMAL,HIGH,NORMAL,NORMAL,NORMAL,NORMAL,False,LOW,NORMAL,LOW
LOW,ZERO,ZERO,False,False,False,False,False,NORMAL,NORMAL,LOW,HIGH,NORMAL,NORMAL,HIGH,LOW,LOW,NORMAL,False,HIGH,NORMAL,HIGH
HIGH,NORMAL,LOW,False,False,False,False,False,NORMAL,NORMAL,LOW,LOW,NORMAL,HIGH,ZERO,HIGH,HIGH,NORMAL,False,ZERO,NORMAL,NORMAL
HIGH,NORMAL,LOW,False,False,True,False,False,HIGH,NORMAL,LOW,LOW,NORMAL,HIGH,ZERO,NORMAL,NORMAL,HIGH,False,LOW,NORMAL,NORMAL
HIGH,NORMAL,LOW,False,False,False,False,False,NORMAL,NORMAL,ZERO,LOW,NORMAL,HIGH,ZERO,HIGH,HIGH,NORMAL,False,ZERO,NORMAL,NORMAL
HIGH,NORMAL,LOW,False,False,False,False,False,NORMAL,NORMAL,LOW,LOW,NORMAL,NORMAL,ZERO,HIGH,HIGH,NORMAL,False,ZERO,NORMAL,NORMAL
LOW,NORMAL,LOW,False,False,True,False,False,NORMAL,ONESIDED,LOW,LOW,NORMAL,NORMAL,NORMAL,HIGH,HIGH,NORMAL,False,NORMAL,HIGH,LOW
HIGH,NORMAL,LOW,False,False,False,False,True,LOW,NORMAL,LOW,LOW,NORMAL,LOW,ZERO,HIGH,HIGH,LOW,False,ZERO,NORMAL,HIGH
HIGH,NORMAL,ZERO,False,False,False,False,False,HIGH,NORMAL,NORMAL,LOW,NORMAL,HIGH,LOW,HIGH,HIGH,HIGH,False,NORMAL,NORMAL,LOW
HIGH,NORMAL,LOW,False,False,False,False,False,NORMAL,NORMAL,LOW,HIGH,NORMAL,HIGH,HIGH,HIGH,HIGH,NORMAL,False,HIGH,NORMAL,LOW
HIGH,NORMAL,HIGH,False,False,True,False,False,HIGH,NORMAL,ZERO,HIGH,NORMAL,LOW,HIGH,NORMAL,NORMAL,HIGH,False,HIGH,NORMAL,NORMAL
HIGH,NORMAL,LOW,False,False,False,False,False,NORMAL,NORMAL,LOW,LOW,NORMAL,LOW,ZERO,HIGH,HIGH,NORMAL,False,ZERO,NORMAL,HIGH
LOW,NORMAL,LOW,False,False,False,False,False,NORMAL,NORMAL,LOW,LOW,NORMAL,HIGH,ZERO,HIGH,HIGH,NORMAL,False,ZERO,NORMAL,NORMAL
LOW,NORMAL,LOW,False,False,False,False,False,NORMAL,NORMAL,LOW,LOW,NORMAL,NORMAL,ZERO,LOW,LOW,NORMAL,False,ZERO,NORMAL,LOW
HIGH,NORMAL,LOW,False,False,False,False,False,NORMAL,NORMAL,LOW,LOW,NORMAL,HIGH,ZERO,HIGH,HIGH,NORMAL,False,ZERO,NORMAL,NORMAL
HIGH,NORMAL,LOW,False,False,False,True,False,NORMAL,NORMAL,LOW,LOW,NORMAL,HIGH,ZERO,HIGH,HIGH,LOW,False,ZERO,NORMAL,LOW
HIGH,NORMAL,LOW,False,False,False,True,False,HIGH,NORMAL,LOW,LOW,NORMAL,LOW,ZERO,HIGH,HIGH,HIGH,False,ZERO,NORMAL,LOW
HIGH,NORMAL,LOW,False,False,False,True,False,NORMAL,NORMAL,LOW,LOW,NORMAL,LOW,ZERO,HIGH,HIGH,NORMAL,False,ZERO,NORMAL,NORMAL
HIGH,NORMAL,LOW,False,False,False,False,False,HIGH,NORMAL,LOW,LOW,NORMAL,HIGH,ZERO,HIGH,HIGH,HIGH,False,ZERO,NORMAL,NORMAL
NORMAL,NORMAL,LOW,False,False,False,False,True,NORMAL,NORMAL,LOW,LOW,NORMAL,LOW,ZERO,HIGH,HIGH,NORMAL,False,ZERO,NORMAL,HIGH
LOW,NORMAL,LOW,False,False,True,True,False,HIGH,NORMAL,LOW,LOW,NORMAL,NORMAL,ZERO,HIGH,HIGH,NORMAL,False,ZERO,NORMAL,HIGH
HIGH,NORMAL,ZERO,False,False,False,False,False,NORMAL,NORMAL,LOW,LOW,NORMAL,HIGH,ZERO,HIGH,HIGH,NORMAL,False,ZERO,NORMAL,LOW
HIGH,NORMAL,LOW,False,False,False,False,False,NORMAL,NORMAL,LOW,LOW,NORMAL,HIGH,ZERO,HIGH,HIGH,NORMAL,False,ZERO,NORMAL,NORMAL
LOW,NORMAL,LOW,False,False,False,False,False,NORMAL,NORMAL,ZERO,LOW,NORMAL,NORMAL,LOW,LOW,LOW,NORMAL,False,NORMAL,NORMAL,HIGH
HIGH,NORMAL,LOW,False,False,False,False,False,NORMAL,NORMAL,LOW,LOW,NORMAL,HIGH,ZERO,HIGH,HIGH,NORMAL,False,ZERO,NORMAL,HIGH
LOW,LOW,ZERO,False,False,False,False,False,NORMAL,NORMAL,ZERO,HIGH,NORMAL,HIGH,HIGH,LOW,LOW,NORMAL,False,HIGH,NORMAL,HIGH
HIGH,NORMAL,LOW,False,False,False,False,False,NORMAL,NORMAL,LOW,LOW,NORMAL,HIGH,ZERO,HIGH,HIGH,LOW,True,ZERO,NORMAL,NORMAL
HIGH,NORMAL,LOW,False,False,False,False,False,NORMAL,NORMAL,LOW,LOW,NORMAL,HIGH,ZERO,HIGH,NORMAL,NORMAL,False,ZERO,NORMAL,LOW
HIGH,NORMAL,LOW,False,False,False,False,False,NORMAL,NORMAL,LOW,LOW,NORMAL,LOW,ZERO,HIGH,HIGH,NORMAL,False,ZERO,NORMAL,LOW
HIGH,HIGH,HIGH,False,False,False,False,False,NORMAL,NORMAL,HIGH,LOW,NORMAL,HIGH,LOW,HIGH,HIGH,NORMAL,False,LOW,NORMAL,LOW
HIGH,HIGH,HIGH,False,False,False,True,False,NORMAL,NORMAL,LOW,LOW,NORMAL,HIGH,ZERO,HIGH,HIGH,NORMAL,True,ZERO,NORMAL,LOW
HIGH,NORMAL,LOW,False,False,False,True,False,HIGH,NORMAL,NORMAL,LOW,NORMAL,LOW,ZERO,HIGH,HIGH,HIGH,False,NORMAL,NORMAL,NORMAL
HIGH,NORMAL,LOW,False,False,False,False,False,NORMAL,NORMAL,LOW,LOW,NORMAL,HIGH,ZERO,HIGH,HIGH,NORMAL,False,ZERO,NORMAL,NORMAL
HIGH,HIGH,HIGH,False,False,False,False,True,LOW,NORMAL,LOW,HIGH,LOW,LOW,HIGH,HIGH,HIGH,LOW,False,HIGH,NORMAL,NORMAL
LOW,NORMAL,LOW,False,False,False,False,False,HIGH,NORMAL,LOW,LOW,NORMAL,NORMAL,ZERO,LOW,LOW,HIGH,False,ZERO,NORMAL,HIGH
HIGH,NORMAL,LOW,False,False,False,False,False,HIGH,ESOPHAGEAL,NORMAL,LOW,NORMAL,NORMAL,ZERO,HIGH,HIGH,HIGH,False,ZERO,NORMAL,LOW
LOW,NORMAL,LOW,False,False,False,False,False,NORMAL,NORMAL,LOW,LOW,NORMAL,NORMAL,ZERO,LOW,LOW,LOW,False,ZERO,NORMAL,LOW
HIGH,NORMAL,LOW,False,False,False,True,False,HIGH,NORMAL,LOW,LOW,NORMAL,NORMAL,ZERO,HIGH,HIGH,HIGH,False,ZERO,NORMAL,NORMAL
HIGH,NORMAL,LOW,False,False,True,False,False,NORMAL,ONESIDED,NORMAL,LOW,NORMAL,HIGH,ZERO,NORMAL,NORMAL,NORMAL,False,LOW,HIGH,LOW
HIGH,NORMAL,LOW,False,False,False,False,False,NORMAL,NORMAL,LOW,LOW,NORMAL,HIGH,ZERO,HIGH,HIGH,LOW,False,ZERO,NORMAL,NORMAL
HIGH,NORMAL,LOW,False,False,False,False,False,NORMAL,NORMAL,LOW,LOW,NORMAL,HIGH,ZERO,HIGH,HIGH,NORMAL,False,ZERO,NORMAL,HIGH
LOW,HIGH,HIGH,False,False,False,False,False,NORMAL,NORMAL,LOW,HIGH,NORMAL,NORMAL,HIGH,LOW,LOW,NORMAL,False,HIGH,NORMAL,HIGH
HIGH,NORMAL,LOW,False,False,False,False,False,NORMAL,NORMAL,LOW,LOW,NORMAL,HIGH,ZERO,HIGH,HIGH,NORMAL,False,ZERO,NORMAL,HIGH
HIGH,NORMAL,LOW,False,False,False,False,False,NORMAL,NORMAL,LOW,LOW,NORMAL,HIGH,ZERO,HIGH,HIGH,NORMAL,False,ZERO,NORMAL,HIGH
HIGH,NORMAL,LOW,False,False,False,False,False,NORMAL,NORMAL,LOW,LOW,NORMAL,HIGH,LOW,HIGH,HIGH,NORMAL,False,ZERO,NORMAL,HIGH
HIGH,NORMAL,LOW,False,False,False,False,False,NORMAL,NORMAL,LOW,LOW,NORMAL,HIGH,ZERO,HIGH,HIGH,NORMAL,False,ZERO,NORMAL,LOW
HIGH,ZERO,ZERO,True,False,False,False,False,NORMAL,NORMAL,LOW,HIGH,HIGH,HIGH,HIGH,HIGH,HIGH,NORMAL,False,HIGH,NORMAL,LOW
HIGH,NORMAL,LOW,False,False,True,False,False,NORMAL,NORMAL,LOW,LOW,NORMAL,HIGH,ZERO,NORMAL,NORMAL,NORMAL,False,ZERO,NORMAL,LOW
HIGH,NORMAL,LOW,False,False,False,False,False,NORMAL,NORMAL,LOW,LOW,NORMAL,NORMAL,ZERO,HIGH,HIGH,NORMAL,False,ZERO,NORMAL,NORMAL
HIGH,NORMAL,LOW,False,False,False,False,False,NORMAL,NORMAL,LOW,LOW,NORMAL,HIGH,ZERO,HIGH,HIGH,NORMAL,False,ZERO,NORMAL,LOW
LOW,NORMAL,LOW,False,False,True,False,False,NORMAL,NORMAL,LOW,LOW,NORMAL,NORMAL,ZERO,NORMAL,HIGH,NORMAL,True,ZERO,NORMAL,HIGH
HIGH,NORMAL,LOW,False,False,False,False,False,NORMAL,NORMAL,LOW,LOW,NORMAL,HIGH,ZERO,HIGH,HIGH,NORMAL,False,ZERO,NORMAL,NORMAL
HIGH,NORMAL,LOW,False,False,False,False,False,NORMAL,ONESIDED,NORMAL,LOW,NORMAL,LOW,LOW,HIGH,HIGH,NORMAL,False,LOW,HIGH,HIGH
HIGH,NORMAL,LOW,False,False,False,False,False,NORMAL,NORMAL,LOW,LOW,NORMAL,HIGH,ZERO,HIGH,HIGH,NORMAL,False,ZERO,NORMAL,NORMAL
LOW,NORMAL,ZERO,True,False,False,False,False,NORMAL,NORMAL,LOW,LOW,NORMAL,NORMAL,ZERO,LOW,LOW,NORMAL,False,ZERO,NORMAL,LOW
LOW,NORMAL,ZERO,False,False,False,False,False,NORMAL,NORMAL,LOW,HIGH,NORMAL,NORMAL,HIGH,LOW,LOW,NORMAL,False,HIGH,NORMAL,HIGH
HIGH,NORMAL,LOW,False,False,False,False,False,NORMAL,NORMAL,LOW,LOW,NORMAL,HIGH,ZERO,HIGH,HIGH,NORMAL,False,ZERO,NORMAL,HIGH
LOW,ZERO,ZERO,False,False,False,False,False,NORMAL,NORMAL,LOW,HIGH,NORMAL,NORMAL,HIGH,LOW,LOW,NORMAL,False,HIGH,NORMAL,HIGH
HIGH,NORMAL,LOW,False,False,False,True,False,NORMAL,NORMAL,LOW,LOW,HIGH,HIGH,ZERO,HIGH,HIGH,NORMAL,True,ZERO,NORMAL,LOW
LOW,HIGH,HIGH,False,False,False,False,False,LOW,NORMAL,LOW,HIGH,NORMAL,HIGH,HIGH,LOW,LOW,LOW,False,HIGH,NORMAL,LOW
HIGH,NORMAL,LOW,False,False,False,False,False,NORMAL,NORMAL,LOW,LOW,NORMAL,HIGH,ZERO,HIGH,HIGH,NORMAL,False,ZERO,NORMAL,NORMAL
LOW,HIGH,HIGH,False,False,False,False,False,NORMAL,ESOPHAGEAL,NORMAL,HIGH,HIGH,NORMAL,LOW,LOW,LOW,NORMAL,False,HIGH,NORMAL,HIGH
HIGH,NORMAL,LOW,False,False,False,False,False,NORMAL,NORMAL,LOW,LOW,NORMAL,HIGH,ZERO,HIGH,HIGH,NORMAL,False,ZERO,NORMAL,NORMAL
HIGH,HIGH,HIGH,False,False,False,False,False,HIGH,NORMAL,LOW,HIGH,NORMAL,HIGH,HIGH,HIGH,HIGH,HIGH,False,HIGH,NORMAL,LOW
HIGH,NORMAL,ZERO,False,False,False,False,False,NORMAL,NORMAL,LOW,HIGH,NORMAL,HIGH,HIGH,HIGH,HIGH,NORMAL,False,HIGH,NORMAL,LOW
LOW,ZERO,ZERO,False,False,True,False,False,HIGH,NORMAL,LOW,HIGH,NORMAL,LOW,HIGH,HIGH,LOW,HIGH,False,HIGH,NORMAL,HIGH
HIGH,NORMAL,LOW,False,False,False,False,False,NORMAL,NORMAL,LOW,HIGH,NORMAL,HIGH,HIGH,HIGH,HIGH,NORMAL,False,HIGH,NORMAL,LOW
HIGH,NORMAL,LOW,False,False,False,False,False,NORMAL,NORMAL,LOW,LOW,NORMAL,HIGH,ZERO,HIGH,HIGH,NORMAL,False,ZERO,NORMAL,NORMAL
NORMAL,NORMAL,LOW,False,False,False,False,False,NORMAL,NORMAL,LOW,LOW,NORMAL,HIGH,ZERO,HIGH,HIGH,NORMAL,False,ZERO,NORMAL,NORMAL
HIGH,NORMAL,LOW,False,False,False,True,False,NORMAL,NORMAL,LOW,LOW,NORMAL,HIGH,ZERO,HIGH,HIGH,NORMAL,False,ZERO,NORMAL,NORMAL
LOW,ZERO,ZERO,False,False,False,False,False,NORMAL,NORMAL,LOW,HIGH,NORMAL,NORMAL,HIGH,LOW,LOW,NORMAL,False,HIGH,NORMAL,HIGH
NORMAL,NORMAL,HIGH,False,False,True,False,False,NORMAL,NORMAL,LOW,HIGH,NORMAL,NORMAL,HIGH,NORMAL,NORMAL,NORMAL,False,HIGH,NORMAL,NORMAL
HIGH,NORMAL,LOW,False,False,False,True,False,HIGH,NORMAL,LOW,LOW,NORMAL,LOW,ZERO,HIGH,HIGH,HIGH,False,ZERO,NORMAL,LOW
HIGH,NORMAL,LOW,False,False,False,False,False,NORMAL,ESOPHAGEAL,HIGH,LOW,NORMAL,HIGH,ZERO,HIGH,HIGH,NORMAL,False,ZERO,HIGH,NORMAL
HIGH,LOW,ZERO,False,True,False,False,False,NORMAL,NORMAL,ZERO,HIGH,HIGH,HIGH,HIGH,HIGH,HIGH,NORMAL,False,HIGH,HIGH,LOW
HIGH,NORMAL,LOW,False,False,False,False,False,NORMAL,NORMAL,LOW,LOW,NORMAL,LOW,ZERO,HIGH,HIGH,NORMAL,False,ZERO,NORMAL,NORMAL
NORMAL,NORMAL,LOW,False,False,False,True,False,NORMAL,ONESIDED,NORMAL,LOW,NORMAL,NORMAL,LOW,HIGH,HIGH,NORMAL,False,LOW,HIGH,NORMAL
HIGH,NORMAL,LOW,False,False,False,False,False,LOW,NORMAL,LOW,LOW,NORMAL,HIGH,ZERO,HIGH,HIGH,LOW,False,ZERO,NORMAL,HIGH
HIGH,HIGH,HIGH,False,False,False,False,False,NORMAL,NORMAL,LOW,HIGH,NORMAL,HIGH,HIGH,HIGH,HIGH,NORMAL,False,HIGH,NORMAL,NORMAL
HIGH,NORMAL,LOW,False,False,True,False,False,LOW,NORMAL,LOW,LOW,NORMAL,LOW,ZERO,NORMAL,NORMAL,LOW,False,ZERO,NORMAL,LOW
HIGH,NORMAL,NORMAL,False,False,False,False,False,NORMAL,ESOPHAGEAL,LOW,LOW,NORMAL,HIGH,LOW,HIGH,HIGH,NORMAL,False,LOW,NORMAL,LOW
HIGH,NORMAL,LOW,False,False,False,False,False,NORMAL,NORMAL,HIGH,LOW,NORMAL,NORMAL,LOW,LOW,LOW,LOW,False,LOW,NORMAL,HIGH
HIGH,NORMAL,LOW,False,False,False,False,False,HIGH,NORMAL,LOW,LOW,NORMAL,HIGH,ZERO,HIGH,HIGH,HIGH,False,ZERO,NORMAL,HIGH
HIGH,ZERO,ZERO,False,False,False,False,False,HIGH,NORMAL,LOW,HIGH,NORMAL,HIGH,HIGH,HIGH,HIGH,NORMAL,False,HIGH,NORMAL,LOW
LOW,NORMAL,LOW,False,False,False,False,False,HIGH,NORMAL,LOW,LOW,LOW,LOW,ZERO,LOW,LOW,HIGH,True,ZERO,NORMAL,HIGH
HIGH,NORMAL,LOW,False,False,False,False,False,NORMAL,NORMAL,LOW,LOW,NORMAL,HIGH,ZERO,HIGH,HIGH,NORMAL,False,ZERO,NORMAL,NORMAL
HIGH,ZERO,ZERO,False,False,False,False,False,NORMAL,NORMAL,LOW,LOW,NORMAL,HIGH,ZERO,HIGH,HIGH,NORMAL,False,ZERO,NORMAL,NORMAL
NORMAL,NORMAL,LOW,False,False,False,False,False,NORMAL,NORMAL,LOW,LOW,NORMAL,LOW,ZERO,HIGH,HIGH,NORMAL,False,ZERO,NORMAL,HIGH
HIGH,NORMAL,LOW,False,False,False,False,False,HIGH,NORMAL,LOW,LOW,NORMAL,HIGH,ZERO,HIGH,HIGH,HIGH,False,ZERO,NORMAL,HIGH
HIGH,NORMAL,LOW,False,False,False,False,False,NORMAL,NORMAL,LOW,LOW,NORMAL,NORMAL,ZERO,HIGH,HIGH,NORMAL,False,ZERO,NORMAL,LOW
HIGH,ZERO,ZERO,False,False,False,False,False,NORMAL,NORMAL,LOW,HIGH,NORMAL,HIGH,HIGH,HIGH,HIGH,NORMAL,False,HIGH,NORMAL,NORMAL
NORMAL,ZERO,ZERO,False,False,False,False,False,NORMAL,NORMAL,LOW,HIGH,NORMAL,HIGH,HIGH,HIGH,HIGH,NORMAL,False,HIGH,NORMAL,NORMAL
HIGH,NORMAL,LOW,False,False,False,False,False,NORMAL,NORMAL,LOW,LOW,NORMAL,NORMAL,ZERO,HIGH,HIGH,NORMAL,False,ZERO,NORMAL,NORMAL
HIGH,HIGH,HIGH,False,False,True,False,False,NORMAL,NORMAL,LOW,HIGH,NORMAL,HIGH,HIGH,NORMAL,NORMAL,NORMAL,False,HIGH,NORMAL,NORMAL
HIGH,NORMAL,LOW,False,False,False,False,False,NORMAL,NORMAL,LOW,LOW,NORMAL,HIGH,ZERO,HIGH,HIGH,NORMAL,False,ZERO,NORMAL,NORMAL
NORMAL,NORMAL,LOW,False,False,False,False,False,NORMAL,NORMAL,LOW,LOW,NORMAL,NORMAL,ZERO,LOW,LOW,NORMAL,True,ZERO,NORMAL,NORMAL
HIGH,NORMAL,LOW,False,False,False,False,False,HIGH,NORMAL,LOW,LOW,NORMAL,NORMAL,ZERO,HIGH,HIGH,HIGH,False,ZERO,NORMAL,LOW
LOW,NORMAL,LOW,False,False,False,False,False,NORMAL,ONESIDED,NORMAL,LOW,NORMAL,NORMAL,LOW,LOW,LOW,NORMAL,False,LOW,HIGH,HIGH
HIGH,NORMAL,ZERO,False,False,False,False,False,NORMAL,NORMAL,LOW,HIGH,NORMAL,HIGH,HIGH,HIGH,HIGH,NORMAL,False,HIGH,NORMAL,NORMAL
HIGH,NORMAL,ZERO,False,False,False,True,False,LOW,ONESIDED,LOW,LOW,NORMAL,LOW,NORMAL,HIGH,HIGH,LOW,False,NORMAL,HIGH,LOW
HIGH,NORMAL,ZERO,False,False,False,False,False,NORMAL,NORMAL,HIGH,LOW,NORMAL,HIGH,LOW,HIGH,HIGH,NORMAL,False,LOW,NORMAL,NORMAL
LOW,NORMAL,LOW,False,False,False,False,False,HIGH,NORMAL,LOW,LOW,NORMAL,NORMAL,ZERO,LOW,LOW,HIGH,False,ZERO,NORMAL,LOW
HIGH,NORMAL,LOW,False,False,False,False,True,LOW,NORMAL,LOW,LOW,NORMAL,LOW,ZERO,HIGH,HIGH,LOW,False,ZERO,NORMAL,NORMAL
NORMAL,NORMAL,LOW,False,False,False,False,False,NORMAL,NORMAL,LOW,LOW,LOW,HIGH,ZERO,HIGH,HIGH,NORMAL,False,ZERO,NORMAL,NORMAL
HIGH,LOW,ZERO,False,False,False,False,False,NORMAL,NORMAL,LOW,LOW,NORMAL,HIGH,ZERO,HIGH,HIGH,NORMAL,False,ZERO,NORMAL,HIGH
LOW,NORMAL,HIGH,False,False,False,False,True,LOW,NORMAL,LOW,HIGH,NORMAL,LOW,HIGH,LOW,LOW,LOW,False,HIGH,NORMAL,HIGH
HIGH,NORMAL,LOW,False,False,True,False,False,NORMAL,NORMAL,LOW,LOW,NORMAL,HIGH,ZERO,NORMAL,NORMAL,NORMAL,False,ZERO,NORMAL,HIGH
HIGH,NORMAL,LOW,False,False,False,False,False,HIGH,NORMAL,LOW,LOW,LOW,LOW,ZERO,HIGH,HIGH,HIGH,False,ZERO,NORMAL,LOW
HIGH,NORMAL,LOW,False,False,False,False,True,LOW,NORMAL,LOW,LOW,NORMAL,LOW,ZERO,HIGH,HIGH,LOW,False,ZERO,NORMAL,HIGH
LOW,NORMAL,LOW,False,False,False,True,False,HIGH,ESOPHAGEAL,NORMAL,LOW,NORMAL,LOW,ZERO,LOW,LOW,HIGH,False,ZERO,NORMAL,LOW
NORMAL,ZERO,ZERO,False,False,False,False,False,LOW,NORMAL,LOW,HIGH,NORMAL,LOW,HIGH,HIGH,HIGH,NORMAL,False,HIGH,NORMAL,NORMAL
LOW,NORMAL,LOW,False,False,False,False,False,NORMAL,NORMAL,LOW,LOW,NORMAL,NORMAL,ZERO,LOW,LOW,NORMAL,False,ZERO,NORMAL,LOW
HIGH,LOW,ZERO,False,False,True,True,False,HIGH,NORMAL,LOW,LOW,NORMAL,LOW,ZERO,NORMAL,NORMAL,HIGH,False,ZERO,NORMAL,NORMAL
HIGH,NORMAL,LOW,False,False,False,False,False,NORMAL,NORMAL,LOW,LOW,NORMAL,HIGH,ZERO,HIGH,HIGH,NORMAL,False,ZERO,NORMAL,HIGH
HIGH,NORMAL,LOW,False,False,False,False,False,NORMAL,NORMAL,LOW,LOW,NORMAL,NORMAL,ZERO,HIGH,HIGH,NORMAL,False,ZERO,NORMAL,NORMAL
HIGH,NORMAL,LOW,False,False,False,False,True,NORMAL,NORMAL,LOW,LOW,NORMAL,LOW,ZERO,HIGH,HIGH,LOW,False,LOW,NORMAL,HIGH
NORMAL,NORMAL,LOW,False,False,False,False,False,NORMAL,NORMAL,ZERO,HIGH,NORMAL,HIGH,ZERO,HIGH,HIGH,NORMAL,False,HIGH,NORMAL,LOW
HIGH,NORMAL,ZERO,False,False,False,False,False,NORMAL,NORMAL,LOW,HIGH,NORMAL,HIGH,HIGH,HIGH,HIGH,NORMAL,False,HIGH,NORMAL,NORMAL
HIGH,NORMAL,LOW,False,False,False,False,False,LOW,NORMAL,LOW,LOW,NORMAL,HIGH,ZERO,HIGH,HIGH,LOW,False,ZERO,NORMAL,HIGH
HIGH,NORMAL,LOW,False,False,False,False,False,NORMAL,NORMAL,ZERO,HIGH,NORMAL,HIGH,ZERO,HIGH,HIGH,NORMAL,False,HIGH,NORMAL,NORMAL
NORMAL,NORMAL,LOW,False,False,False,False,False,NORMAL,NORMAL,LOW,LOW,NORMAL,HIGH,ZERO,HIGH,HIGH,NORMAL,False,ZERO,NORMAL,HIGH
HIGH,HIGH,HIGH,False,False,False,False,False,NORMAL,NORMAL,LOW,HIGH,NORMAL,HIGH,HIGH,HIGH,HIGH,NORMAL,False,HIGH,NORMAL,NORMAL
LOW,NORMAL,LOW,False,False,False,False,True,LOW,NORMAL,LOW,HIGH,NORMAL,LOW,HIGH,LOW,LOW,LOW,False,HIGH,NORMAL,LOW
HIGH,NORMAL,LOW,False,False,False,False,False,LOW,NORMAL,LOW,LOW,NORMAL,HIGH,ZERO,HIGH,HIGH,LOW,False,ZERO,NORMAL,HIGH
LOW,NORMAL,LOW,False,False,False,False,False,NORMAL,NORMAL,LOW,LOW,NORMAL,NORMAL,ZERO,LOW,LOW,NORMAL,False,ZERO,NORMAL,HIGH
HIGH,NORMAL,LOW,False,True,True,False,False,HIGH,NORMAL,NORMAL,LOW,HIGH,HIGH,ZERO,NORMAL,NORMAL,HIGH,False,ZERO,HIGH,NORMAL
HIGH,NORMAL,LOW,False,False,False,False,False,NORMAL,NORMAL,LOW,LOW,NORMAL,HIGH,ZERO,HIGH,HIGH,NORMAL,False,ZERO,NORMAL,HIGH
HIGH,NORMAL,LOW,False,False,False,False,False,NORMAL,NORMAL,LOW,LOW,NORMAL,HIGH,ZERO,HIGH,LOW,NORMAL,False,ZERO,HIGH,LOW
HIGH,NORMAL,ZERO,False,False,False,False,False,NORMAL,ESOPHAGEAL,LOW,LOW,NORMAL,HIGH,LOW,HIGH,HIGH,NORMAL,False,LOW,NORMAL,HIGH
HIGH,NORMAL,LOW,False,False,False,False,True,LOW,NORMAL,LOW,LOW,NORMAL,NORMAL,ZERO,HIGH,HIGH,LOW,False,ZERO,NORMAL,LOW
LOW,NORMAL,HIGH,False,False,False,False,False,NORMAL,NORMAL,LOW,HIGH,NORMAL,NORMAL,HIGH,LOW,LOW,NORMAL,False,HIGH,NORMAL,HIGH
HIGH,NORMAL,LOW,False,False,True,True,False,HIGH,NORMAL,LOW,LOW,NORMAL,LOW,ZERO,NORMAL,NORMAL,HIGH,False,ZERO,NORMAL,LOW
HIGH,NORMAL,LOW,False,False,False,False,False,NORMAL,ESOPHAGEAL,LOW,LOW,NORMAL,HIGH,LOW,HIGH,HIGH,NORMAL,False,LOW,NORMAL,HIGH
HIGH,NORMAL,LOW,False,False,False,False,True,LOW,NORMAL,LOW,LOW,NORMAL,LOW,ZERO,HIGH,HIGH,LOW,False,ZERO,NORMAL,LOW
HIGH,NORMAL,LOW,False,False,False,False,False,NORMAL,NORMAL,LOW,LOW,NORMAL,HIGH,ZERO,HIGH,HIGH,NORMAL,False,ZERO,NORMAL,NORMAL
HIGH,NORMAL,LOW,False,False,False,False,False,NORMAL,NORMAL,LOW,LOW,LOW,HIGH,ZERO,HIGH,HIGH,NORMAL,False,ZERO,NORMAL,HIGH
LOW,NORMAL,LOW,False,False,False,False,False,NORMAL,NORMAL,LOW,HIGH,NORMAL,NORMAL,HIGH,LOW,LOW,NORMAL,False,HIGH,NORMAL,HIGH
HIGH,NORMAL,LOW,False,False,False,False,False,NORMAL,NORMAL,LOW,HIGH,NORMAL,HIGH,HIGH,HIGH,HIGH,NORMAL,False,HIGH,NORMAL,NORMAL
LOW,NORMAL,LOW,False,False,False,False,False,NORMAL,NORMAL,LOW,LOW,LOW,NORMAL,ZERO,LOW,LOW,NORMAL,False,ZERO,NORMAL,NORMAL
LOW,NORMAL,HIGH,False,False,False,False,False,NORMAL,NORMAL,LOW,HIGH,NORMAL,NORMAL,HIGH,LOW,LOW,NORMAL,False,HIGH,NORMAL,HIGH
LOW,NORMAL,LOW,False,False,False,False,False,NORMAL,NORMAL,LOW,LOW,NORMAL,HIGH,ZERO,HIGH,HIGH,NORMAL,False,ZERO,NORMAL,LOW
LOW,NORMAL,LOW,False,False,False,False,False,NORMAL,ESOPHAGEAL,NORMAL,LOW,HIGH,NORMAL,ZERO,LOW,LOW,NORMAL,False,ZERO,NORMAL,NORMAL
HIGH,NORMAL,LOW,False,False,False,False,False,LOW,NORMAL,LOW,HIGH,NORMAL,HIGH,LOW,NORMAL,HIGH,LOW,False,HIGH,NORMAL,NORMAL
HIGH,NORMAL,LOW,False,False,False,True,False,NORMAL,ONESIDED,NORMAL,LOW,NORMAL,HIGH,LOW,HIGH,HIGH,NORMAL,False,LOW,NORMAL,LOW
LOW,NORMAL,ZERO,False,False,False,False,False,NORMAL,NORMAL,LOW,LOW,NORMAL,NORMAL,ZERO,LOW,LOW,NORMAL,False,ZERO,NORMAL,HIGH
HIGH,NORMAL,LOW,False,False,False,False,False,NORMAL,NORMAL,LOW,LOW,NORMAL,HIGH,ZERO,HIGH,HIGH,NORMAL,False,ZERO,NORMAL,HIGH
LOW,NORMAL,LOW,False,False,False,False,False,NORMAL,ESOPHAGEAL,LOW,NORMAL,NORMAL,NORMAL,LOW,LOW,LOW,NORMAL,False,LOW,NORMAL,HIGH
HIGH,NORMAL,LOW,False,False,False,False,False,NORMAL,NORMAL,LOW,LOW,NORMAL,HIGH,LOW,HIGH,HIGH,NORMAL,False,ZERO,NORMAL,HIGH
HIGH,NORMAL,LOW,False,False,False,False,False,NORMAL,NORMAL,LOW,NORMAL,NORMAL,NORMAL,ZERO,HIGH,HIGH,NORMAL,False,ZERO,NORMAL,LOW
HIGH,NORMAL,LOW,False,False,False,False,False,HIGH,NORMAL,LOW,LOW,NORMAL,HIGH,ZERO,HIGH,HIGH,HIGH,False,ZERO,NORMAL,HIGH
HIGH,NORMAL,NORMAL,False,False,False,False,False,NORMAL,NORMAL,HIGH,LOW,NORMAL,HIGH,LOW,HIGH,HIGH,NORMAL,False,LOW,NORMAL,LOW
HIGH,NORMAL,LOW,False,False,False,False,False,NORMAL,NORMAL,LOW,LOW,NORMAL,HIGH,ZERO,HIGH,HIGH,NORMAL,False,ZERO,NORMAL,NORMAL
HIGH,NORMAL,LOW,False,False,False,False,False,NORMAL,NORMAL,LOW,HIGH,NORMAL,HIGH,HIGH,HIGH,HIGH,NORMAL,False,HIGH,NORMAL,LOW
NORMAL,NORMAL,ZERO,False,False,True,False,False,NORMAL,NORMAL,LOW,HIGH,NORMAL,HIGH,HIGH,NORMAL,NORMAL,NORMAL,False,HIGH,NORMAL,NORMAL
HIGH,NORMAL,LOW,False,False,False,True,False,HIGH,NORMAL,LOW,LOW,NORMAL,LOW,ZERO,HIGH,HIGH,HIGH,False,ZERO,NORMAL,LOW
HIGH,NORMAL,LOW,False,False,False,False,False,NORMAL,NORMAL,LOW,LOW,LOW,HIGH,ZERO,HIGH,HIGH,NORMAL,False,ZERO,NORMAL,NORMAL
HIGH,NORMAL,ZERO,False,False,False,False,False,NORMAL,ESOPHAGEAL,LOW,LOW,NORMAL,HIGH,LOW,HIGH,HIGH,NORMAL,False,LOW,NORMAL,LOW
LOW,NORMAL,LOW,False,False,False,False,False,HIGH,NORMAL,ZERO,HIGH,NORMAL,LOW,HIGH,LOW,LOW,HIGH,False,HIGH,NORMAL,LOW
HIGH,HIGH,HIGH,False,False,False,False,False,NORMAL,NORMAL,LOW,HIGH,NORMAL,HIGH,HIGH,HIGH,HIGH,NORMAL,False,HIGH,HIGH,NORMAL
HIGH,NORMAL,LOW,False,False,True,True,False,NORMAL,NORMAL,LOW,LOW,NORMAL,HIGH,ZERO,NORMAL,NORMAL,HIGH,False,ZERO,NORMAL,LOW
HIGH,NORMAL,LOW,False,False,False,False,False,NORMAL,NORMAL,LOW,LOW,NORMAL,HIGH,ZERO,HIGH,HIGH,NORMAL,False,ZERO,NORMAL,LOW
HIGH,NORMAL,LOW,False,False,True,False,False,HIGH,NORMAL,LOW,LOW,NORMAL,HIGH,ZERO,NORMAL,NORMAL,HIGH,False,ZERO,NORMAL,LOW
HIGH,NORMAL,HIGH,False,False,False,False,False,NORMAL,NORMAL,ZERO,HIGH,NORMAL,LOW,HIGH,HIGH,HIGH,NORMAL,False,HIGH,NORMAL,NORMAL
HIGH,NORMAL,LOW,False,False,False,False,False,NORMAL,NORMAL,HIGH,LOW,NORMAL,LOW,ZERO,HIGH,HIGH,NORMAL,False,ZERO,HIGH,LOW
LOW,NORMAL,LOW,False,False,False,True,False,NORMAL,NORMAL,LOW,LOW,NORMAL,NORMAL,ZERO,LOW,LOW,NORMAL,False,ZERO,NORMAL,HIGH
HIGH,HIGH,HIGH,False,False,False,False,False,NORMAL,NORMAL,LOW,HIGH,NORMAL,LOW,HIGH,HIGH,HIGH,NORMAL,False,HIGH,NORMAL,NORMAL
HIGH,NORMAL,LOW,False,False,False,False,False,NORMAL,NORMAL,LOW,LOW,NORMAL,HIGH,ZERO,HIGH,HIGH,NORMAL,False,ZERO,NORMAL,LOW
HIGH,NORMAL,LOW,False,False,False,True,False,NORMAL,NORMAL,LOW,LOW,NORMAL,LOW,ZERO,HIGH,HIGH,NORMAL,False,ZERO,NORMAL,LOW
HIGH,NORMAL,HIGH,False,False,False,False,False,NORMAL,NORMAL,LOW,NORMAL,NORMAL,HIGH,HIGH,HIGH,HIGH,NORMAL,False,HIGH,NORMAL,NORMAL
HIGH,HIGH,NORMAL,False,False,False,False,False,NORMAL,NORMAL,HIGH,LOW,NORMAL,HIGH,LOW,HIGH,HIGH,NORMAL,False,LOW,NORMAL,HIGH
NORMAL,NORMAL,LOW,False,False,False,False,False,NORMAL,NORMAL,LOW,LOW,HIGH,HIGH,ZERO,HIGH,HIGH,NORMAL,False,LOW,NORMAL,NORMAL
HIGH,NORMAL,LOW,False,False,False,False,False,HIGH,NORMAL,LOW,LOW,NORMAL,HIGH,ZERO,HIGH,HIGH,HIGH,False,ZERO,NORMAL,HIGH
HIGH,NORMAL,LOW,False,False,False,False,False,NORMAL,NORMAL,LOW,LOW,NORMAL,LOW,ZERO,HIGH,HIGH,NORMAL,False,ZERO,NORMAL,NORMAL
NORMAL,NORMAL,LOW,False,False,False,False,False,NORMAL,NORMAL,LOW,LOW,HIGH,HIGH,ZERO,HIGH,HIGH,NORMAL,False,ZERO,NORMAL,NORMAL
HIGH,NORMAL,ZERO,False,False,False,False,False,NORMAL,NORMAL,ZERO,LOW,NORMAL,LOW,ZERO,HIGH,HIGH,NORMAL,True,ZERO,NORMAL,LOW
LOW,NORMAL,ZERO,False,False,False,False,False,NORMAL,NORMAL,LOW,HIGH,NORMAL,NORMAL,HIGH,LOW,LOW,NORMAL,False,HIGH,NORMAL,LOW
LOW,NORMAL,LOW,False,False,False,False,False,NORMAL,NORMAL,LOW,LOW,NORMAL,NORMAL,ZERO,LOW,LOW,NORMAL,False,ZERO,NORMAL,HIGH
LOW,HIGH,HIGH,False,False,False,False,False,HIGH,NORMAL,LOW,HIGH,NORMAL,NORMAL,HIGH,LOW,LOW,HIGH,False,HIGH,NORMAL,HIGH
HIGH,NORMAL,LOW,False,False,False,False,False,NORMAL,NORMAL,LOW,LOW,HIGH,HIGH,ZERO,HIGH,HIGH,NORMAL,False,ZERO,NORMAL,NORMAL
HIGH,HIGH,HIGH,False,False,False,False,False,NORMAL,NORMAL,LOW,HIGH,NORMAL,HIGH,HIGH,HIGH,HIGH,NORMAL,False,HIGH,NORMAL,LOW
HIGH,NORMAL,LOW,False,False,False,False,False,NORMAL,NORMAL,LOW,LOW,NORMAL,HIGH,ZERO,HIGH,HIGH,NORMAL,False,ZERO,NORMAL,HIGH
LOW,NORMAL,LOW,False,False,False,False,False,NORMAL,NORMAL,LOW,LOW,NORMAL,NORMAL,ZERO,LOW,NORMAL,NORMAL,False,ZERO,HIGH,LOW
HIGH,NORMAL,LOW,False,False,False,False,False,HIGH,NORMAL,LOW,LOW,NORMAL,HIGH,ZERO,HIGH,HIGH,HIGH,True,ZERO,NORMAL,NORMAL
HIGH,NORMAL,ZERO,False,False,False,False,False,NORMAL,NORMAL,LOW,HIGH,NORMAL,HIGH,HIGH,HIGH,HIGH,NORMAL,False,HIGH,NORMAL,NORMAL
HIGH,NORMAL,LOW,False,False,False,False,False,HIGH,NORMAL,LOW,LOW,NORMAL,HIGH,ZERO,HIGH,HIGH,HIGH,False,ZERO,NORMAL,HIGH
HIGH,NORMAL,LOW,False,False,False,False,False,NORMAL,NORMAL,LOW,LOW,NORMAL,HIGH,ZERO,NORMAL,HIGH,NORMAL,False,ZERO,NORMAL,LOW
HIGH,NORMAL,LOW,False,False,True,False,False,NORMAL,NORMAL,LOW,LOW,NORMAL,HIGH,ZERO,NORMAL,NORMAL,NORMAL,False,ZERO,NORMAL,HIGH
HIGH,NORMAL,LOW,False,False,True,False,False,NORMAL,NORMAL,LOW,HIGH,NORMAL,HIGH,HIGH,NORMAL,NORMAL,LOW,False,HIGH,NORMAL,NORMAL
HIGH,NORMAL,LOW,False,False,False,False,False,NORMAL,NORMAL,LOW,LOW,LOW,HIGH,ZERO,HIGH,HIGH,NORMAL,False,ZERO,NORMAL,NORMAL
HIGH,NORMAL,LOW,False,False,False,True,True,LOW,ESOPHAGEAL,NORMAL,LOW,NORMAL,HIGH,ZERO,HIGH,HIGH,LOW,False,ZERO,NORMAL,HIGH
HIGH,NORMAL,LOW,False,False,False,False,False,NORMAL,NORMAL,NORMAL,LOW,NORMAL,HIGH,LOW,HIGH,HIGH,NORMAL,False,NORMAL,NORMAL,HIGH
NORMAL,NORMAL,LOW,False,False,False,False,False,NORMAL,NORMAL,LOW,HIGH,HIGH,HIGH,HIGH,HIGH,HIGH,NORMAL,False,HIGH,NORMAL,LOW
HIGH,NORMAL,LOW,False,False,True,True,False,HIGH,NORMAL,LOW,LOW,NORMAL,LOW,ZERO,NORMAL,NORMAL,HIGH,False,ZERO,NORMAL,LOW
LOW,ZERO,ZERO,False,False,False,False,False,NORMAL,NORMAL,LOW,HIGH,NORMAL,NORMAL,HIGH,LOW,LOW,NORMAL,False,HIGH,NORMAL,HIGH
LOW,HIGH,HIGH,False,False,False,False,False,NORMAL,NORMAL,LOW,HIGH,NORMAL,NORMAL,HIGH,LOW,LOW,NORMAL,False,HIGH,NORMAL,LOW
HIGH,NORMAL,ZERO,False,False,False,False,False,NORMAL,NORMAL,LOW,HIGH,NORMAL,HIGH,HIGH,HIGH,HIGH,HIGH,False,HIGH,NORMAL,NORMAL
HIGH,LOW,ZERO,False,False,False,True,False,NORMAL,NORMAL,ZERO,HIGH,NORMAL,HIGH,HIGH,HIGH,HIGH,NORMAL,False,HIGH,NORMAL,NORMAL
HIGH,LOW,ZERO,False,False,False,True,False,NORMAL,ESOPHAGEAL,NORMAL,LOW,NORMAL,HIGH,ZERO,HIGH,HIGH,NORMAL,False,ZERO,NORMAL,NORMAL
HIGH,NORMAL,LOW,False,False,False,False,False,HIGH,NORMAL,LOW,LOW,NORMAL,HIGH,ZERO,HIGH,HIGH,HIGH,False,ZERO,NORMAL,LOW
HIGH,NORMAL,LOW,False,False,False,False,False,NORMAL,NORMAL,LOW,LOW,NORMAL,HIGH,ZERO,HIGH,HIGH,NORMAL,False,ZERO,NORMAL,HIGH
HIGH,HIGH,HIGH,False,False,False,False,False,NORMAL,NORMAL,LOW,HIGH,NORMAL,HIGH,HIGH,HIGH,HIGH,NORMAL,False,HIGH,NORMAL,LOW
HIGH,NORMAL,LOW,False,False,False,False,False,NORMAL,NORMAL,LOW,LOW,NORMAL,NORMAL,ZERO,HIGH,HIGH,NORMAL,True,ZERO,NORMAL,NORMAL
HIGH,NORMAL,LOW,False,False,False,False,False,NORMAL,NORMAL,LOW,LOW,NORMAL,HIGH,ZERO,HIGH,HIGH,NORMAL,False,ZERO,NORMAL,NORMAL
HIGH,HIGH,HIGH,False,False,False,False,False,NORMAL,NORMAL,LOW,HIGH,NORMAL,HIGH,HIGH,HIGH,HIGH,NORMAL,False,HIGH,NORMAL,NORMAL
HIGH,NORMAL,LOW,False,False,False,False,False,NORMAL,ONESIDED,NORMAL,LOW,NORMAL,HIGH,ZERO,HIGH,HIGH,NORMAL,False,LOW,HIGH,NORMAL
HIGH,NORMAL,LOW,False,False,False,True,False,NORMAL,NORMAL,LOW,LOW,NORMAL,HIGH,ZERO,HIGH,HIGH,NORMAL,False,ZERO,NORMAL,NORMAL
LOW,NORMAL,LOW,False,False,False,False,False,HIGH,NORMAL,LOW,LOW,NORMAL,LOW,ZERO,LOW,LOW,HIGH,False,ZERO,NORMAL,LOW
HIGH,NORMAL,ZERO,False,False,False,False,False,NORMAL,NORMAL,LOW,HIGH,NORMAL,HIGH,HIGH,HIGH,HIGH,NORMAL,False,HIGH,NORMAL,LOW
HIGH,LOW,ZERO,False,False,True,False,False,NORMAL,NORMAL,LOW,HIGH,NORMAL,HIGH,HIGH,NORMAL,NORMAL,NORMAL,False,HIGH,NORMAL,NORMAL
HIGH,NORMAL,ZERO,False,False,False,False,False,HIGH,NORMAL,LOW,HIGH,NORMAL,HIGH,HIGH,HIGH,HIGH,HIGH,False,HIGH,NORMAL,NORMAL
HIGH,NORMAL,LOW,False,False,False,False,False,NORMAL,NORMAL,LOW,LOW,NORMAL,HIGH,ZERO,HIGH,HIGH,NORMAL,False,ZERO,NORMAL,LOW
LOW,NORMAL,LOW,False,False,False,False,False,NORMAL,NORMAL,LOW,LOW,NORMAL,HIGH,ZERO,LOW,LOW,NORMAL,False,ZERO,NORMAL,NORMAL
HIGH,NORMAL,LOW,False,False,False,False,False,NORMAL,ONESIDED,NORMAL,LOW,LOW,HIGH,ZERO,HIGH,HIGH,NORMAL,False,LOW,HIGH,NORMAL
HIGH,NORMAL,LOW,False,False,False,False,False,HIGH,NORMAL,LOW,LOW,NORMAL,NORMAL,HIGH,HIGH,HIGH,HIGH,False,ZERO,NORMAL,HIGH
HIGH,NORMAL,LOW,False,False,False,False,False,NORMAL,NORMAL,ZERO,HIGH,NORMAL,HIGH,ZERO,HIGH,HIGH,NORMAL,False,HIGH,NORMAL,NORMAL
HIGH,NORMAL,LOW,False,False,False,False,False,NORMAL,NORMAL,LOW,LOW,NORMAL,HIGH,ZERO,HIGH,HIGH,NORMAL,False,ZERO,NORMAL,HIGH
NORMAL,NORMAL,LOW,False,False,False,False,False,NORMAL,NORMAL,LOW,LOW,NORMAL,LOW,ZERO,NORMAL,HIGH,NORMAL,False,ZERO,NORMAL,HIGH
HIGH,HIGH,NORMAL,False,False,False,False,False,LOW,NORMAL,HIGH,LOW,NORMAL,HIGH,LOW,HIGH,HIGH,LOW,False,LOW,NORMAL,NORMAL
HIGH,ZERO,ZERO,False,False,True,False,False,HIGH,ESOPHAGEAL,LOW,LOW,NORMAL,HIGH,LOW,NORMAL,NORMAL,HIGH,False,LOW,NORMAL,LOW
NORMAL,HIGH,HIGH,False,False,False,False,False,NORMAL,NORMAL,LOW,HIGH,NORMAL,NORMAL,HIGH,LOW,LOW,HIGH,False,HIGH,NORMAL,HIGH
LOW,NORMAL,LOW,False,False,False,False,False,NORMAL,NORMAL,LOW,LOW,NORMAL,NORMAL,ZERO,LOW,LOW,NORMAL,False,ZERO,NORMAL,NORMAL
HIGH,NORMAL,LOW,False,False,True,False,False,NORMAL,NORMAL,LOW,LOW,LOW,LOW,ZERO,NORMAL,NORMAL,NORMAL,False,ZERO,NORMAL,HIGH
HIGH,NORMAL,LOW,False,False,False,False,False,NORMAL,NORMAL,LOW,LOW,NORMAL,HIGH,ZERO,HIGH,HIGH,NORMAL,False,ZERO,NORMAL,NORMAL
LOW,ZERO,ZERO,False,False,False,False,False,NORMAL,NORMAL,LOW,HIGH,NORMAL,NORMAL,HIGH,LOW,LOW,NORMAL,False,HIGH,NORMAL,LOW
HIGH,NORMAL,LOW,False,False,False,False,False,NORMAL,NORMAL,LOW,LOW,NORMAL,HIGH,ZERO,HIGH,HIGH,NORMAL,False,ZERO,NORMAL,LOW
HIGH,NORMAL,ZERO,False,False,False,False,False,NORMAL,NORMAL,LOW,LOW,NORMAL,NORMAL,ZERO,HIGH,HIGH,NORMAL,False,ZERO,NORMAL,NORMAL
HIGH,NORMAL,ZERO,False,False,False,False,False,NORMAL,NORMAL,LOW,HIGH,NORMAL,LOW,HIGH,HIGH,HIGH,NORMAL,False,HIGH,NORMAL,NORMAL
HIGH,NORMAL,LOW,False,False,False,False,False,NORMAL,NORMAL,LOW,LOW,NORMAL,HIGH,ZERO,HIGH,HIGH,LOW,False,ZERO,NORMAL,HIGH
HIGH,NORMAL,ZERO,False,False,True,False,False,HIGH,NORMAL,LOW,LOW,NORMAL,HIGH,ZERO,NORMAL,NORMAL,HIGH,False,ZERO,NORMAL,NORMAL
HIGH,NORMAL,LOW,False,False,True,False,True,LOW,NORMAL,LOW,LOW,LOW,LOW,ZERO,NORMAL,NORMAL,LOW,False,ZERO,NORMAL,NORMAL
HIGH,HIGH,HIGH,False,False,False,False,False,HIGH,NORMAL,LOW,HIGH,HIGH,LOW,HIGH,HIGH,HIGH,HIGH,False,HIGH,NORMAL,NORMAL
HIGH,HIGH,HIGH,False,True,False,False,False,HIGH,NORMAL,LOW,HIGH,HIGH,HIGH,HIGH,HIGH,HIGH,HIGH,False,HIGH,HIGH,LOW
HIGH,NORMAL,ZERO,False,False,False,False,False,NORMAL,NORMAL,ZERO,HIGH,HIGH,HIGH,HIGH,HIGH,HIGH,NORMAL,False,HIGH,NORMAL,HIGH
HIGH,LOW,ZERO,False,False,False,False,False,NORMAL,NORMAL,LOW,HIGH,NORMAL,HIGH,HIGH,HIGH,HIGH,NORMAL,False,HIGH,NORMAL,NORMAL
HIGH,NORMAL,LOW,False,False,False,False,False,HIGH,NORMAL,LOW,LOW,NORMAL,LOW,ZERO,HIGH,HIGH,HIGH,False,ZERO,NORMAL,HIGH
HIGH,LOW,ZERO,False,False,False,False,False,NORMAL,NORMAL,LOW,HIGH,NORMAL,HIGH,HIGH,HIGH,HIGH,NORMAL,False,HIGH,NORMAL,LOW
HIGH,NORMAL,LOW,False,False,False,False,False,LOW,NORMAL,NORMAL,LOW,NORMAL,HIGH,ZERO,HIGH,HIGH,LOW,False,NORMAL,NORMAL,LOW
HIGH,ZERO,ZERO,False,False,False,False,False,NORMAL,NORMAL,LOW,HIGH,LOW,HIGH,HIGH,HIGH,HIGH,HIGH,False,HIGH,NORMAL,LOW
HIGH,ZERO,ZERO,False,False,False,False,False,NORMAL,NORMAL,LOW,LOW,NORMAL,HIGH,ZERO,HIGH,HIGH,NORMAL,False,ZERO,NORMAL,NORMAL
LOW,NORMAL,ZERO,False,False,False,False,False,NORMAL,NORMAL,LOW,HIGH,NORMAL,HIGH,HIGH,HIGH,HIGH,NORMAL,False,HIGH,NORMAL,LOW
HIGH,NORMAL,LOW,False,False,False,True,False,NORMAL,NORMAL,LOW,LOW,NORMAL,LOW,ZERO,HIGH,HIGH,NORMAL,False,ZERO,NORMAL,HIGH
HIGH,NORMAL,ZERO,False,False,False,False,False,LOW,ONESIDED,LOW,LOW,NORMAL,HIGH,NORMAL,HIGH,HIGH,NORMAL,False,NORMAL,HIGH,LOW
HIGH,NORMAL,LOW,True,False,False,False,False,NORMAL,NORMAL,LOW,LOW,LOW,HIGH,ZERO,HIGH,HIGH,NORMAL,False,ZERO,NORMAL,NORMAL
LOW,LOW,ZERO,False,False,False,False,False,HIGH,NORMAL,NORMAL,LOW,NORMAL,HIGH,HIGH,HIGH,HIGH,HIGH,False,LOW,NORMAL,NORMAL
HIGH,NORMAL,LOW,False,False,False,False,False,NORMAL,ESOPHAGEAL,LOW,LOW,NORMAL,HIGH,LOW,HIGH,HIGH,NORMAL,False,LOW,NORMAL,LOW
HIGH,NORMAL,LOW,False,False,False,False,False,NORMAL,NORMAL,LOW,LOW,NORMAL,HIGH,ZERO,HIGH,HIGH,NORMAL,False,ZERO,NORMAL,NORMAL
HIGH,NORMAL,LOW,False,False,False,False,False,NORMAL,NORMAL,LOW,LOW,NORMAL,HIGH,ZERO,HIGH,HIGH,NORMAL,False,ZERO,NORMAL,LOW
HIGH,NORMAL,HIGH,False,False,False,False,False,NORMAL,NORMAL,LOW,HIGH,NORMAL,HIGH,HIGH,HIGH,HIGH,NORMAL,False,HIGH,NORMAL,LOW
HIGH,NORMAL,LOW,False,False,False,False,False,NORMAL,NORMAL,LOW,LOW,NORMAL,HIGH,ZERO,NORMAL,HIGH,NORMAL,False,ZERO,NORMAL,NORMAL
HIGH,NORMAL,LOW,False,False,False,True,False,NORMAL,NORMAL,LOW,LOW,LOW,HIGH,ZERO,HIGH,HIGH,NORMAL,False,ZERO,NORMAL,HIGH
LOW,NORMAL,LOW,False,False,False,False,False,LOW,NORMAL,LOW,LOW,NORMAL,NORMAL,ZERO,LOW,LOW,LOW,False,ZERO,NORMAL,HIGH
LOW,NORMAL,LOW,False,False,False,False,False,HIGH,NORMAL,HIGH,LOW,NORMAL,LOW,LOW,HIGH,HIGH,HIGH,False,ZERO,NORMAL,NORMAL
HIGH,NORMAL,LOW,False,False,False,False,False,NORMAL,NORMAL,NORMAL,LOW,NORMAL,HIGH,ZERO,HIGH,HIGH,LOW,False,ZERO,NORMAL,LOW
HIGH,NORMAL,ZERO,False,False,False,False,False,NORMAL,ESOPHAGEAL,LOW,LOW,NORMAL,HIGH,LOW,HIGH,HIGH,NORMAL,False,LOW,HIGH,NORMAL
HIGH,NORMAL,LOW,False,False,False,False,False,NORMAL,NORMAL,ZERO,HIGH,NORMAL,HIGH,ZERO,HIGH,HIGH,NORMAL,False,HIGH,NORMAL,NORMAL
HIGH,NORMAL,LOW,False,False,False,False,True,LOW,NORMAL,LOW,LOW,NORMAL,LOW,ZERO,HIGH,HIGH,LOW,False,ZERO,NORMAL,NORMAL
HIGH,NORMAL,LOW,False,False,False,False,False,HIGH,NORMAL,LOW,LOW,NORMAL,HIGH,ZERO,HIGH,HIGH,HIGH,False,ZERO,NORMAL,HIGH
HIGH,NORMAL,LOW,False,False,False,False,False,NORMAL,ESOPHAGEAL,LOW,LOW,NORMAL,HIGH,LOW,HIGH,HIGH,NORMAL,False,LOW,NORMAL,NORMAL
HIGH,NORMAL,LOW,False,False,False,False,False,NORMAL,NORMAL,LOW,LOW,NORMAL,HIGH,ZERO,HIGH,HIGH,NORMAL,False,ZERO,NORMAL,NORMAL
LOW,NORMAL,LOW,False,False,False,False,False,LOW,NORMAL,LOW,LOW,NORMAL,NORMAL,ZERO,LOW,LOW,LOW,False,ZERO,NORMAL,HIGH
HIGH,NORMAL,LOW,False,False,False,False,False,NORMAL,NORMAL,LOW,LOW,NORMAL,HIGH,ZERO,HIGH,HIGH,NORMAL,False,ZERO,NORMAL,HIGH
HIGH,NORMAL,LOW,False,False,False,False,False,NORMAL,NORMAL,NORMAL,LOW,NORMAL,HIGH,ZERO,HIGH,HIGH,NORMAL,False,ZERO,NORMAL,HIGH
NORMAL,NORMAL,ZERO,False,False,False,False,False,HIGH,NORMAL,LOW,LOW,NORMAL,HIGH,ZERO,HIGH,HIGH,HIGH,True,ZERO,NORMAL,HIGH
HIGH,NORMAL,LOW,False,False,False,False,False,NORMAL,NORMAL,LOW,LOW,NORMAL,HIGH,ZERO,HIGH,HIGH,NORMAL,False,ZERO,NORMAL,NORMAL
HIGH,HIGH,HIGH,False,False,True,False,False,NORMAL,NORMAL,LOW,HIGH,NORMAL,HIGH,HIGH,NORMAL,HIGH,NORMAL,False,HIGH,HIGH,LOW
HIGH,NORMAL,LOW,False,False,False,False,False,NORMAL,NORMAL,LOW,LOW,NORMAL,HIGH,ZERO,HIGH,HIGH,NORMAL,False,ZERO,NORMAL,HIGH
HIGH,NORMAL,LOW,False,False,False,False,False,NORMAL,NORMAL,LOW,LOW,NORMAL,NORMAL,ZERO,HIGH,HIGH,NORMAL,False,ZERO,NORMAL,NORMAL
LOW,NORMAL,LOW,False,False,False,False,False,NORMAL,NORMAL,LOW,LOW,NORMAL,HIGH,ZERO,LOW,LOW,NORMAL,False,ZERO,NORMAL,HIGH
HIGH,NORMAL,LOW,False,False,False,False,False,NORMAL,NORMAL,LOW,LOW,NORMAL,NORMAL,ZERO,HIGH,HIGH,NORMAL,False,ZERO,NORMAL,HIGH
HIGH,NORMAL,LOW,False,True,False,False,False,NORMAL,NORMAL,LOW,LOW,HIGH,HIGH,ZERO,HIGH,HIGH,NORMAL,False,ZERO,HIGH,HIGH
HIGH,NORMAL,LOW,False,False,False,False,False,NORMAL,NORMAL,LOW,LOW,NORMAL,HIGH,ZERO,HIGH,HIGH,NORMAL,False,ZERO,NORMAL,NORMAL
HIGH,NORMAL,LOW,False,False,False,False,False,NORMAL,NORMAL,LOW,LOW,NORMAL,HIGH,ZERO,HIGH,HIGH,NORMAL,False,ZERO,NORMAL,NORMAL
HIGH,NORMAL,LOW,False,False,False,False,False,NORMAL,NORMAL,LOW,LOW,NORMAL,HIGH,ZERO,HIGH,HIGH,NORMAL,False,ZERO,NORMAL,NORMAL
HIGH,NORMAL,LOW,False,False,False,False,True,LOW,NORMAL,ZERO,LOW,NORMAL,HIGH,ZERO,HIGH,HIGH,LOW,False,NORMAL,NORMAL,NORMAL
HIGH,NORMAL,LOW,False,False,False,False,False,HIGH,NORMAL,LOW,LOW,NORMAL,HIGH,ZERO,HIGH,HIGH,HIGH,False,ZERO,NORMAL,HIGH
HIGH,NORMAL,LOW,False,False,False,False,False,NORMAL,NORMAL,LOW,LOW,NORMAL,HIGH,ZERO,LOW,HIGH,NORMAL,False,ZERO,NORMAL,LOW
LOW,HIGH,HIGH,False,False,False,False,False,NORMAL,NORMAL,LOW,NORMAL,NORMAL,HIGH,HIGH,HIGH,HIGH,NORMAL,False,HIGH,NORMAL,NORMAL
HIGH,NORMAL,LOW,False,False,False,False,False,NORMAL,NORMAL,LOW,LOW,NORMAL,HIGH,ZERO,HIGH,HIGH,NORMAL,False,ZERO,NORMAL,NORMAL
HIGH,NORMAL,LOW,False,False,False,False,False,NORMAL,NORMAL,LOW,NORMAL,HIGH,HIGH,ZERO,HIGH,HIGH,NORMAL,False,ZERO,NORMAL,HIGH
HIGH,NORMAL,LOW,False,False,False,False,False,NORMAL,NORMAL,LOW,LOW,NORMAL,HIGH,ZERO,HIGH,HIGH,NORMAL,False,ZERO,NORMAL,HIGH
HIGH,NORMAL,LOW,False,False,False,False,False,NORMAL,NORMAL,LOW,LOW,NORMAL,HIGH,ZERO,HIGH,HIGH,NORMAL,False,ZERO,NORMAL,NORMAL
HIGH,NORMAL,LOW,False,False,False,True,False,HIGH,NORMAL,LOW,LOW,NORMAL,HIGH,ZERO,HIGH,HIGH,HIGH,False,ZERO,NORMAL,NORMAL
HIGH,LOW,ZERO,False,False,False,False,False,NORMAL,NORMAL,LOW,LOW,NORMAL,HIGH,ZERO,HIGH,HIGH,NORMAL,False,ZERO,NORMAL,LOW
HIGH,NORMAL,LOW,False,False,False,False,False,NORMAL,ONESIDED,NORMAL,LOW,NORMAL,HIGH,ZERO,HIGH,HIGH,NORMAL,False,LOW,HIGH,NORMAL
HIGH,NORMAL,LOW,False,False,False,False,False,LOW,NORMAL,LOW,LOW,NORMAL,HIGH,ZERO,HIGH,HIGH,LOW,False,ZERO,NORMAL,LOW
HIGH,LOW,ZERO,False,False,False,False,False,NORMAL,NORMAL,LOW,LOW,HIGH,HIGH,ZERO,HIGH,HIGH,NORMAL,True,ZERO,NORMAL,LOW
NORMAL,HIGH,HIGH,False,False,False,False,False,NORMAL,NORMAL,NORMAL,LOW,NORMAL,LOW,HIGH,HIGH,HIGH,NORMAL,False,ZERO,NORMAL,NORMAL
HIGH,NORMAL,LOW,False,False,False,True,False,NORMAL,NORMAL,LOW,LOW,NORMAL,HIGH,ZERO,HIGH,HIGH,NORMAL,False,ZERO,NORMAL,NORMAL
HIGH,NORMAL,LOW,False,False,False,False,False,NORMAL,NORMAL,LOW,LOW,HIGH,HIGH,ZERO,HIGH,HIGH,NORMAL,False,ZERO,HIGH,HIGH
NORMAL,NORMAL,LOW,False,False,False,False,False,HIGH,NORMAL,LOW,LOW,NORMAL,HIGH,ZERO,HIGH,HIGH,HIGH,False,ZERO,NORMAL,LOW
HIGH,NORMAL,LOW,False,False,False,False,False,NORMAL,NORMAL,LOW,LOW,NORMAL,HIGH,ZERO,HIGH,HIGH,NORMAL,False,ZERO,NORMAL,NORMAL
LOW,NORMAL,LOW,False,False,True,False,False,NORMAL,NORMAL,LOW,LOW,NORMAL,NORMAL,ZERO,NORMAL,LOW,NORMAL,False,ZERO,NORMAL,NORMAL
HIGH,NORMAL,ZERO,False,False,False,False,False,NORMAL,NORMAL,LOW,HIGH,LOW,HIGH,HIGH,HIGH,HIGH,NORMAL,False,HIGH,NORMAL,NORMAL
HIGH,LOW,ZERO,False,False,False,False,False,NORMAL,NORMAL,LOW,HIGH,NORMAL,HIGH,HIGH,HIGH,HIGH,NORMAL,False,HIGH,NORMAL,NORMAL
HIGH,HIGH,HIGH,False,False,True,False,False,NORMAL,NORMAL,NORMAL,LOW,NORMAL,HIGH,LOW,NORMAL,NORMAL,NORMAL,False,NORMAL,NORMAL,NORMAL
LOW,NORMAL,LOW,False,False,False,False,False,NORMAL,NORMAL,LOW,LOW,LOW,LOW,ZERO,HIGH,HIGH,NORMAL,False,ZERO,HIGH,HIGH
LOW,NORMAL,LOW,False,False,False,False,False,NORMAL,NORMAL,LOW,LOW,NORMAL,NORMAL,ZERO,LOW,LOW,NORMAL,False,ZERO,NORMAL,HIGH
LOW,LOW,ZERO,False,False,False,False,False,NORMAL,NORMAL,LOW,HIGH,NORMAL,NORMAL,HIGH,LOW,LOW,NORMAL,False,HIGH,NORMAL,NORMAL
HIGH,NORMAL,LOW,False,False,False,False,False,NORMAL,ESOPHAGEAL,NORMAL,LOW,NORMAL,HIGH,ZERO,HIGH,HIGH,NORMAL,False,ZERO,NORMAL,LOW
HIGH,NORMAL,LOW,False,False,False,False,False,HIGH,NORMAL,LOW,LOW,NORMAL,LOW,ZERO,HIGH,HIGH,HIGH,False,ZERO,NORMAL,HIGH
HIGH,NORMAL,LOW,False,False,False,False,False,NORMAL,NORMAL,LOW,LOW,NORMAL,HIGH,ZERO,HIGH,HIGH,LOW,False,ZERO,NORMAL,NORMAL
LOW,LOW,ZERO,False,False,False,False,False,HIGH,NORMAL,LOW,HIGH,NORMAL,NORMAL,HIGH,LOW,LOW,HIGH,False,HIGH,NORMAL,HIGH
HIGH,NORMAL,LOW,False,False,False,False,False,NORMAL,NORMAL,LOW,LOW,NORMAL,HIGH,ZERO,HIGH,HIGH,NORMAL,False,ZERO,NORMAL,LOW
HIGH,NORMAL,NORMAL,False,False,False,False,False,NORMAL,NORMAL,HIGH,LOW,NORMAL,HIGH,LOW,HIGH,HIGH,NORMAL,False,LOW,NORMAL,LOW
HIGH,NORMAL,ZERO,False,False,False,False,False,HIGH,NORMAL,LOW,LOW,NORMAL,HIGH,ZERO,HIGH,HIGH,HIGH,False,ZERO,NORMAL,HIGH
HIGH,NORMAL,LOW,False,False,False,False,False,NORMAL,NORMAL,LOW,LOW,NORMAL,NORMAL,ZERO,HIGH,HIGH,NORMAL,False,ZERO,NORMAL,HIGH
HIGH,NORMAL,LOW,False,False,False,False,False,HIGH,NORMAL,LOW,LOW,NORMAL,LOW,ZERO,HIGH,HIGH,HIGH,False,ZERO,NORMAL,HIGH
HIGH,NORMAL,LOW,False,False,False,False,False,NORMAL,NORMAL,LOW,LOW,NORMAL,HIGH,ZERO,HIGH,LOW,NORMAL,False,ZERO,NORMAL,LOW
HIGH,NORMAL,ZERO,False,False,False,False,False,NORMAL,NORMAL,LOW,HIGH,NORMAL,HIGH,HIGH,HIGH,HIGH,NORMAL,False,HIGH,NORMAL,NORMAL
HIGH,NORMAL,LOW,False,False,False,False,False,NORMAL,NORMAL,LOW,LOW,HIGH,HIGH,ZERO,HIGH,HIGH,NORMAL,False,ZERO,NORMAL,NORMAL
LOW,NORMAL,LOW,False,False,False,True,False,NORMAL,NORMAL,LOW,LOW,NORMAL,NORMAL,ZERO,LOW,LOW,NORMAL,False,ZERO,NORMAL,NORMAL
HIGH,NORMAL,LOW,False,False,False,False,False,NORMAL,NORMAL,ZERO,LOW,NORMAL,HIGH,ZERO,HIGH,HIGH,NORMAL,False,ZERO,NORMAL,LOW
HIGH,NORMAL,LOW,False,False,False,False,False,NORMAL,NORMAL,LOW,LOW,NORMAL,NORMAL,ZERO,HIGH,HIGH,NORMAL,False,ZERO,NORMAL,LOW
HIGH,NORMAL,LOW,False,False,True,False,False,NORMAL,ESOPHAGEAL,LOW,LOW,NORMAL,HIGH,LOW,NORMAL,NORMAL,HIGH,False,LOW,NORMAL,NORMAL
HIGH,NORMAL,ZERO,False,False,False,False,False,NORMAL,NORMAL,LOW,HIGH,NORMAL,HIGH,HIGH,HIGH,HIGH,NORMAL,False,HIGH,NORMAL,LOW
HIGH,NORMAL,LOW,False,False,False,False,False,LOW,NORMAL,LOW,LOW,NORMAL,LOW,ZERO,HIGH,HIGH,LOW,False,ZERO,NORMAL,NORMAL
HIGH,NORMAL,LOW,False,False,True,False,False,NORMAL,NORMAL,LOW,LOW,NORMAL,HIGH,ZERO,NORMAL,NORMAL,NORMAL,False,ZERO,NORMAL,LOW
HIGH,NORMAL,LOW,False,False,False,True,False,HIGH,NORMAL,LOW,LOW,NORMAL,HIGH,ZERO,HIGH,HIGH,HIGH,False,ZERO,NORMAL,NORMAL
NORMAL,NORMAL,LOW,False,True,True,False,False,NORMAL,NORMAL,LOW,LOW,HIGH,HIGH,ZERO,NORMAL,NORMAL,NORMAL,False,ZERO,HIGH,LOW
LOW,ZERO,ZERO,False,False,False,False,True,LOW,NORMAL,LOW,HIGH,NORMAL,NORMAL,HIGH,LOW,LOW,LOW,False,HIGH,NORMAL,NORMAL
HIGH,ZERO,ZERO,False,False,False,False,False,NORMAL,NORMAL,LOW,HIGH,NORMAL,HIGH,HIGH,HIGH,HIGH,NORMAL,False,HIGH,NORMAL,LOW
HIGH,NORMAL,LOW,False,False,True,False,False,NORMAL,NORMAL,LOW,LOW,NORMAL,LOW,ZERO,LOW,NORMAL,NORMAL,False,ZERO,NORMAL,NORMAL
HIGH,LOW,ZERO,False,False,False,False,False,NORMAL,NORMAL,LOW,HIGH,NORMAL,HIGH,HIGH,HIGH,HIGH,NORMAL,False,HIGH,NORMAL,LOW
HIGH,NORMAL,LOW,False,False,False,False,False,HIGH,NORMAL,LOW,LOW,NORMAL,HIGH,ZERO,HIGH,HIGH,HIGH,False,ZERO,NORMAL,LOW
HIGH,NORMAL,ZERO,False,False,False,False,False,HIGH,NORMAL,LOW,HIGH,NORMAL,HIGH,HIGH,HIGH,HIGH,HIGH,False,HIGH,NORMAL,NORMAL
HIGH,NORMAL,LOW,False,False,True,False,False,NORMAL,NORMAL,LOW,LOW,NORMAL,HIGH,ZERO,NORMAL,NORMAL,NORMAL,False,ZERO,NORMAL,LOW
HIGH,NORMAL,ZERO,False,False,False,False,False,NORMAL,NORMAL,NORMAL,LOW,NORMAL,HIGH,HIGH,HIGH,HIGH,NORMAL,False,ZERO,NORMAL,LOW
HIGH,NORMAL,LOW,False,False,False,False,False,NORMAL,NORMAL,HIGH,LOW,NORMAL,HIGH,LOW,HIGH,HIGH,NORMAL,False,LOW,NORMAL,LOW
HIGH,NORMAL,LOW,False,False,True,False,False,HIGH,NORMAL,LOW,LOW,NORMAL,HIGH,ZERO,NORMAL,NORMAL,HIGH,False,ZERO,NORMAL,NORMAL
LOW,LOW,ZERO,False,False,False,False,False,NORMAL,NORMAL,LOW,HIGH,NORMAL,NORMAL,NORMAL,LOW,LOW,NORMAL,False,HIGH,NORMAL,HIGH
HIGH,NORMAL,LOW,False,False,False,False,False,NORMAL,NORMAL,LOW,LOW,NORMAL,HIGH,ZERO,HIGH,HIGH,NORMAL,False,ZERO,NORMAL,LOW
HIGH,NORMAL,LOW,False,False,False,False,False,NORMAL,NORMAL,LOW,LOW,NORMAL,HIGH,ZERO,HIGH,HIGH,NORMAL,False,ZERO,NORMAL,LOW
HIGH,NORMAL,LOW,False,False,False,False,False,NORMAL,NORMAL,LOW,LOW,NORMAL,HIGH,ZERO,HIGH,HIGH,NORMAL,True,ZERO,NORMAL,NORMAL
HIGH,NORMAL,LOW,False,False,False,False,False,NORMAL,NORMAL,ZERO,LOW,NORMAL,HIGH,ZERO,HIGH,HIGH,NORMAL,False,ZERO,NORMAL,HIGH
HIGH,ZERO,ZERO,False,False,False,False,False,NORMAL,NORMAL,LOW,LOW,NORMAL,HIGH,ZERO,HIGH,HIGH,NORMAL,False,ZERO,NORMAL,LOW
LOW,ZERO,ZERO,False,False,False,True,False,NORMAL,NORMAL,HIGH,LOW,NORMAL,LOW,LOW,LOW,LOW,NORMAL,False,LOW,NORMAL,NORMAL
HIGH,NORMAL,LOW,False,False,False,False,True,LOW,NORMAL,LOW,LOW,NORMAL,LOW,ZERO,HIGH,HIGH,LOW,False,ZERO,NORMAL,NORMAL
HIGH,NORMAL,NORMAL,False,False,True,False,False,HIGH,NORMAL,LOW,LOW,HIGH,LOW,ZERO,NORMAL,NORMAL,HIGH,True,ZERO,NORMAL,NORMAL
HIGH,ZERO,ZERO,False,False,False,False,False,NORMAL,NORMAL,ZERO,LOW,NORMAL,HIGH,ZERO,HIGH,HIGH,NORMAL,False,ZERO,NORMAL,LOW
HIGH,ZERO,ZERO,False,False,False,True,False,NORMAL,NORMAL,LOW,HIGH,NORMAL,HIGH,HIGH,HIGH,HIGH,NORMAL,False,HIGH,NORMAL,HIGH
HIGH,HIGH,HIGH,False,False,True,True,False,HIGH,NORMAL,LOW,HIGH,NORMAL,NORMAL,HIGH,NORMAL,NORMAL,HIGH,False,HIGH,NORMAL,LOW
LOW,NORMAL,LOW,False,False,False,False,True,LOW,NORMAL,LOW,LOW,NORMAL,LOW,ZERO,LOW,LOW,LOW,False,ZERO,NORMAL,LOW
HIGH,NORMAL,NORMAL,False,False,False,False,False,NORMAL,NORMAL,HIGH,LOW,LOW,HIGH,LOW,HIGH,HIGH,NORMAL,False,LOW,NORMAL,LOW
HIGH,NORMAL,LOW,False,False,False,False,False,NORMAL,NORMAL,LOW,LOW,NORMAL,HIGH,ZERO,HIGH,HIGH,NORMAL,False,ZERO,NORMAL,LOW
HIGH,ZERO,ZERO,False,False,False,False,False,NORMAL,NORMAL,LOW,LOW,NORMAL,HIGH,ZERO,HIGH,HIGH,HIGH,False,ZERO,NORMAL,HIGH
LOW,NORMAL,LOW,False,False,False,False,False,HIGH,NORMAL,LOW,LOW,NORMAL,NORMAL,ZERO,LOW,LOW,HIGH,False,ZERO,NORMAL,HIGH
HIGH,NORMAL,ZERO,False,False,False,False,False,HIGH,ESOPHAGEAL,LOW,LOW,NORMAL,LOW,LOW,HIGH,HIGH,HIGH,False,LOW,NORMAL,NORMAL
HIGH,NORMAL,LOW,False,False,False,False,False,NORMAL,ONESIDED,LOW,LOW,NORMAL,HIGH,LOW,HIGH,HIGH,NORMAL,False,NORMAL,HIGH,LOW
HIGH,HIGH,NORMAL,False,False,False,True,False,NORMAL,NORMAL,HIGH,LOW,NORMAL,NORMAL,LOW,HIGH,HIGH,NORMAL,False,LOW,NORMAL,LOW
HIGH,NORMAL,LOW,False,False,True,False,False,NORMAL,NORMAL,LOW,LOW,LOW,HIGH,ZERO,NORMAL,NORMAL,NORMAL,False,ZERO,NORMAL,HIGH
LOW,NORMAL,ZERO,False,False,False,False,True,LOW,NORMAL,LOW,HIGH,NORMAL,NORMAL,HIGH,LOW,LOW,LOW,False,HIGH,NORMAL,HIGH
HIGH,NORMAL,LOW,False,False,False,False,False,HIGH,NORMAL,LOW,LOW,NORMAL,HIGH,ZERO,HIGH,HIGH,HIGH,False,ZERO,NORMAL,NORMAL
LOW,NORMAL,ZERO,False,False,False,False,False,NORMAL,NORMAL,LOW,HIGH,HIGH,NORMAL,HIGH,LOW,LOW,NORMAL,False,HIGH,NORMAL,HIGH
HIGH,NORMAL,LOW,False,False,False,False,False,NORMAL,NORMAL,LOW,LOW,NORMAL,HIGH,ZERO,HIGH,HIGH,NORMAL,False,ZERO,NORMAL,NORMAL
HIGH,NORMAL,LOW,False,False,False,False,False,NORMAL,NORMAL,LOW,LOW,NORMAL,HIGH,ZERO,HIGH,HIGH,NORMAL,False,ZERO,HIGH,NORMAL
HIGH,NORMAL,LOW,False,False,False,False,False,NORMAL,NORMAL,LOW,LOW,NORMAL,HIGH,ZERO,HIGH,HIGH,NORMAL,False,ZERO,NORMAL,HIGH
HIGH,LOW,ZERO,False,False,False,False,False,NORMAL,NORMAL,LOW,HIGH,NORMAL,HIGH,HIGH,HIGH,HIGH,NORMAL,False,HIGH,NORMAL,NORMAL
HIGH,NORMAL,LOW,False,False,False,False,False,HIGH,NORMAL,LOW,LOW,NORMAL,HIGH,ZERO,HIGH,HIGH,HIGH,False,ZERO,NORMAL,LOW
HIGH,LOW,ZERO,False,False,False,False,False,NORMAL,NORMAL,LOW,HIGH,NORMAL,HIGH,HIGH,HIGH,HIGH,NORMAL,False,HIGH,NORMAL,LOW
HIGH,NORMAL,LOW,False,False,False,False,False,HIGH,NORMAL,LOW,LOW,NORMAL,HIGH,ZERO,HIGH,HIGH,HIGH,False,ZERO,NORMAL,NORMAL
HIGH,LOW,ZERO,False,False,False,False,False,NORMAL,NORMAL,LOW,LOW,NORMAL,NORMAL,ZERO,HIGH,HIGH,NORMAL,False,ZERO,NORMAL,HIGH
HIGH,ZERO,ZERO,False,False,False,False,False,NORMAL,NORMAL,LOW,HIGH,NORMAL,HIGH,HIGH,HIGH,HIGH,NORMAL,False,HIGH,NORMAL,NORMAL
HIGH,NORMAL,LOW,False,False,False,False,False,NORMAL,NORMAL,ZERO,LOW,NORMAL,HIGH,ZERO,HIGH,HIGH,NORMAL,False,NORMAL,NORMAL,NORMAL
HIGH,NORMAL,LOW,True,False,False,True,False,HIGH,NORMAL,LOW,LOW,NORMAL,HIGH,LOW,HIGH,HIGH,HIGH,False,ZERO,NORMAL,LOW
HIGH,LOW,ZERO,False,False,False,False,False,NORMAL,NORMAL,LOW,LOW,NORMAL,HIGH,ZERO,HIGH,HIGH,NORMAL,False,ZERO,NORMAL,NORMAL
HIGH,NORMAL,ZERO,False,False,False,False,False,NORMAL,NORMAL,LOW,LOW,NORMAL,HIGH,ZERO,HIGH,HIGH,NORMAL,False,ZERO,NORMAL,LOW
HIGH,HIGH,HIGH,False,False,False,False,False,NORMAL,NORMAL,LOW,NORMAL,NORMAL,HIGH,HIGH,HIGH,HIGH,NORMAL,False,HIGH,NORMAL,NORMAL
HIGH,NORMAL,LOW,False,False,False,False,False,NORMAL,NORMAL,LOW,LOW,NORMAL,HIGH,ZERO,HIGH,HIGH,NORMAL,False,ZERO,NORMAL,LOW
NORMAL,ZERO,ZERO,False,False,False,False,False,NORMAL,NORMAL,LOW,HIGH,NORMAL,LOW,HIGH,NORMAL,LOW,NORMAL,False,HIGH,NORMAL,LOW
HIGH,NORMAL,LOW,False,False,True,False,False,NORMAL,NORMAL,LOW,LOW,NORMAL,NORMAL,ZERO,NORMAL,NORMAL,NORMAL,False,ZERO,HIGH,HIGH
HIGH,NORMAL,LOW,False,False,False,False,False,HIGH,NORMAL,LOW,LOW,NORMAL,HIGH,ZERO,HIGH,HIGH,HIGH,False,ZERO,NORMAL,LOW
HIGH,NORMAL,LOW,False,False,False,False,False,NORMAL,NORMAL,LOW,LOW,HIGH,HIGH,ZERO,HIGH,LOW,LOW,False,ZERO,NORMAL,LOW
HIGH,NORMAL,LOW,False,False,False,False,False,NORMAL,NORMAL,NORMAL,LOW,NORMAL,HIGH,ZERO,HIGH,HIGH,NORMAL,False,NORMAL,NORMAL,NORMAL
HIGH,NORMAL,LOW,False,False,False,False,False,HIGH,NORMAL,LOW,LOW,NORMAL,NORMAL,ZERO,LOW,LOW,HIGH,False,ZERO,NORMAL,NORMAL
LOW,LOW,ZERO,False,False,True,False,False,NORMAL,NORMAL,LOW,HIGH,NORMAL,NORMAL,HIGH,LOW,HIGH,NORMAL,False,HIGH,NORMAL,NORMAL
LOW,LOW,ZERO,False,False,False,True,False,NORMAL,NORMAL,LOW,HIGH,NORMAL,NORMAL,HIGH,LOW,LOW,NORMAL,False,HIGH,NORMAL,LOW
LOW,NORMAL,LOW,False,False,False,False,False,NORMAL,NORMAL,LOW,LOW,NORMAL,NORMAL,ZERO,LOW,LOW,NORMAL,False,ZERO,NORMAL,HIGH
HIGH,NORMAL,LOW,False,False,False,False,False,NORMAL,NORMAL,LOW,LOW,NORMAL,NORMAL,ZERO,HIGH,HIGH,NORMAL,False,ZERO,NORMAL,LOW
LOW,NORMAL,LOW,False,False,False,False,False,HIGH,NORMAL,LOW,HIGH,NORMAL,LOW,HIGH,LOW,LOW,HIGH,False,HIGH,NORMAL,HIGH
HIGH,ZERO,ZERO,False,False,False,False,False,NORMAL,NORMAL,LOW,HIGH,NORMAL,HIGH,LOW,HIGH,HIGH,NORMAL,False,HIGH,NORMAL,NORMAL
HIGH,NORMAL,LOW,False,False,False,False,False,NORMAL,NORMAL,LOW,LOW,NORMAL,HIGH,ZERO,HIGH,HIGH,NORMAL,False,ZERO,NORMAL,NORMAL
HIGH,NORMAL,LOW,False,False,False,False,False,NORMAL,NORMAL,LOW,LOW,NORMAL,HIGH,ZERO,HIGH,HIGH,NORMAL,False,ZERO,NORMAL,LOW
HIGH,NORMAL,LOW,False,False,False,True,False,NORMAL,NORMAL,LOW,LOW,NORMAL,HIGH,ZERO,HIGH,HIGH,NORMAL,False,NORMAL,NORMAL,NORMAL
HIGH,NORMAL,LOW,False,False,False,False,False,NORMAL,NORMAL,LOW,LOW,NORMAL,HIGH,NORMAL,HIGH,HIGH,NORMAL,False,ZERO,NORMAL,LOW
HIGH,NORMAL,LOW,False,False,False,False,False,NORMAL,NORMAL,LOW,LOW,NORMAL,HIGH,ZERO,HIGH,HIGH,NORMAL,False,ZERO,HIGH,HIGH
NORMAL,LOW,ZERO,False,False,False,True,False,LOW,NORMAL,LOW,LOW,NORMAL,HIGH,ZERO,HIGH,HIGH,LOW,False,ZERO,NORMAL,NORMAL
LOW,NORMAL,LOW,False,False,False,False,False,NORMAL,NORMAL,ZERO,HIGH,NORMAL,HIGH,ZERO,LOW,LOW,NORMAL,False,HIGH,NORMAL,HIGH
HIGH,NORMAL,LOW,False,False,False,True,False,NORMAL,NORMAL,LOW,LOW,NORMAL,HIGH,ZERO,HIGH,HIGH,NORMAL,False,NORMAL,NORMAL,HIGH
HIGH,NORMAL,LOW,False,False,False,False,False,NORMAL,NORMAL,LOW,LOW,NORMAL,LOW,ZERO,HIGH,HIGH,NORMAL,False,ZERO,NORMAL,NORMAL
NORMAL,NORMAL,LOW,False,False,False,True,False,LOW,NORMAL,LOW,LOW,NORMAL,HIGH,ZERO,HIGH,HIGH,LOW,False,ZERO,NORMAL,HIGH
LOW,NORMAL,LOW,False,False,False,False,False,HIGH,NORMAL,LOW,NORMAL,NORMAL,NORMAL,ZERO,LOW,LOW,HIGH,False,ZERO,NORMAL,HIGH
HIGH,LOW,LOW,False,False,False,False,False,LOW,NORMAL,HIGH,LOW,NORMAL,HIGH,ZERO,HIGH,HIGH,LOW,False,ZERO,NORMAL,NORMAL
HIGH,NORMAL,LOW,False,False,False,False,False,HIGH,NORMAL,LOW,LOW,HIGH,HIGH,ZERO,HIGH,HIGH,HIGH,False,ZERO,NORMAL,NORMAL
HIGH,NORMAL,LOW,False,False,True,False,False,NORMAL,NORMAL,LOW,LOW,NORMAL,HIGH,ZERO,NORMAL,NORMAL,NORMAL,False,ZERO,NORMAL,NORMAL
HIGH,NORMAL,LOW,False,False,False,False,False,NORMAL,NORMAL,LOW,LOW,NORMAL,HIGH,ZERO,HIGH,HIGH,NORMAL,False,ZERO,NORMAL,HIGH
LOW,NORMAL,LOW,False,False,False,False,False,NORMAL,NORMAL,LOW,LOW,NORMAL,NORMAL,ZERO,LOW,LOW,NORMAL,False,ZERO,NORMAL,HIGH
HIGH,HIGH,HIGH,False,False,False,False,False,NORMAL,NORMAL,LOW,HIGH,NORMAL,HIGH,HIGH,HIGH,HIGH,NORMAL,False,HIGH,NORMAL,NORMAL
HIGH,NORMAL,LOW,False,False,False,False,False,HIGH,ONESIDED,NORMAL,LOW,LOW,LOW,ZERO,HIGH,HIGH,HIGH,False,LOW,HIGH,NORMAL
HIGH,NORMAL,HIGH,False,False,False,False,True,LOW,NORMAL,LOW,HIGH,NORMAL,LOW,HIGH,HIGH,HIGH,LOW,False,HIGH,NORMAL,NORMAL
HIGH,NORMAL,LOW,False,False,False,False,False,NORMAL,NORMAL,LOW,LOW,NORMAL,HIGH,ZERO,HIGH,HIGH,LOW,False,ZERO,NORMAL,LOW
HIGH,NORMAL,LOW,False,False,False,False,False,LOW,NORMAL,LOW,LOW,LOW,LOW,ZERO,HIGH,HIGH,LOW,False,ZERO,NORMAL,HIGH
NORMAL,NORMAL,LOW,False,False,False,False,False,NORMAL,NORMAL,LOW,LOW,NORMAL,HIGH,ZERO,HIGH,HIGH,NORMAL,False,ZERO,NORMAL,NORMAL
HIGH,NORMAL,LOW,False,False,False,False,False,NORMAL,NORMAL,LOW,LOW,NORMAL,HIGH,ZERO,HIGH,HIGH,NORMAL,False,ZERO,NORMAL,HIGH
HIGH,NORMAL,LOW,False,False,False,False,False,NORMAL,NORMAL,LOW,LOW,NORMAL,HIGH,ZERO,HIGH,HIGH,NORMAL,False,ZERO,NORMAL,LOW
HIGH,NORMAL,LOW,False,False,False,False,False,NORMAL,NORMAL,LOW,LOW,NORMAL,HIGH,ZERO,HIGH,HIGH,NORMAL,False,ZERO,NORMAL,NORMAL
HIGH,NORMAL,LOW,False,False,False,False,False,NORMAL,NORMAL,LOW,LOW,NORMAL,HIGH,ZERO,HIGH,HIGH,NORMAL,False,ZERO,NORMAL,NORMAL
HIGH,NORMAL,LOW,False,False,True,True,False,HIGH,NORMAL,ZERO,LOW,NORMAL,LOW,ZERO,NORMAL,NORMAL,HIGH,False,ZERO,NORMAL,NORMAL
LOW,NORMAL,LOW,False,False,False,False,False,NORMAL,NORMAL,LOW,LOW,NORMAL,NORMAL,ZERO,LOW,LOW,NORMAL,False,ZERO,NORMAL,NORMAL
NORMAL,NORMAL,LOW,False,False,False,False,False,NORMAL,NORMAL,LOW,LOW,NORMAL,HIGH,ZERO,HIGH,HIGH,NORMAL,False,ZERO,NORMAL,NORMAL
LOW,NORMAL,LOW,False,False,True,False,False,NORMAL,NORMAL,ZERO,LOW,NORMAL,NORMAL,ZERO,HIGH,LOW,NORMAL,False,ZERO,NORMAL,HIGH
HIGH,NORMAL,LOW,False,False,False,False,False,NORMAL,NORMAL,LOW,LOW,NORMAL,HIGH,ZERO,HIGH,HIGH,NORMAL,False,ZERO,NORMAL,HIGH
HIGH,NORMAL,LOW,False,False,True,True,False,NORMAL,NORMAL,LOW,LOW,NORMAL,HIGH,ZERO,NORMAL,NORMAL,NORMAL,False,ZERO,NORMAL,NORMAL
HIGH,NORMAL,NORMAL,False,False,False,False,False,NORMAL,NORMAL,HIGH,LOW,NORMAL,HIGH,LOW,HIGH,HIGH,NORMAL,False,LOW,NORMAL,LOW
HIGH,NORMAL,LOW,False,False,False,False,False,NORMAL,NORMAL,LOW,LOW,NORMAL,HIGH,ZERO,HIGH,HIGH,NORMAL,False,ZERO,HIGH,HIGH
HIGH,NORMAL,LOW,False,False,False,False,False,NORMAL,ESOPHAGEAL,LOW,LOW,NORMAL,HIGH,LOW,HIGH,HIGH,NORMAL,False,LOW,NORMAL,HIGH
HIGH,NORMAL,LOW,False,False,False,False,False,NORMAL,NORMAL,LOW,LOW,NORMAL,HIGH,HIGH,LOW,HIGH,NORMAL,False,ZERO,NORMAL,HIGH
HIGH,NORMAL,LOW,False,False,True,False,True,LOW,NORMAL,NORMAL,LOW,NORMAL,NORMAL,ZERO,NORMAL,NORMAL,LOW,False,ZERO,NORMAL,NORMAL
HIGH,ZERO,ZERO,False,False,False,False,False,NORMAL,NORMAL,LOW,NORMAL,NORMAL,HIGH,HIGH,HIGH,HIGH,NORMAL,False,HIGH,NORMAL,LOW
HIGH,NORMAL,LOW,False,False,False,False,False,HIGH,NORMAL,LOW,LOW,NORMAL,HIGH,ZERO,HIGH,HIGH,HIGH,False,ZERO,NORMAL,LOW
HIGH,NORMAL,LOW,False,False,False,False,False,NORMAL,NORMAL,LOW,LOW,LOW,HIGH,ZERO,HIGH,HIGH,NORMAL,False,ZERO,NORMAL,NORMAL
LOW,NORMAL,LOW,False,False,False,False,False,NORMAL,NORMAL,LOW,LOW,NORMAL,NORMAL,ZERO,LOW,LOW,LOW,False,ZERO,NORMAL,LOW
HIGH,ZERO,ZERO,False,False,True,False,False,HIGH,NORMAL,LOW,LOW,NORMAL,HIGH,ZERO,NORMAL,NORMAL,HIGH,True,ZERO,NORMAL,HIGH
HIGH,NORMAL,LOW,False,False,False,True,False,HIGH,NORMAL,LOW,LOW,NORMAL,LOW,ZERO,HIGH,HIGH,HIGH,False,ZERO,NORMAL,NORMAL
HIGH,NORMAL,LOW,False,False,False,False,False,NORMAL,NORMAL,LOW,LOW,NORMAL,HIGH,ZERO,HIGH,HIGH,NORMAL,False,ZERO,NORMAL,NORMAL
NORMAL,HIGH,HIGH,False,False,False,False,False,HIGH,NORMAL,LOW,HIGH,NORMAL,NORMAL,HIGH,LOW,LOW,HIGH,False,HIGH,NORMAL,HIGH
HIGH,NORMAL,LOW,False,False,False,False,False,HIGH,NORMAL,LOW,LOW,NORMAL,LOW,ZERO,HIGH,HIGH,HIGH,True,ZERO,HIGH,NORMAL
HIGH,NORMAL,ZERO,False,False,False,False,False,NORMAL,NORMAL,LOW,HIGH,NORMAL,HIGH,HIGH,HIGH,HIGH,NORMAL,False,HIGH,NORMAL,NORMAL
HIGH,NORMAL,LOW,False,False,False,False,False,HIGH,NORMAL,LOW,LOW,HIGH,LOW,ZERO,HIGH,HIGH,HIGH,False,ZERO,NORMAL,NORMAL
HIGH,NORMAL,LOW,False,False,False,False,False,NORMAL,NORMAL,LOW,LOW,NORMAL,HIGH,ZERO,HIGH,HIGH,NORMAL,False,ZERO,NORMAL,LOW
HIGH,NORMAL,LOW,False,False,False,False,False,HIGH,NORMAL,LOW,LOW,NORMAL,HIGH,ZERO,HIGH,HIGH,HIGH,False,ZERO,NORMAL,LOW
HIGH,ZERO,ZERO,False,False,False,False,False,HIGH,NORMAL,LOW,LOW,NORMAL,LOW,ZERO,HIGH,HIGH,HIGH,False,ZERO,NORMAL,HIGH
HIGH,NORMAL,LOW,False,False,False,False,False,NORMAL,NORMAL,ZERO,HIGH,NORMAL,HIGH,ZERO,HIGH,HIGH,NORMAL,False,HIGH,NORMAL,NORMAL
HIGH,NORMAL,LOW,False,False,False,False,False,NORMAL,NORMAL,LOW,LOW,NORMAL,HIGH,ZERO,HIGH,HIGH,NORMAL,False,ZERO,NORMAL,NORMAL
HIGH,NORMAL,ZERO,False,False,False,True,False,NORMAL,NORMAL,LOW,LOW,NORMAL,HIGH,ZERO,HIGH,HIGH,NORMAL,False,ZERO,NORMAL,NORMAL
LOW,LOW,ZERO,False,False,False,False,True,LOW,NORMAL,ZERO,HIGH,NORMAL,LOW,HIGH,LOW,LOW,LOW,False,HIGH,NORMAL,NORMAL
HIGH,NORMAL,LOW,False,False,False,True,False,HIGH,ESOPHAGEAL,LOW,LOW,NORMAL,LOW,LOW,HIGH,HIGH,HIGH,False,LOW,NORMAL,HIGH
LOW,NORMAL,HIGH,False,False,False,False,False,HIGH,NORMAL,LOW,HIGH,NORMAL,LOW,HIGH,LOW,LOW,HIGH,False,HIGH,NORMAL,HIGH
NORMAL,NORMAL,LOW,False,False,False,False,False,NORMAL,NORMAL,LOW,LOW,NORMAL,LOW,ZERO,HIGH,HIGH,NORMAL,False,ZERO,NORMAL,HIGH
HIGH,NORMAL,LOW,False,False,False,False,False,NORMAL,NORMAL,LOW,LOW,NORMAL,NORMAL,ZERO,HIGH,HIGH,NORMAL,False,ZERO,NORMAL,NORMAL
HIGH,ZERO,ZERO,False,False,False,False,False,HIGH,NORMAL,LOW,NORMAL,NORMAL,HIGH,HIGH,HIGH,HIGH,HIGH,False,HIGH,NORMAL,LOW
HIGH,NORMAL,LOW,False,False,False,False,False,NORMAL,NORMAL,LOW,LOW,NORMAL,HIGH,ZERO,HIGH,HIGH,NORMAL,True,ZERO,NORMAL,NORMAL
HIGH,NORMAL,LOW,False,False,False,False,False,HIGH,ONESIDED,NORMAL,LOW,NORMAL,HIGH,ZERO,HIGH,HIGH,HIGH,False,LOW,HIGH,HIGH
HIGH,NORMAL,LOW,False,False,False,False,False,NORMAL,NORMAL,LOW,LOW,NORMAL,NORMAL,NORMAL,HIGH,HIGH,NORMAL,False,ZERO,NORMAL,LOW
HIGH,HIGH,HIGH,False,False,False,True,False,HIGH,NORMAL,LOW,HIGH,NORMAL,HIGH,NORMAL,HIGH,HIGH,HIGH,False,HIGH,NORMAL,LOW
HIGH,NORMAL,LOW,False,False,False,False,False,HIGH,NORMAL,LOW,LOW,NORMAL,HIGH,ZERO,HIGH,HIGH,HIGH,False,ZERO,NORMAL,LOW
HIGH,NORMAL,LOW,False,False,False,False,False,NORMAL,NORMAL,LOW,LOW,HIGH,HIGH,ZERO,HIGH,HIGH,NORMAL,False,ZERO,NORMAL,NORMAL
HIGH,NORMAL,ZERO,False,False,False,False,False,NORMAL,NORMAL,LOW,LOW,NORMAL,HIGH,NORMAL,HIGH,HIGH,NORMAL,False,ZERO,NORMAL,NORMAL
HIGH,NORMAL,LOW,False,False,False,False,False,NORMAL,NORMAL,LOW,LOW,NORMAL,NORMAL,ZERO,HIGH,HIGH,NORMAL,False,ZERO,NORMAL,LOW
NORMAL,NORMAL,LOW,False,False,False,False,False,NORMAL,NORMAL,LOW,LOW,NORMAL,HIGH,ZERO,HIGH,HIGH,NORMAL,True,ZERO,NORMAL,HIGH
HIGH,NORMAL,LOW,False,False,False,False,False,NORMAL,NORMAL,LOW,LOW,NORMAL,NORMAL,ZERO,HIGH,HIGH,NORMAL,False,ZERO,NORMAL,NORMAL
HIGH,NORMAL,LOW,False,False,False,False,False,NORMAL,NORMAL,LOW,LOW,NORMAL,HIGH,ZERO,HIGH,LOW,LOW,False,LOW,NORMAL,NORMAL
HIGH,NORMAL,LOW,False,False,False,False,False,NORMAL,NORMAL,LOW,LOW,NORMAL,HIGH,ZERO,HIGH,HIGH,NORMAL,False,ZERO,NORMAL,HIGH
HIGH,NORMAL,ZERO,False,False,False,False,False,NORMAL,NORMAL,LOW,HIGH,LOW,HIGH,HIGH,HIGH,HIGH,NORMAL,False,HIGH,NORMAL,NORMAL
HIGH,LOW,ZERO,False,False,False,False,False,LOW,NORMAL,NORMAL,LOW,LOW,HIGH,HIGH,HIGH,HIGH,LOW,False,ZERO,NORMAL,HIGH
HIGH,NORMAL,LOW,False,False,False,False,True,LOW,NORMAL,LOW,LOW,NORMAL,LOW,ZERO,HIGH,HIGH,LOW,False,ZERO,NORMAL,NORMAL
LOW,NORMAL,LOW,False,False,False,False,False,NORMAL,NORMAL,ZERO,LOW,NORMAL,NORMAL,ZERO,LOW,LOW,NORMAL,False,ZERO,NORMAL,HIGH
HIGH,NORMAL,LOW,False,False,False,False,False,NORMAL,NORMAL,LOW,LOW,NORMAL,HIGH,ZERO,HIGH,HIGH,NORMAL,False,ZERO,NORMAL,HIGH
HIGH,NORMAL,HIGH,False,False,False,True,False,NORMAL,ONESIDED,HIGH,LOW,NORMAL,HIGH,HIGH,HIGH,LOW,NORMAL,False,LOW,HIGH,NORMAL
HIGH,NORMAL,LOW,False,False,False,False,False,HIGH,NORMAL,LOW,LOW,NORMAL,HIGH,ZERO,HIGH,HIGH,HIGH,False,ZERO,NORMAL,NORMAL
HIGH,NORMAL,ZERO,False,False,False,True,False,NORMAL,NORMAL,LOW,HIGH,HIGH,HIGH,HIGH,HIGH,HIGH,NORMAL,False,HIGH,NORMAL,NORMAL
HIGH,NORMAL,LOW,False,False,False,True,False,NORMAL,NORMAL,LOW,LOW,LOW,HIGH,ZERO,HIGH,HIGH,NORMAL,False,ZERO,NORMAL,NORMAL
HIGH,HIGH,HIGH,False,False,False,False,False,NORMAL,NORMAL,LOW,HIGH,NORMAL,HIGH,HIGH,HIGH,HIGH,NORMAL,False,HIGH,NORMAL,NORMAL
HIGH,NORMAL,ZERO,False,False,False,False,False,HIGH,NORMAL,LOW,LOW,NORMAL,LOW,ZERO,HIGH,HIGH,HIGH,True,ZERO,NORMAL,NORMAL
HIGH,NORMAL,ZERO,False,False,False,False,False,NORMAL,NORMAL,LOW,NORMAL,NORMAL,HIGH,HIGH,HIGH,HIGH,NORMAL,False,HIGH,NORMAL,LOW
HIGH,NORMAL,LOW,False,False,False,False,False,NORMAL,NORMAL,LOW,LOW,NORMAL,HIGH,ZERO,HIGH,HIGH,NORMAL,False,ZERO,NORMAL,NORMAL
HIGH,LOW,LOW,False,False,False,False,False,NORMAL,NORMAL,LOW,LOW,NORMAL,HIGH,ZERO,HIGH,HIGH,NORMAL,False,ZERO,NORMAL,HIGH
HIGH,LOW,ZERO,False,False,False,False,False,LOW,NORMAL,LOW,LOW,NORMAL,HIGH,ZERO,HIGH,HIGH,LOW,False,ZERO,NORMAL,HIGH
HIGH,NORMAL,LOW,False,False,False,False,False,NORMAL,NORMAL,LOW,LOW,NORMAL,HIGH,ZERO,HIGH,HIGH,NORMAL,False,ZERO,NORMAL,LOW
HIGH,ZERO,ZERO,False,False,True,False,False,HIGH,NORMAL,LOW,LOW,NORMAL,LOW,ZERO,NORMAL,NORMAL,NORMAL,False,ZERO,NORMAL,HIGH
HIGH,NORMAL,LOW,False,False,False,False,False,NORMAL,ONESIDED,LOW,LOW,NORMAL,HIGH,NORMAL,HIGH,HIGH,NORMAL,False,NORMAL,HIGH,HIGH
HIGH,NORMAL,LOW,False,False,True,False,False,NORMAL,NORMAL,LOW,LOW,NORMAL,HIGH,ZERO,NORMAL,NORMAL,NORMAL,False,ZERO,NORMAL,HIGH
HIGH,NORMAL,LOW,False,False,False,False,False,NORMAL,NORMAL,LOW,LOW,NORMAL,HIGH,ZERO,HIGH,HIGH,NORMAL,False,ZERO,NORMAL,NORMAL
LOW,ZERO,ZERO,False,False,False,True,False,NORMAL,NORMAL,LOW,HIGH,LOW,NORMAL,HIGH,LOW,LOW,NORMAL,False,HIGH,NORMAL,HIGH
LOW,NORMAL,LOW,False,False,False,False,False,NORMAL,NORMAL,LOW,LOW,NORMAL,NORMAL,ZERO,LOW,LOW,NORMAL,False,ZERO,NORMAL,LOW
HIGH,NORMAL,LOW,False,False,False,True,False,NORMAL,NORMAL,LOW,LOW,NORMAL,HIGH,LOW,HIGH,HIGH,NORMAL,False,ZERO,NORMAL,HIGH
HIGH,NORMAL,LOW,False,False,False,False,False,NORMAL,NORMAL,LOW,LOW,HIGH,HIGH,ZERO,HIGH,HIGH,NORMAL,False,ZERO,NORMAL,HIGH
LOW,NORMAL,LOW,False,False,False,False,False,HIGH,NORMAL,LOW,LOW,NORMAL,NORMAL,ZERO,LOW,LOW,HIGH,False,ZERO,NORMAL,HIGH
HIGH,NORMAL,LOW,False,False,False,False,False,NORMAL,NORMAL,LOW,LOW,NORMAL,HIGH,ZERO,HIGH,HIGH,NORMAL,False,ZERO,NORMAL,NORMAL
HIGH,NORMAL,LOW,False,False,False,False,False,LOW,NORMAL,LOW,LOW,NORMAL,HIGH,ZERO,HIGH,HIGH,NORMAL,False,ZERO,NORMAL,LOW
HIGH,NORMAL,LOW,False,False,False,False,False,NORMAL,NORMAL,LOW,LOW,NORMAL,HIGH,ZERO,HIGH,HIGH,NORMAL,False,ZERO,NORMAL,NORMAL
HIGH,NORMAL,LOW,False,False,True,True,False,NORMAL,NORMAL,LOW,LOW,NORMAL,NORMAL,ZERO,NORMAL,NORMAL,NORMAL,False,ZERO,NORMAL,LOW
HIGH,NORMAL,LOW,False,False,False,False,False,NORMAL,NORMAL,LOW,LOW,NORMAL,HIGH,ZERO,HIGH,HIGH,NORMAL,False,ZERO,NORMAL,NORMAL
HIGH,NORMAL,ZERO,False,False,False,False,False,NORMAL,NORMAL,LOW,HIGH,NORMAL,HIGH,HIGH,HIGH,HIGH,NORMAL,False,HIGH,NORMAL,LOW
HIGH,NORMAL,LOW,False,False,False,False,False,NORMAL,NORMAL,LOW,LOW,NORMAL,HIGH,ZERO,HIGH,HIGH,NORMAL,False,ZERO,NORMAL,HIGH
HIGH,NORMAL,LOW,False,False,False,False,False,NORMAL,NORMAL,LOW,LOW,NORMAL,HIGH,ZERO,HIGH,NORMAL,NORMAL,False,ZERO,HIGH,HIGH
HIGH,NORMAL,LOW,False,False,False,False,False,HIGH,NORMAL,LOW,LOW,NORMAL,NORMAL,ZERO,HIGH,HIGH,HIGH,False,ZERO,NORMAL,LOW
LOW,ZERO,ZERO,False,False,False,False,False,HIGH,NORMAL,LOW,HIGH,NORMAL,NORMAL,HIGH,LOW,LOW,HIGH,False,HIGH,NORMAL,NORMAL
HIGH,NORMAL,LOW,False,False,False,False,False,HIGH,NORMAL,LOW,LOW,NORMAL,HIGH,ZERO,HIGH,HIGH,HIGH,False,ZERO,NORMAL,NORMAL
HIGH,NORMAL,LOW,False,False,False,False,False,NORMAL,NORMAL,LOW,LOW,NORMAL,HIGH,ZERO,HIGH,HIGH,NORMAL,False,ZERO,NORMAL,HIGH
HIGH,NORMAL,LOW,False,False,True,False,False,NORMAL,NORMAL,LOW,LOW,NORMAL,HIGH,ZERO,NORMAL,NORMAL,NORMAL,False,ZERO,NORMAL,NORMAL
LOW,NORMAL,LOW,False,False,False,False,False,NORMAL,NORMAL,LOW,LOW,NORMAL,NORMAL,ZERO,LOW,LOW,NORMAL,False,ZERO,NORMAL,HIGH
HIGH,NORMAL,LOW,False,False,False,False,False,NORMAL,NORMAL,LOW,LOW,NORMAL,HIGH,ZERO,HIGH,HIGH,NORMAL,False,ZERO,NORMAL,NORMAL
LOW,NORMAL,LOW,False,False,False,False,False,NORMAL,NORMAL,LOW,LOW,NORMAL,NORMAL,ZERO,LOW,LOW,NORMAL,False,ZERO,NORMAL,LOW
HIGH,NORMAL,LOW,False,False,True,False,False,NORMAL,NORMAL,LOW,LOW,LOW,HIGH,ZERO,NORMAL,NORMAL,NORMAL,False,ZERO,NORMAL,HIGH
HIGH,NORMAL,LOW,False,False,False,True,False,HIGH,NORMAL,LOW,HIGH,NORMAL,HIGH,HIGH,HIGH,HIGH,HIGH,False,HIGH,NORMAL,NORMAL
LOW,NORMAL,LOW,False,False,False,False,False,NORMAL,NORMAL,LOW,HIGH,NORMAL,NORMAL,ZERO,LOW,LOW,NORMAL,False,HIGH,NORMAL,NORMAL
NORMAL,NORMAL,LOW,False,False,False,False,False,NORMAL,NORMAL,LOW,LOW,NORMAL,HIGH,ZERO,HIGH,HIGH,NORMAL,False,ZERO,NORMAL,NORMAL
HIGH,NORMAL,LOW,False,False,True,False,False,NORMAL,NORMAL,LOW,LOW,NORMAL,HIGH,ZERO,NORMAL,NORMAL,NORMAL,False,ZERO,NORMAL,NORMAL
HIGH,NORMAL,LOW,False,False,False,False,False,NORMAL,NORMAL,LOW,LOW,NORMAL,HIGH,ZERO,HIGH,HIGH,NORMAL,False,ZERO,NORMAL,NORMAL
LOW,ZERO,ZERO,False,False,False,False,False,NORMAL,NORMAL,LOW,HIGH,NORMAL,NORMAL,HIGH,NORMAL,LOW,NORMAL,False,HIGH,NORMAL,LOW
HIGH,NORMAL,LOW,False,False,False,False,False,NORMAL,NORMAL,LOW,LOW,NORMAL,LOW,ZERO,HIGH,HIGH,NORMAL,True,ZERO,NORMAL,HIGH
HIGH,NORMAL,LOW,False,False,False,False,False,HIGH,NORMAL,LOW,LOW,NORMAL,HIGH,ZERO,HIGH,HIGH,HIGH,False,ZERO,NORMAL,HIGH
HIGH,NORMAL,LOW,False,False,False,False,False,NORMAL,NORMAL,LOW,LOW,LOW,HIGH,ZERO,HIGH,HIGH,NORMAL,False,ZERO,NORMAL,HIGH
HIGH,NORMAL,LOW,False,False,False,False,False,NORMAL,NORMAL,LOW,NORMAL,NORMAL,HIGH,HIGH,HIGH,HIGH,NORMAL,False,HIGH,NORMAL,LOW
HIGH,NORMAL,LOW,False,False,False,False,False,NORMAL,NORMAL,LOW,LOW,NORMAL,HIGH,ZERO,HIGH,HIGH,NORMAL,False,ZERO,NORMAL,NORMAL
HIGH,NORMAL,LOW,False,False,False,False,False,NORMAL,NORMAL,LOW,LOW,NORMAL,HIGH,ZERO,HIGH,HIGH,NORMAL,False,ZERO,NORMAL,HIGH
HIGH,NORMAL,LOW,False,False,True,False,False,HIGH,NORMAL,LOW,LOW,NORMAL,HIGH,ZERO,NORMAL,NORMAL,HIGH,False,ZERO,NORMAL,HIGH
HIGH,NORMAL,LOW,False,False,False,False,False,NORMAL,NORMAL,LOW,LOW,NORMAL,HIGH,ZERO,HIGH,HIGH,NORMAL,False,ZERO,NORMAL,NORMAL
HIGH,NORMAL,LOW,False,False,False,False,False,HIGH,NORMAL,LOW,LOW,NORMAL,LOW,ZERO,HIGH,HIGH,HIGH,False,ZERO,NORMAL,NORMAL
HIGH,NORMAL,LOW,False,False,False,False,False,NORMAL,NORMAL,LOW,LOW,NORMAL,HIGH,ZERO,HIGH,HIGH,NORMAL,False,ZERO,NORMAL,LOW
HIGH,NORMAL,LOW,False,False,False,False,False,NORMAL,NORMAL,LOW,LOW,NORMAL,HIGH,ZERO,HIGH,HIGH,NORMAL,False,ZERO,NORMAL,LOW
LOW,HIGH,NORMAL,False,False,False,False,False,HIGH,NORMAL,HIGH,LOW,NORMAL,LOW,LOW,LOW,LOW,HIGH,False,LOW,NORMAL,LOW
NORMAL,NORMAL,LOW,False,False,False,False,False,HIGH,NORMAL,LOW,LOW,NORMAL,HIGH,ZERO,HIGH,HIGH,HIGH,False,ZERO,NORMAL,HIGH
HIGH,NORMAL,LOW,False,False,False,False,False,NORMAL,ONESIDED,NORMAL,LOW,NORMAL,HIGH,LOW,HIGH,HIGH,NORMAL,False,LOW,HIGH,LOW
HIGH,NORMAL,LOW,False,False,False,False,False,HIGH,NORMAL,HIGH,LOW,NORMAL,LOW,LOW,HIGH,HIGH,HIGH,True,LOW,NORMAL,HIGH
HIGH,HIGH,HIGH,False,False,False,False,False,NORMAL,NORMAL,LOW,HIGH,NORMAL,LOW,HIGH,HIGH,HIGH,NORMAL,False,HIGH,NORMAL,NORMAL
HIGH,NORMAL,LOW,False,False,False,False,False,NORMAL,NORMAL,LOW,LOW,NORMAL,HIGH,ZERO,HIGH,HIGH,LOW,False,ZERO,NORMAL,LOW
HIGH,NORMAL,LOW,False,False,False,False,False,NORMAL,NORMAL,LOW,LOW,LOW,HIGH,ZERO,HIGH,HIGH,NORMAL,False,ZERO,NORMAL,NORMAL
LOW,NORMAL,ZERO,False,False,False,False,False,NORMAL,NORMAL,LOW,LOW,NORMAL,NORMAL,ZERO,LOW,LOW,NORMAL,True,ZERO,NORMAL,HIGH
NORMAL,NORMAL,ZERO,False,False,False,False,False,NORMAL,NORMAL,LOW,HIGH,NORMAL,NORMAL,HIGH,HIGH,HIGH,LOW,False,HIGH,NORMAL,NORMAL
HIGH,NORMAL,LOW,False,False,False,False,False,NORMAL,NORMAL,LOW,LOW,NORMAL,HIGH,ZERO,HIGH,HIGH,NORMAL,False,ZERO,NORMAL,NORMAL
NORMAL,NORMAL,LOW,False,False,False,True,False,NORMAL,NORMAL,NORMAL,LOW,NORMAL,NORMAL,LOW,LOW,LOW,NORMAL,False,NORMAL,NORMAL,LOW
HIGH,NORMAL,ZERO,False,False,False,False,False,NORMAL,NORMAL,ZERO,HIGH,NORMAL,HIGH,HIGH,HIGH,HIGH,NORMAL,False,HIGH,NORMAL,LOW
HIGH,NORMAL,LOW,False,False,False,False,False,NORMAL,NORMAL,LOW,LOW,NORMAL,HIGH,ZERO,HIGH,HIGH,NORMAL,False,ZERO,NORMAL,NORMAL
HIGH,NORMAL,LOW,False,False,False,False,True,LOW,NORMAL,LOW,LOW,NORMAL,NORMAL,ZERO,HIGH,HIGH,LOW,False,ZERO,NORMAL,NORMAL
HIGH,HIGH,HIGH,False,False,False,False,False,NORMAL,NORMAL,LOW,HIGH,HIGH,HIGH,HIGH,HIGH,HIGH,NORMAL,False,HIGH,NORMAL,NORMAL
HIGH,NORMAL,LOW,False,False,False,False,False,LOW,NORMAL,LOW,LOW,NORMAL,HIGH,ZERO,HIGH,HIGH,LOW,False,ZERO,NORMAL,HIGH
HIGH,NORMAL,LOW,False,False,False,False,False,NORMAL,NORMAL,LOW,LOW,NORMAL,HIGH,ZERO,HIGH,NORMAL,NORMAL,False,ZERO,NORMAL,LOW
HIGH,LOW,ZERO,False,True,False,False,False,NORMAL,NORMAL,LOW,LOW,NORMAL,HIGH,ZERO,HIGH,HIGH,NORMAL,False,ZERO,NORMAL,LOW
HIGH,NORMAL,LOW,False,False,False,False,False,NORMAL,NORMAL,LOW,LOW,NORMAL,HIGH,ZERO,HIGH,HIGH,NORMAL,False,ZERO,NORMAL,NORMAL
HIGH,NORMAL,LOW,True,False,False,False,True,HIGH,ONESIDED,NORMAL,LOW,LOW,LOW,LOW,HIGH,HIGH,HIGH,False,LOW,HIGH,LOW
HIGH,NORMAL,LOW,False,False,False,False,False,NORMAL,NORMAL,LOW,LOW,HIGH,HIGH,ZERO,HIGH,HIGH,NORMAL,False,ZERO,NORMAL,LOW
HIGH,NORMAL,LOW,False,False,False,False,False,NORMAL,NORMAL,LOW,LOW,NORMAL,LOW,ZERO,HIGH,HIGH,LOW,False,ZERO,NORMAL,HIGH
HIGH,NORMAL,LOW,False,False,False,False,False,NORMAL,NORMAL,LOW,LOW,NORMAL,HIGH,ZERO,HIGH,HIGH,NORMAL,False,ZERO,NORMAL,NORMAL
LOW,HIGH,HIGH,False,False,False,False,False,LOW,NORMAL,LOW,HIGH,NORMAL,NORMAL,HIGH,LOW,LOW,LOW,False,HIGH,NORMAL,HIGH
LOW,NORMAL,LOW,False,False,False,False,False,NORMAL,NORMAL,NORMAL,LOW,NORMAL,HIGH,ZERO,LOW,LOW,NORMAL,False,ZERO,NORMAL,NORMAL
HIGH,NORMAL,LOW,False,False,False,False,False,NORMAL,NORMAL,LOW,LOW,NORMAL,HIGH,ZERO,HIGH,HIGH,NORMAL,False,ZERO,NORMAL,HIGH
LOW,NORMAL,LOW,False,False,False,False,False,NORMAL,NORMAL,LOW,LOW,NORMAL,NORMAL,ZERO,LOW,LOW,NORMAL,True,ZERO,NORMAL,NORMAL
HIGH,ZERO,ZERO,False,False,False,False,False,NORMAL,NORMAL,LOW,HIGH,NORMAL,HIGH,HIGH,HIGH,HIGH,NORMAL,False,HIGH,NORMAL,LOW
HIGH,NORMAL,LOW,False,False,False,False,False,HIGH,NORMAL,LOW,LOW,NORMAL,LOW,ZERO,HIGH,HIGH,HIGH,False,ZERO,NORMAL,NORMAL
HIGH,NORMAL,LOW,False,False,False,False,False,NORMAL,NORMAL,LOW,LOW,HIGH,HIGH,ZERO,HIGH,HIGH,NORMAL,False,ZERO,NORMAL,HIGH
LOW,NORMAL,HIGH,False,False,True,False,False,NORMAL,NORMAL,ZERO,HIGH,NORMAL,NORMAL,HIGH,NORMAL,NORMAL,NORMAL,False,HIGH,NORMAL,HIGH
HIGH,NORMAL,ZERO,False,False,True,False,False,NORMAL,NORMAL,LOW,LOW,NORMAL,HIGH,HIGH,NORMAL,NORMAL,NORMAL,False,HIGH,NORMAL,NORMAL
LOW,NORMAL,LOW,False,False,False,False,False,NORMAL,NORMAL,LOW,LOW,NORMAL,NORMAL,ZERO,LOW,LOW,LOW,False,ZERO,NORMAL,HIGH
HIGH,NORMAL,ZERO,False,False,False,False,False,NORMAL,NORMAL,LOW,LOW,NORMAL,HIGH,ZERO,HIGH,HIGH,NORMAL,False,ZERO,NORMAL,LOW
HIGH,NORMAL,LOW,False,False,True,True,True,LOW,NORMAL,LOW,LOW,NORMAL,LOW,ZERO,NORMAL,NORMAL,LOW,False,NORMAL,NORMAL,LOW
HIGH,HIGH,NORMAL,False,False,False,True,False,NORMAL,NORMAL,HIGH,LOW,NORMAL,HIGH,LOW,HIGH,HIGH,NORMAL,False,LOW,NORMAL,HIGH
HIGH,NORMAL,LOW,False,False,False,False,False,NORMAL,NORMAL,LOW,LOW,NORMAL,HIGH,ZERO,HIGH,HIGH,NORMAL,False,ZERO,NORMAL,NORMAL
HIGH,NORMAL,LOW,False,False,False,False,False,NORMAL,NORMAL,LOW,LOW,NORMAL,HIGH,ZERO,HIGH,HIGH,NORMAL,False,ZERO,NORMAL,NORMAL
HIGH,LOW,ZERO,False,False,True,False,False,HIGH,NORMAL,LOW,HIGH,NORMAL,LOW,HIGH,NORMAL,NORMAL,HIGH,False,HIGH,NORMAL,HIGH
HIGH,NORMAL,LOW,False,False,False,True,False,NORMAL,NORMAL,LOW,LOW,NORMAL,HIGH,ZERO,HIGH,HIGH,HIGH,False,ZERO,NORMAL,HIGH
LOW,NORMAL,LOW,False,False,False,False,False,NORMAL,NORMAL,LOW,LOW,LOW,NORMAL,ZERO,LOW,LOW,NORMAL,False,ZERO,NORMAL,LOW
HIGH,NORMAL,LOW,False,False,False,False,False,NORMAL,NORMAL,LOW,LOW,NORMAL,HIGH,ZERO,HIGH,HIGH,NORMAL,False,ZERO,NORMAL,HIGH
LOW,HIGH,HIGH,False,False,False,False,False,NORMAL,NORMAL,NORMAL,LOW,NORMAL,NORMAL,ZERO,LOW,LOW,NORMAL,False,NORMAL,NORMAL,HIGH
HIGH,LOW,ZERO,False,False,False,False,False,HIGH,NORMAL,LOW,LOW,NORMAL,LOW,ZERO,HIGH,HIGH,HIGH,False,ZERO,NORMAL,LOW
HIGH,NORMAL,ZERO,False,False,False,True,False,NORMAL,NORMAL,LOW,HIGH,NORMAL,HIGH,HIGH,HIGH,HIGH,NORMAL,False,HIGH,NORMAL,NORMAL
HIGH,HIGH,HIGH,False,False,False,False,False,NORMAL,ONESIDED,HIGH,LOW,NORMAL,HIGH,HIGH,HIGH,HIGH,NORMAL,False,LOW,HIGH,NORMAL
HIGH,NORMAL,LOW,False,False,False,False,False,HIGH,NORMAL,LOW,LOW,NORMAL,LOW,ZERO,HIGH,HIGH,HIGH,False,ZERO,NORMAL,HIGH
HIGH,NORMAL,LOW,False,False,False,False,False,NORMAL,NORMAL,LOW,LOW,HIGH,HIGH,ZERO,HIGH,HIGH,NORMAL,False,ZERO,NORMAL,HIGH
HIGH,NORMAL,LOW,False,False,False,True,False,NORMAL,NORMAL,LOW,LOW,NORMAL,HIGH,ZERO,HIGH,HIGH,NORMAL,False,ZERO,NORMAL,NORMAL
LOW,NORMAL,LOW,False,False,False,False,True,LOW,NORMAL,LOW,LOW,NORMAL,LOW,ZERO,LOW,LOW,LOW,False,ZERO,NORMAL,LOW
HIGH,NORMAL,LOW,False,False,False,False,False,NORMAL,NORMAL,NORMAL,LOW,NORMAL,HIGH,LOW,HIGH,HIGH,NORMAL,False,NORMAL,NORMAL,NORMAL
LOW,NORMAL,LOW,True,False,False,True,False,NORMAL,NORMAL,ZERO,LOW,NORMAL,LOW,ZERO,LOW,LOW,NORMAL,False,ZERO,NORMAL,LOW
HIGH,NORMAL,LOW,False,False,False,False,False,HIGH,NORMAL,LOW,LOW,NORMAL,HIGH,ZERO,HIGH,HIGH,HIGH,False,ZERO,NORMAL,NORMAL
LOW,NORMAL,ZERO,False,False,False,False,False,NORMAL,NORMAL,LOW,HIGH,NORMAL,NORMAL,HIGH,LOW,LOW,NORMAL,False,HIGH,NORMAL,HIGH
HIGH,NORMAL,LOW,False,False,True,False,False,LOW,NORMAL,LOW,LOW,NORMAL,LOW,ZERO,NORMAL,NORMAL,LOW,False,ZERO,NORMAL,NORMAL
HIGH,NORMAL,LOW,False,False,False,False,False,NORMAL,NORMAL,LOW,LOW,NORMAL,HIGH,ZERO,HIGH,HIGH,NORMAL,False,ZERO,HIGH,NORMAL
HIGH,NORMAL,LOW,False,False,False,False,False,NORMAL,ONESIDED,NORMAL,LOW,NORMAL,HIGH,ZERO,HIGH,HIGH,LOW,False,LOW,NORMAL,NORMAL
HIGH,NORMAL,ZERO,False,False,False,False,False,NORMAL,NORMAL,ZERO,HIGH,NORMAL,HIGH,HIGH,HIGH,HIGH,NORMAL,False,HIGH,NORMAL,NORMAL
HIGH,NORMAL,LOW,False,False,False,False,False,NORMAL,NORMAL,LOW,LOW,NORMAL,HIGH,ZERO,HIGH,HIGH,NORMAL,False,ZERO,NORMAL,HIGH
LOW,NORMAL,LOW,False,False,False,False,False,NORMAL,NORMAL,LOW,LOW,NORMAL,NORMAL,ZERO,LOW,LOW,HIGH,False,ZERO,NORMAL,LOW
HIGH,NORMAL,LOW,False,False,False,False,False,NORMAL,NORMAL,LOW,LOW,NORMAL,LOW,ZERO,HIGH,HIGH,NORMAL,False,ZERO,HIGH,NORMAL
HIGH,NORMAL,LOW,False,False,False,False,False,NORMAL,NORMAL,NORMAL,LOW,NORMAL,HIGH,ZERO,HIGH,HIGH,NORMAL,False,ZERO,NORMAL,NORMAL
HIGH,NORMAL,ZERO,False,False,False,False,False,HIGH,NORMAL,LOW,LOW,NORMAL,LOW,ZERO,HIGH,HIGH,HIGH,False,ZERO,NORMAL,LOW
LOW,LOW,ZERO,False,False,False,False,False,NORMAL,NORMAL,LOW,HIGH,HIGH,LOW,HIGH,LOW,LOW,NORMAL,False,HIGH,NORMAL,HIGH
LOW,ZERO,ZERO,False,False,False,False,False,HIGH,NORMAL,LOW,HIGH,NORMAL,NORMAL,HIGH,LOW,LOW,HIGH,False,HIGH,NORMAL,HIGH
HIGH,LOW,ZERO,False,False,False,False,False,HIGH,NORMAL,NORMAL,LOW,NORMAL,LOW,HIGH,HIGH,HIGH,HIGH,False,ZERO,NORMAL,NORMAL
HIGH,LOW,ZERO,False,False,False,False,False,LOW,NORMAL,LOW,HIGH,NORMAL,HIGH,HIGH,HIGH,HIGH,LOW,False,HIGH,NORMAL,LOW
LOW,NORMAL,ZERO,False,False,False,False,False,NORMAL,NORMAL,LOW,HIGH,NORMAL,HIGH,HIGH,LOW,LOW,NORMAL,False,HIGH,NORMAL,HIGH
HIGH,NORMAL,ZERO,False,False,False,False,False,HIGH,NORMAL,LOW,NORMAL,NORMAL,NORMAL,HIGH,HIGH,HIGH,HIGH,False,HIGH,NORMAL,LOW
NORMAL,NORMAL,LOW,False,False,False,False,False,NORMAL,ESOPHAGEAL,LOW,LOW,NORMAL,HIGH,HIGH,HIGH,HIGH,NORMAL,False,LOW,NORMAL,LOW
HIGH,NORMAL,LOW,False,False,False,False,False,NORMAL,NORMAL,LOW,LOW,NORMAL,NORMAL,ZERO,HIGH,HIGH,NORMAL,False,ZERO,NORMAL,LOW
HIGH,NORMAL,LOW,False,False,False,False,False,NORMAL,NORMAL,LOW,LOW,NORMAL,HIGH,ZERO,HIGH,HIGH,NORMAL,False,ZERO,NORMAL,LOW
LOW,NORMAL,ZERO,False,False,False,True,False,NORMAL,NORMAL,ZERO,NORMAL,NORMAL,NORMAL,HIGH,LOW,LOW,NORMAL,False,NORMAL,NORMAL,HIGH
HIGH,NORMAL,ZERO,False,False,False,False,False,HIGH,NORMAL,LOW,HIGH,NORMAL,HIGH,HIGH,HIGH,HIGH,HIGH,False,HIGH,NORMAL,NORMAL
HIGH,NORMAL,LOW,False,False,False,False,False,LOW,NORMAL,LOW,LOW,NORMAL,HIGH,ZERO,HIGH,HIGH,LOW,False,ZERO,NORMAL,HIGH
HIGH,NORMAL,LOW,False,False,False,False,False,NORMAL,NORMAL,LOW,LOW,NORMAL,HIGH,ZERO,HIGH,HIGH,NORMAL,False,ZERO,NORMAL,LOW
HIGH,NORMAL,LOW,False,False,False,False,False,HIGH,NORMAL,LOW,LOW,NORMAL,LOW,ZERO,HIGH,HIGH,HIGH,False,ZERO,NORMAL,HIGH
HIGH,NORMAL,LOW,False,False,False,False,True,LOW,NORMAL,LOW,LOW,NORMAL,HIGH,ZERO,HIGH,HIGH,HIGH,False,ZERO,NORMAL,NORMAL
HIGH,NORMAL,LOW,False,False,False,False,False,NORMAL,NORMAL,LOW,LOW,NORMAL,HIGH,ZERO,HIGH,HIGH,NORMAL,False,ZERO,NORMAL,LOW
LOW,NORMAL,ZERO,False,False,True,True,False,NORMAL,NORMAL,LOW,HIGH,NORMAL,NORMAL,HIGH,NORMAL,HIGH,NORMAL,False,HIGH,NORMAL,HIGH
HIGH,HIGH,HIGH,False,False,False,False,False,NORMAL,NORMAL,LOW,HIGH,NORMAL,LOW,HIGH,HIGH,HIGH,NORMAL,False,HIGH,NORMAL,LOW
HIGH,NORMAL,LOW,False,False,False,False,False,NORMAL,NORMAL,LOW,LOW,NORMAL,HIGH,NORMAL,HIGH,HIGH,NORMAL,False,ZERO,HIGH,NORMAL
HIGH,NORMAL,LOW,False,False,False,True,False,NORMAL,NORMAL,LOW,LOW,NORMAL,HIGH,ZERO,HIGH,HIGH,NORMAL,False,ZERO,NORMAL,NORMAL
NORMAL,NORMAL,LOW,False,False,False,False,False,NORMAL,NORMAL,LOW,LOW,NORMAL,HIGH,ZERO,HIGH,HIGH,NORMAL,False,ZERO,HIGH,HIGH
LOW,NORMAL,LOW,False,False,False,False,False,NORMAL,NORMAL,LOW,LOW,NORMAL,NORMAL,HIGH,LOW,LOW,NORMAL,False,ZERO,NORMAL,NORMAL
NORMAL,NORMAL,LOW,False,False,False,False,False,NORMAL,NORMAL,LOW,LOW,NORMAL,HIGH,ZERO,HIGH,HIGH,LOW,False,ZERO,NORMAL,NORMAL
HIGH,NORMAL,LOW,False,False,False,False,False,HIGH,NORMAL,LOW,LOW,NORMAL,HIGH,ZERO,HIGH,HIGH,HIGH,False,ZERO,NORMAL,LOW
HIGH,HIGH,HIGH,False,False,False,False,True,LOW,ONESIDED,HIGH,LOW,NORMAL,NORMAL,HIGH,HIGH,HIGH,LOW,False,LOW,HIGH,NORMAL
LOW,HIGH,HIGH,False,False,True,False,False,NORMAL,NORMAL,ZERO,HIGH,LOW,NORMAL,HIGH,LOW,LOW,LOW,False,HIGH,NORMAL,HIGH
HIGH,NORMAL,LOW,False,False,False,False,False,NORMAL,NORMAL,LOW,LOW,NORMAL,HIGH,ZERO,HIGH,HIGH,NORMAL,False,ZERO,NORMAL,NORMAL
NORMAL,ZERO,ZERO,False,False,False,False,False,NORMAL,NORMAL,LOW,HIGH,NORMAL,NORMAL,HIGH,LOW,LOW,NORMAL,False,HIGH,NORMAL,NORMAL
NORMAL,NORMAL,ZERO,False,False,False,False,False,NORMAL,NORMAL,NORMAL,LOW,NORMAL,HIGH,HIGH,HIGH,HIGH,NORMAL,False,ZERO,NORMAL,NORMAL
NORMAL,NORMAL,LOW,False,False,False,False,False,NORMAL,NORMAL,LOW,LOW,NORMAL,HIGH,ZERO,NORMAL,HIGH,NORMAL,False,ZERO,NORMAL,LOW
HIGH,ZERO,ZERO,False,False,False,False,False,HIGH,NORMAL,LOW,HIGH,NORMAL,HIGH,HIGH,HIGH,HIGH,HIGH,False,HIGH,NORMAL,LOW
NORMAL,NORMAL,LOW,False,False,False,False,False,LOW,NORMAL,LOW,LOW,NORMAL,HIGH,ZERO,HIGH,HIGH,LOW,False,ZERO,NORMAL,NORMAL
HIGH,ZERO,ZERO,False,False,True,False,False,HIGH,NORMAL,LOW,HIGH,NORMAL,HIGH,HIGH,NORMAL,NORMAL,HIGH,False,HIGH,NORMAL,NORMAL
HIGH,ZERO,ZERO,False,False,False,False,False,NORMAL,NORMAL,LOW,HIGH,NORMAL,LOW,HIGH,HIGH,HIGH,NORMAL,False,HIGH,HIGH,NORMAL
HIGH,NORMAL,LOW,False,False,False,True,False,NORMAL,NORMAL,LOW,LOW,HIGH,HIGH,ZERO,HIGH,HIGH,NORMAL,False,ZERO,NORMAL,NORMAL
HIGH,NORMAL,HIGH,False,False,False,False,True,LOW,NORMAL,LOW,HIGH,NORMAL,LOW,HIGH,HIGH,HIGH,LOW,False,HIGH,NORMAL,LOW
HIGH,NORMAL,LOW,False,False,False,False,False,NORMAL,NORMAL,LOW,LOW,HIGH,HIGH,ZERO,HIGH,HIGH,NORMAL,False,ZERO,NORMAL,LOW
LOW,ZERO,ZERO,False,False,False,False,False,HIGH,NORMAL,LOW,NORMAL,LOW,NORMAL,HIGH,LOW,LOW,HIGH,False,HIGH,NORMAL,HIGH
NORMAL,NORMAL,LOW,False,False,False,False,False,LOW,NORMAL,HIGH,LOW,NORMAL,HIGH,LOW,HIGH,HIGH,LOW,False,LOW,NORMAL,HIGH
HIGH,NORMAL,LOW,False,False,False,False,False,NORMAL,NORMAL,LOW,LOW,NORMAL,LOW,ZERO,HIGH,HIGH,LOW,False,ZERO,NORMAL,NORMAL
HIGH,NORMAL,LOW,False,False,True,False,False,NORMAL,NORMAL,LOW,LOW,NORMAL,HIGH,ZERO,NORMAL,NORMAL,NORMAL,False,ZERO,NORMAL,NORMAL
HIGH,NORMAL,LOW,False,False,False,False,False,HIGH,NORMAL,LOW,LOW,NORMAL,HIGH,ZERO,HIGH,HIGH,HIGH,False,ZERO,NORMAL,NORMAL
HIGH,NORMAL,ZERO,False,False,False,False,False,NORMAL,NORMAL,LOW,LOW,NORMAL,HIGH,ZERO,HIGH,HIGH,NORMAL,False,ZERO,NORMAL,LOW
HIGH,NORMAL,LOW,False,False,False,True,False,NORMAL,NORMAL,LOW,LOW,NORMAL,HIGH,ZERO,HIGH,HIGH,NORMAL,False,ZERO,NORMAL,HIGH
HIGH,NORMAL,LOW,False,False,False,False,False,NORMAL,ESOPHAGEAL,NORMAL,LOW,NORMAL,HIGH,ZERO,HIGH,HIGH,NORMAL,False,ZERO,NORMAL,LOW
LOW,HIGH,HIGH,False,False,False,False,False,NORMAL,NORMAL,LOW,HIGH,NORMAL,NORMAL,HIGH,LOW,LOW,NORMAL,False,HIGH,NORMAL,HIGH
HIGH,NORMAL,LOW,False,False,False,False,False,NORMAL,NORMAL,LOW,LOW,NORMAL,HIGH,ZERO,HIGH,HIGH,NORMAL,False,ZERO,NORMAL,HIGH
HIGH,ZERO,ZERO,False,False,True,True,False,HIGH,NORMAL,LOW,HIGH,NORMAL,LOW,HIGH,NORMAL,NORMAL,HIGH,False,HIGH,NORMAL,LOW
HIGH,NORMAL,LOW,False,False,False,False,False,NORMAL,NORMAL,LOW,LOW,NORMAL,HIGH,ZERO,HIGH,HIGH,NORMAL,False,ZERO,NORMAL,LOW
HIGH,NORMAL,LOW,False,False,False,True,False,NORMAL,NORMAL,LOW,LOW,HIGH,HIGH,ZERO,HIGH,HIGH,NORMAL,False,ZERO,NORMAL,HIGH
HIGH,NORMAL,LOW,False,False,True,False,False,NORMAL,ONESIDED,NORMAL,LOW,NORMAL,HIGH,LOW,NORMAL,NORMAL,LOW,False,LOW,HIGH,LOW
HIGH,NORMAL,ZERO,False,False,False,False,False,NORMAL,NORMAL,NORMAL,HIGH,NORMAL,HIGH,HIGH,HIGH,HIGH,NORMAL,False,HIGH,NORMAL,LOW
HIGH,NORMAL,LOW,False,False,False,True,False,NORMAL,NORMAL,LOW,LOW,NORMAL,HIGH,ZERO,HIGH,HIGH,NORMAL,False,ZERO,NORMAL,HIGH
HIGH,NORMAL,LOW,False,False,False,False,False,HIGH,NORMAL,LOW,LOW,NORMAL,LOW,ZERO,HIGH,HIGH,HIGH,False,ZERO,NORMAL,NORMAL
HIGH,NORMAL,LOW,False,False,False,False,False,HIGH,NORMAL,LOW,LOW,NORMAL,HIGH,ZERO,HIGH,HIGH,HIGH,False,ZERO,NORMAL,HIGH
HIGH,NORMAL,ZERO,False,False,False,False,False,NORMAL,NORMAL,LOW,LOW,LOW,LOW,ZERO,HIGH,NORMAL,NORMAL,False,ZERO,NORMAL,NORMAL
HIGH,NORMAL,LOW,False,False,False,False,False,NORMAL,NORMAL,LOW,LOW,NORMAL,HIGH,ZERO,HIGH,HIGH,NORMAL,False,ZERO,NORMAL,NORMAL
HIGH,LOW,ZERO,False,False,False,False,False,HIGH,NORMAL,LOW,LOW,NORMAL,HIGH,ZERO,HIGH,HIGH,HIGH,False,ZERO,HIGH,NORMAL
HIGH,LOW,ZERO,False,False,False,False,True,HIGH,NORMAL,LOW,HIGH,NORMAL,HIGH,HIGH,HIGH,HIGH,HIGH,False,HIGH,NORMAL,NORMAL
HIGH,NORMAL,LOW,False,False,False,False,False,NORMAL,NORMAL,HIGH,LOW,NORMAL,HIGH,ZERO,HIGH,HIGH,NORMAL,False,ZERO,NORMAL,LOW
HIGH,NORMAL,LOW,False,False,False,False,False,HIGH,NORMAL,LOW,LOW,NORMAL,HIGH,ZERO,HIGH,HIGH,HIGH,False,ZERO,NORMAL,LOW
HIGH,HIGH,HIGH,False,False,False,False,False,NORMAL,NORMAL,HIGH,HIGH,NORMAL,HIGH,HIGH,HIGH,HIGH,NORMAL,False,HIGH,HIGH,HIGH
HIGH,NORMAL,LOW,False,False,False,False,False,NORMAL,NORMAL,LOW,LOW,NORMAL,HIGH,ZERO,HIGH,HIGH,NORMAL,False,ZERO,NORMAL,HIGH
HIGH,NORMAL,LOW,False,False,False,False,False,HIGH,NORMAL,LOW,LOW,NORMAL,LOW,ZERO,HIGH,HIGH,NORMAL,False,ZERO,NORMAL,HIGH
LOW,NORMAL,LOW,False,False,False,False,True,LOW,NORMAL,LOW,LOW,NORMAL,LOW,ZERO,LOW,NORMAL,LOW,False,ZERO,NORMAL,LOW
HIGH,NORMAL,LOW,False,False,True,False,False,NORMAL,NORMAL,ZERO,HIGH,NORMAL,HIGH,ZERO,NORMAL,NORMAL,NORMAL,False,HIGH,NORMAL,NORMAL
LOW,NORMAL,LOW,False,False,False,False,False,NORMAL,NORMAL,LOW,LOW,NORMAL,NORMAL,ZERO,LOW,LOW,NORMAL,False,ZERO,NORMAL,NORMAL
NORMAL,NORMAL,LOW,False,False,False,False,False,HIGH,NORMAL,LOW,LOW,NORMAL,LOW,ZERO,HIGH,NORMAL,HIGH,False,ZERO,NORMAL,HIGH
HIGH,NORMAL,LOW,False,False,False,False,False,NORMAL,NORMAL,LOW,LOW,NORMAL,HIGH,ZERO,HIGH,HIGH,NORMAL,False,ZERO,NORMAL,HIGH
HIGH,NORMAL,ZERO,False,False,False,True,False,LOW,NORMAL,LOW,LOW,NORMAL,HIGH,ZERO,HIGH,HIGH,LOW,False,ZERO,NORMAL,LOW
HIGH,NORMAL,LOW,False,False,False,False,False,NORMAL,NORMAL,LOW,LOW,NORMAL,HIGH,ZERO,HIGH,HIGH,NORMAL,False,ZERO,NORMAL,NORMAL
LOW,NORMAL,ZERO,False,False,False,False,False,NORMAL,NORMAL,LOW,HIGH,NORMAL,NORMAL,HIGH,LOW,LOW,NORMAL,False,HIGH,NORMAL,HIGH
HIGH,NORMAL,LOW,False,False,False,False,False,NORMAL,NORMAL,LOW,LOW,NORMAL,HIGH,ZERO,HIGH,HIGH,NORMAL,False,ZERO,NORMAL,NORMAL
HIGH,NORMAL,LOW,False,False,True,False,True,LOW,NORMAL,LOW,HIGH,NORMAL,NORMAL,HIGH,NORMAL,NORMAL,LOW,False,HIGH,NORMAL,LOW
LOW,NORMAL,ZERO,False,False,False,False,False,NORMAL,NORMAL,LOW,LOW,NORMAL,NORMAL,ZERO,LOW,LOW,NORMAL,True,ZERO,NORMAL,NORMAL
HIGH,NORMAL,LOW,False,False,False,False,False,NORMAL,NORMAL,LOW,LOW,NORMAL,HIGH,ZERO,HIGH,HIGH,NORMAL,False,ZERO,NORMAL,HIGH
HIGH,NORMAL,LOW,False,False,False,False,False,HIGH,ESOPHAGEAL,LOW,LOW,LOW,HIGH,NORMAL,HIGH,HIGH,HIGH,False,LOW,NORMAL,HIGH
HIGH,NORMAL,LOW,False,False,False,False,True,LOW,NORMAL,LOW,LOW,NORMAL,NORMAL,ZERO,HIGH,HIGH,LOW,False,ZERO,NORMAL,LOW
LOW,LOW,ZERO,False,False,False,False,False,NORMAL,ESOPHAGEAL,LOW,LOW,NORMAL,NORMAL,NORMAL,LOW,LOW,NORMAL,False,LOW,HIGH,NORMAL
HIGH,NORMAL,LOW,False,False,False,False,False,NORMAL,NORMAL,LOW,LOW,NORMAL,NORMAL,ZERO,HIGH,HIGH,NORMAL,False,ZERO,NORMAL,NORMAL
LOW,NORMAL,LOW,False,False,False,False,True,LOW,NORMAL,LOW,LOW,NORMAL,LOW,ZERO,NORMAL,LOW,LOW,False,ZERO,NORMAL,NORMAL
HIGH,NORMAL,LOW,False,False,False,False,False,NORMAL,ESOPHAGEAL,LOW,LOW,NORMAL,HIGH,LOW,HIGH,HIGH,NORMAL,False,LOW,NORMAL,NORMAL
NORMAL,NORMAL,LOW,False,False,False,False,False,LOW,NORMAL,LOW,LOW,NORMAL,HIGH,ZERO,HIGH,HIGH,LOW,False,ZERO,NORMAL,HIGH
HIGH,HIGH,LOW,False,False,False,False,False,NORMAL,NORMAL,LOW,LOW,NORMAL,HIGH,ZERO,HIGH,HIGH,NORMAL,False,ZERO,NORMAL,NORMAL
HIGH,NORMAL,LOW,False,False,False,False,False,NORMAL,NORMAL,LOW,LOW,LOW,HIGH,ZERO,HIGH,HIGH,NORMAL,False,ZERO,NORMAL,LOW
HIGH,NORMAL,LOW,False,False,False,True,False,NORMAL,NORMAL,LOW,LOW,NORMAL,LOW,ZERO,HIGH,HIGH,NORMAL,False,ZERO,NORMAL,NORMAL
HIGH,NORMAL,LOW,False,False,False,False,False,NORMAL,ESOPHAGEAL,NORMAL,LOW,NORMAL,HIGH,ZERO,HIGH,HIGH,NORMAL,False,ZERO,NORMAL,NORMAL
HIGH,NORMAL,LOW,False,False,False,True,False,NORMAL,NORMAL,LOW,LOW,NORMAL,HIGH,ZERO,HIGH,HIGH,NORMAL,False,ZERO,NORMAL,LOW
HIGH,NORMAL,LOW,False,False,False,False,False,HIGH,NORMAL,LOW,LOW,NORMAL,LOW,ZERO,HIGH,HIGH,HIGH,False,ZERO,NORMAL,HIGH
HIGH,LOW,ZERO,False,False,False,False,False,NORMAL,NORMAL,NORMAL,LOW,NORMAL,HIGH,HIGH,HIGH,HIGH,NORMAL,False,LOW,NORMAL,HIGH
HIGH,NORMAL,LOW,False,False,False,False,False,NORMAL,NORMAL,LOW,LOW,NORMAL,HIGH,ZERO,HIGH,HIGH,NORMAL,False,ZERO,NORMAL,HIGH
LOW,NORMAL,LOW,False,False,False,False,False,HIGH,NORMAL,LOW,LOW,NORMAL,HIGH,ZERO,LOW,LOW,HIGH,False,ZERO,NORMAL,LOW
HIGH,NORMAL,LOW,True,False,False,False,False,NORMAL,NORMAL,LOW,LOW,NORMAL,HIGH,ZERO,HIGH,HIGH,NORMAL,False,ZERO,NORMAL,LOW
HIGH,NORMAL,LOW,False,False,False,False,False,LOW,NORMAL,ZERO,LOW,NORMAL,NORMAL,ZERO,HIGH,HIGH,LOW,False,ZERO,NORMAL,LOW
HIGH,NORMAL,HIGH,False,False,True,False,False,HIGH,NORMAL,LOW,HIGH,NORMAL,HIGH,HIGH,NORMAL,NORMAL,HIGH,False,HIGH,NORMAL,HIGH
LOW,HIGH,HIGH,False,False,False,False,False,HIGH,NORMAL,ZERO,NORMAL,NORMAL,NORMAL,HIGH,LOW,LOW,HIGH,False,HIGH,NORMAL,HIGH
HIGH,NORMAL,LOW,False,False,False,False,False,HIGH,NORMAL,LOW,LOW,HIGH,HIGH,ZERO,HIGH,HIGH,HIGH,False,ZERO,NORMAL,LOW
HIGH,NORMAL,LOW,False,False,False,False,False,HIGH,NORMAL,LOW,LOW,NORMAL,HIGH,ZERO,HIGH,HIGH,NORMAL,False,ZERO,NORMAL,HIGH
NORMAL,NORMAL,LOW,False,False,False,False,False,NORMAL,NORMAL,LOW,LOW,NORMAL,HIGH,ZERO,HIGH,HIGH,NORMAL,False,ZERO,NORMAL,HIGH
HIGH,NORMAL,LOW,False,False,True,False,False,NORMAL,NORMAL,LOW,LOW,NORMAL,NORMAL,ZERO,NORMAL,NORMAL,NORMAL,False,ZERO,NORMAL,HIGH
HIGH,NORMAL,LOW,False,False,False,False,False,NORMAL,NORMAL,LOW,LOW,NORMAL,HIGH,ZERO,HIGH,HIGH,NORMAL,False,ZERO,NORMAL,HIGH
HIGH,NORMAL,LOW,False,False,False,False,False,NORMAL,NORMAL,LOW,LOW,NORMAL,HIGH,ZERO,HIGH,HIGH,NORMAL,False,ZERO,NORMAL,HIGH
HIGH,NORMAL,LOW,False,False,False,False,False,NORMAL,NORMAL,LOW,LOW,NORMAL,HIGH,ZERO,HIGH,HIGH,NORMAL,False,ZERO,NORMAL,HIGH
HIGH,ZERO,ZERO,False,False,False,False,False,HIGH,NORMAL,ZERO,HIGH,NORMAL,HIGH,HIGH,HIGH,HIGH,HIGH,False,HIGH,NORMAL,NORMAL
HIGH,ZERO,ZERO,False,False,False,False,False,HIGH,NORMAL,LOW,HIGH,NORMAL,HIGH,HIGH,HIGH,HIGH,NORMAL,False,HIGH,NORMAL,NORMAL
HIGH,NORMAL,LOW,False,False,False,False,False,NORMAL,ESOPHAGEAL,LOW,LOW,NORMAL,HIGH,LOW,HIGH,HIGH,NORMAL,False,LOW,NORMAL,HIGH
LOW,HIGH,HIGH,False,False,False,False,False,HIGH,NORMAL,LOW,HIGH,NORMAL,LOW,HIGH,LOW,LOW,HIGH,False,HIGH,NORMAL,HIGH
HIGH,NORMAL,LOW,False,False,False,False,False,NORMAL,NORMAL,LOW,LOW,NORMAL,HIGH,ZERO,HIGH,HIGH,NORMAL,False,ZERO,NORMAL,NORMAL
HIGH,NORMAL,LOW,False,False,False,False,False,NORMAL,NORMAL,LOW,LOW,NORMAL,HIGH,ZERO,HIGH,HIGH,NORMAL,False,ZERO,NORMAL,NORMAL
HIGH,NORMAL,LOW,False,False,False,False,False,NORMAL,ONESIDED,NORMAL,LOW,NORMAL,HIGH,ZERO,HIGH,HIGH,NORMAL,False,LOW,NORMAL,HIGH
LOW,ZERO,ZERO,False,False,False,False,False,LOW,NORMAL,LOW,HIGH,NORMAL,NORMAL,HIGH,LOW,LOW,LOW,False,HIGH,NORMAL,LOW
HIGH,NORMAL,LOW,False,False,False,False,False,NORMAL,NORMAL,NORMAL,LOW,NORMAL,HIGH,LOW,HIGH,NORMAL,NORMAL,False,NORMAL,NORMAL,NORMAL
HIGH,NORMAL,LOW,False,False,False,False,False,NORMAL,NORMAL,LOW,LOW,NORMAL,HIGH,ZERO,HIGH,HIGH,NORMAL,False,ZERO,NORMAL,LOW
HIGH,NORMAL,LOW,False,False,False,False,False,HIGH,NORMAL,LOW,LOW,NORMAL,HIGH,ZERO,HIGH,HIGH,HIGH,False,ZERO,NORMAL,NORMAL
HIGH,ZERO,NORMAL,False,False,False,True,False,NORMAL,NORMAL,HIGH,LOW,NORMAL,HIGH,LOW,HIGH,HIGH,NORMAL,False,LOW,NORMAL,LOW
HIGH,NORMAL,LOW,False,False,False,False,False,NORMAL,NORMAL,LOW,HIGH,NORMAL,HIGH,HIGH,HIGH,HIGH,NORMAL,False,HIGH,NORMAL,NORMAL
HIGH,NORMAL,ZERO,False,False,False,False,False,NORMAL,NORMAL,LOW,HIGH,NORMAL,HIGH,HIGH,HIGH,HIGH,NORMAL,False,HIGH,NORMAL,NORMAL
HIGH,NORMAL,LOW,False,False,False,False,False,NORMAL,NORMAL,LOW,LOW,NORMAL,HIGH,ZERO,HIGH,HIGH,NORMAL,False,ZERO,NORMAL,NORMAL
HIGH,NORMAL,LOW,False,False,False,False,False,NORMAL,NORMAL,LOW,LOW,HIGH,NORMAL,ZERO,HIGH,HIGH,NORMAL,False,ZERO,NORMAL,NORMAL
HIGH,NORMAL,LOW,False,False,False,False,False,NORMAL,NORMAL,LOW,LOW,NORMAL,HIGH,ZERO,HIGH,HIGH,NORMAL,False,ZERO,NORMAL,HIGH
HIGH,NORMAL,LOW,False,False,False,False,False,HIGH,NORMAL,LOW,LOW,NORMAL,HIGH,ZERO,HIGH,HIGH,HIGH,False,ZERO,HIGH,LOW
NORMAL,NORMAL,LOW,False,False,False,False,False,NORMAL,NORMAL,LOW,LOW,NORMAL,HIGH,ZERO,HIGH,HIGH,NORMAL,False,ZERO,NORMAL,NORMAL
LOW,NORMAL,LOW,False,False,False,False,False,HIGH,NORMAL,LOW,LOW,NORMAL,NORMAL,ZERO,LOW,LOW,HIGH,False,ZERO,NORMAL,NORMAL
LOW,NORMAL,LOW,False,False,True,False,False,HIGH,NORMAL,LOW,LOW,NORMAL,LOW,ZERO,HIGH,NORMAL,HIGH,False,ZERO,NORMAL,LOW
HIGH,NORMAL,LOW,False,False,False,False,False,NORMAL,NORMAL,LOW,LOW,NORMAL,NORMAL,ZERO,HIGH,HIGH,NORMAL,False,ZERO,NORMAL,NORMAL
HIGH,NORMAL,ZERO,False,False,False,True,False,HIGH,NORMAL,LOW,LOW,NORMAL,HIGH,ZERO,HIGH,HIGH,HIGH,False,ZERO,NORMAL,LOW
LOW,NORMAL,LOW,False,False,False,False,False,NORMAL,NORMAL,LOW,LOW,NORMAL,NORMAL,ZERO,LOW,LOW,NORMAL,False,ZERO,NORMAL,HIGH
LOW,NORMAL,LOW,False,False,False,False,False,NORMAL,NORMAL,LOW,LOW,NORMAL,NORMAL,ZERO,LOW,LOW,NORMAL,False,ZERO,NORMAL,LOW
HIGH,NORMAL,LOW,False,False,False,False,False,HIGH,NORMAL,LOW,LOW,NORMAL,HIGH,ZERO,HIGH,HIGH,HIGH,False,ZERO,NORMAL,NORMAL
HIGH,NORMAL,ZERO,False,False,False,True,False,HIGH,NORMAL,LOW,HIGH,NORMAL,NORMAL,HIGH,HIGH,LOW,HIGH,False,HIGH,NORMAL,NORMAL
HIGH,NORMAL,LOW,False,False,False,False,False,NORMAL,NORMAL,LOW,LOW,NORMAL,HIGH,ZERO,HIGH,HIGH,NORMAL,False,ZERO,NORMAL,NORMAL
HIGH,HIGH,HIGH,False,False,False,False,False,NORMAL,NORMAL,LOW,HIGH,NORMAL,HIGH,HIGH,HIGH,HIGH,NORMAL,False,HIGH,NORMAL,NORMAL
HIGH,NORMAL,LOW,False,False,False,False,False,NORMAL,NORMAL,LOW,LOW,NORMAL,HIGH,ZERO,HIGH,HIGH,NORMAL,False,NORMAL,NORMAL,LOW
HIGH,NORMAL,ZERO,False,False,False,True,True,LOW,NORMAL,LOW,HIGH,NORMAL,LOW,HIGH,HIGH,LOW,LOW,False,HIGH,NORMAL,NORMAL
HIGH,NORMAL,LOW,False,False,False,False,False,HIGH,NORMAL,LOW,LOW,NORMAL,HIGH,ZERO,HIGH,HIGH,HIGH,False,ZERO,NORMAL,LOW
NORMAL,HIGH,HIGH,False,False,True,False,False,NORMAL,NORMAL,HIGH,HIGH,NORMAL,LOW,HIGH,NORMAL,NORMAL,NORMAL,False,HIGH,NORMAL,NORMAL
HIGH,NORMAL,LOW,False,False,False,False,False,NORMAL,NORMAL,LOW,LOW,HIGH,LOW,ZERO,HIGH,HIGH,NORMAL,False,ZERO,NORMAL,HIGH
HIGH,NORMAL,LOW,False,False,False,True,False,NORMAL,NORMAL,LOW,LOW,LOW,HIGH,ZERO,HIGH,HIGH,NORMAL,False,ZERO,NORMAL,NORMAL
HIGH,NORMAL,ZERO,False,False,True,False,False,NORMAL,ONESIDED,LOW,LOW,NORMAL,HIGH,NORMAL,NORMAL,NORMAL,NORMAL,False,NORMAL,HIGH,LOW
LOW,LOW,ZERO,False,False,False,False,False,NORMAL,NORMAL,LOW,HIGH,NORMAL,NORMAL,HIGH,LOW,LOW,NORMAL,False,HIGH,NORMAL,NORMAL
HIGH,NORMAL,LOW,False,False,False,False,False,HIGH,NORMAL,LOW,LOW,NORMAL,HIGH,ZERO,HIGH,HIGH,HIGH,False,ZERO,NORMAL,LOW
HIGH,NORMAL,LOW,False,False,False,False,False,NORMAL,NORMAL,LOW,LOW,NORMAL,HIGH,ZERO,HIGH,HIGH,NORMAL,False,ZERO,NORMAL,LOW
LOW,NORMAL,LOW,False,False,False,False,False,NORMAL,NORMAL,LOW,LOW,NORMAL,NORMAL,ZERO,LOW,LOW,NORMAL,False,ZERO,NORMAL,NORMAL
HIGH,NORMAL,LOW,False,False,False,False,False,NORMAL,NORMAL,LOW,LOW,NORMAL,HIGH,ZERO,HIGH,HIGH,NORMAL,False,ZERO,NORMAL,LOW
HIGH,NORMAL,LOW,False,False,False,False,False,HIGH,NORMAL,LOW,LOW,NORMAL,HIGH,ZERO,HIGH,HIGH,HIGH,False,ZERO,NORMAL,NORMAL
HIGH,NORMAL,LOW,False,False,False,False,False,NORMAL,NORMAL,LOW,LOW,NORMAL,HIGH,ZERO,HIGH,HIGH,NORMAL,False,ZERO,NORMAL,HIGH
HIGH,NORMAL,LOW,False,False,False,False,False,LOW,NORMAL,HIGH,LOW,NORMAL,HIGH,LOW,HIGH,HIGH,LOW,False,LOW,NORMAL,NORMAL
LOW,NORMAL,ZERO,False,False,False,False,False,NORMAL,NORMAL,LOW,HIGH,LOW,HIGH,HIGH,HIGH,HIGH,NORMAL,False,HIGH,NORMAL,NORMAL
HIGH,NORMAL,LOW,False,False,False,False,False,HIGH,NORMAL,LOW,LOW,NORMAL,HIGH,ZERO,HIGH,HIGH,HIGH,False,ZERO,NORMAL,LOW
HIGH,NORMAL,ZERO,False,False,False,False,False,NORMAL,ONESIDED,LOW,LOW,LOW,HIGH,NORMAL,HIGH,HIGH,NORMAL,False,NORMAL,HIGH,LOW
LOW,ZERO,ZERO,False,False,False,False,False,NORMAL,NORMAL,LOW,HIGH,LOW,HIGH,HIGH,LOW,LOW,NORMAL,False,HIGH,NORMAL,HIGH
HIGH,NORMAL,LOW,False,False,False,True,False,NORMAL,NORMAL,LOW,LOW,NORMAL,HIGH,ZERO,HIGH,HIGH,NORMAL,False,ZERO,NORMAL,HIGH
HIGH,NORMAL,LOW,False,False,False,False,False,NORMAL,NORMAL,LOW,LOW,NORMAL,HIGH,ZERO,HIGH,HIGH,NORMAL,True,ZERO,NORMAL,NORMAL
HIGH,NORMAL,LOW,False,False,False,True,False,NORMAL,NORMAL,LOW,LOW,NORMAL,HIGH,ZERO,HIGH,HIGH,NORMAL,False,ZERO,NORMAL,LOW
HIGH,NORMAL,LOW,False,False,False,False,False,NORMAL,NORMAL,LOW,LOW,NORMAL,HIGH,ZERO,HIGH,HIGH,NORMAL,False,ZERO,NORMAL,LOW
HIGH,NORMAL,LOW,False,False,False,False,False,NORMAL,NORMAL,LOW,LOW,NORMAL,HIGH,ZERO,HIGH,HIGH,NORMAL,False,ZERO,NORMAL,NORMAL
HIGH,LOW,ZERO,False,False,False,False,False,HIGH,NORMAL,LOW,HIGH,NORMAL,HIGH,HIGH,HIGH,HIGH,HIGH,False,HIGH,NORMAL,NORMAL
HIGH,NORMAL,LOW,False,False,False,False,False,NORMAL,NORMAL,LOW,LOW,NORMAL,HIGH,ZERO,HIGH,HIGH,NORMAL,False,ZERO,NORMAL,HIGH
HIGH,NORMAL,LOW,False,False,False,False,False,NORMAL,ESOPHAGEAL,NORMAL,LOW,NORMAL,HIGH,ZERO,HIGH,HIGH,NORMAL,False,ZERO,NORMAL,LOW
LOW,NORMAL,LOW,False,False,False,False,False,NORMAL,NORMAL,LOW,LOW,NORMAL,NORMAL,ZERO,LOW,LOW,NORMAL,False,ZERO,NORMAL,LOW
HIGH,NORMAL,LOW,False,False,False,False,False,NORMAL,NORMAL,LOW,LOW,NORMAL,HIGH,ZERO,HIGH,HIGH,NORMAL,False,ZERO,NORMAL,HIGH
HIGH,NORMAL,LOW,False,False,True,False,False,NORMAL,NORMAL,HIGH,LOW,NORMAL,HIGH,LOW,NORMAL,NORMAL,NORMAL,False,LOW,NORMAL,LOW
HIGH,NORMAL,LOW,False,False,False,False,False,NORMAL,NORMAL,LOW,LOW,NORMAL,HIGH,ZERO,HIGH,HIGH,NORMAL,False,ZERO,NORMAL,NORMAL
LOW,HIGH,HIGH,False,False,True,False,False,NORMAL,NORMAL,LOW,HIGH,NORMAL,NORMAL,HIGH,LOW,HIGH,NORMAL,False,HIGH,NORMAL,HIGH
HIGH,NORMAL,LOW,False,False,False,False,False,NORMAL,NORMAL,ZERO,HIGH,NORMAL,HIGH,ZERO,HIGH,HIGH,NORMAL,False,HIGH,NORMAL,NORMAL
LOW,NORMAL,LOW,False,False,False,False,False,NORMAL,NORMAL,LOW,LOW,NORMAL,NORMAL,ZERO,LOW,LOW,NORMAL,False,ZERO,NORMAL,LOW
LOW,HIGH,HIGH,False,False,False,True,False,NORMAL,NORMAL,LOW,HIGH,NORMAL,NORMAL,HIGH,LOW,LOW,NORMAL,False,HIGH,NORMAL,HIGH
LOW,NORMAL,ZERO,False,False,False,False,False,HIGH,NORMAL,ZERO,HIGH,NORMAL,NORMAL,HIGH,LOW,LOW,HIGH,False,HIGH,NORMAL,HIGH
HIGH,NORMAL,NORMAL,False,False,False,False,False,NORMAL,NORMAL,HIGH,LOW,NORMAL,HIGH,LOW,HIGH,HIGH,NORMAL,False,LOW,NORMAL,NORMAL
HIGH,NORMAL,LOW,False,False,False,False,False,NORMAL,NORMAL,LOW,LOW,NORMAL,NORMAL,ZERO,HIGH,HIGH,NORMAL,False,ZERO,NORMAL,NORMAL
HIGH,NORMAL,LOW,False,False,True,False,False,NORMAL,NORMAL,LOW,LOW,NORMAL,HIGH,ZERO,NORMAL,NORMAL,NORMAL,False,ZERO,HIGH,LOW
HIGH,NORMAL,LOW,False,False,False,False,False,NORMAL,ONESIDED,LOW,LOW,NORMAL,HIGH,NORMAL,HIGH,HIGH,NORMAL,False,NORMAL,HIGH,HIGH
LOW,HIGH,HIGH,False,False,False,False,False,HIGH,NORMAL,LOW,HIGH,NORMAL,NORMAL,HIGH,LOW,LOW,NORMAL,False,HIGH,NORMAL,HIGH
HIGH,NORMAL,LOW,False,False,False,False,False,HIGH,NORMAL,NORMAL,LOW,NORMAL,HIGH,LOW,HIGH,HIGH,HIGH,False,NORMAL,NORMAL,NORMAL
HIGH,NORMAL,LOW,False,False,False,False,False,HIGH,NORMAL,LOW,LOW,NORMAL,HIGH,ZERO,HIGH,HIGH,HIGH,False,ZERO,NORMAL,NORMAL
LOW,HIGH,HIGH,False,False,False,False,False,NORMAL,NORMAL,LOW,HIGH,NORMAL,HIGH,HIGH,LOW,LOW,NORMAL,False,HIGH,NORMAL,NORMAL
HIGH,NORMAL,LOW,False,False,False,False,False,NORMAL,NORMAL,LOW,LOW,NORMAL,HIGH,ZERO,HIGH,NORMAL,NORMAL,False,ZERO,NORMAL,NORMAL
HIGH,HIGH,HIGH,False,False,True,False,False,NORMAL,NORMAL,LOW,NORMAL,NORMAL,NORMAL,LOW,NORMAL,NORMAL,NORMAL,False,HIGH,NORMAL,NORMAL
HIGH,NORMAL,LOW,False,False,False,False,False,NORMAL,NORMAL,LOW,LOW,NORMAL,HIGH,ZERO,HIGH,HIGH,NORMAL,False,ZERO,NORMAL,LOW
HIGH,NORMAL,LOW,False,False,False,False,False,HIGH,NORMAL,LOW,LOW,NORMAL,HIGH,ZERO,HIGH,HIGH,HIGH,False,ZERO,NORMAL,NORMAL
HIGH,NORMAL,LOW,False,False,False,False,False,NORMAL,ESOPHAGEAL,LOW,LOW,NORMAL,HIGH,LOW,HIGH,HIGH,NORMAL,False,LOW,NORMAL,HIGH
HIGH,NORMAL,LOW,False,False,False,True,False,HIGH,NORMAL,HIGH,LOW,NORMAL,LOW,ZERO,HIGH,HIGH,HIGH,False,ZERO,NORMAL,HIGH
HIGH,NORMAL,LOW,False,False,True,False,False,NORMAL,NORMAL,LOW,LOW,NORMAL,HIGH,ZERO,NORMAL,NORMAL,NORMAL,False,ZERO,NORMAL,LOW
HIGH,NORMAL,LOW,False,False,False,False,False,NORMAL,NORMAL,LOW,LOW,LOW,HIGH,ZERO,HIGH,HIGH,NORMAL,False,LOW,NORMAL,NORMAL
HIGH,LOW,ZERO,False,False,False,False,False,HIGH,NORMAL,LOW,HIGH,NORMAL,HIGH,HIGH,HIGH,HIGH,HIGH,False,HIGH,NORMAL,NORMAL
HIGH,NORMAL,LOW,False,False,False,False,False,NORMAL,NORMAL,LOW,LOW,NORMAL,HIGH,LOW,HIGH,HIGH,LOW,True,ZERO,NORMAL,LOW
LOW,HIGH,HIGH,False,False,False,False,False,NORMAL,NORMAL,LOW,HIGH,NORMAL,HIGH,HIGH,LOW,LOW,NORMAL,False,HIGH,NORMAL,HIGH
HIGH,NORMAL,LOW,False,False,False,False,False,NORMAL,NORMAL,LOW,LOW,NORMAL,HIGH,ZERO,HIGH,HIGH,NORMAL,False,ZERO,NORMAL,LOW
HIGH,NORMAL,LOW,False,False,False,False,False,HIGH,NORMAL,LOW,LOW,NORMAL,LOW,ZERO,HIGH,HIGH,HIGH,False,ZERO,NORMAL,LOW
LOW,ZERO,ZERO,False,False,False,False,False,NORMAL,ONESIDED,LOW,LOW,NORMAL,NORMAL,NORMAL,LOW,LOW,HIGH,False,NORMAL,HIGH,HIGH
HIGH,NORMAL,ZERO,False,False,False,False,False,NORMAL,NORMAL,HIGH,LOW,NORMAL,HIGH,LOW,HIGH,HIGH,NORMAL,False,LOW,NORMAL,LOW
HIGH,NORMAL,LOW,False,False,False,False,False,NORMAL,NORMAL,LOW,LOW,NORMAL,HIGH,ZERO,HIGH,HIGH,NORMAL,False,ZERO,NORMAL,HIGH
HIGH,NORMAL,LOW,False,False,False,False,False,NORMAL,NORMAL,LOW,LOW,LOW,HIGH,ZERO,HIGH,HIGH,NORMAL,False,ZERO,NORMAL,LOW
HIGH,NORMAL,LOW,False,False,False,True,False,NORMAL,NORMAL,LOW,LOW,NORMAL,HIGH,ZERO,HIGH,HIGH,NORMAL,False,ZERO,NORMAL,NORMAL
HIGH,NORMAL,LOW,False,False,True,False,False,NORMAL,NORMAL,LOW,LOW,NORMAL,HIGH,ZERO,NORMAL,NORMAL,NORMAL,False,ZERO,HIGH,HIGH
HIGH,ZERO,ZERO,False,False,False,False,False,LOW,NORMAL,LOW,LOW,NORMAL,HIGH,ZERO,HIGH,HIGH,LOW,True,ZERO,NORMAL,LOW
LOW,NORMAL,LOW,False,False,False,False,False,HIGH,NORMAL,LOW,LOW,NORMAL,LOW,ZERO,LOW,LOW,HIGH,False,ZERO,NORMAL,HIGH
HIGH,NORMAL,LOW,False,False,False,False,False,NORMAL,NORMAL,LOW,LOW,LOW,HIGH,ZERO,HIGH,HIGH,NORMAL,False,ZERO,NORMAL,NORMAL
HIGH,NORMAL,LOW,False,False,False,False,False,NORMAL,NORMAL,LOW,NORMAL,NORMAL,HIGH,ZERO,HIGH,HIGH,NORMAL,False,ZERO,NORMAL,HIGH
HIGH,NORMAL,ZERO,False,False,False,False,False,NORMAL,NORMAL,LOW,LOW,NORMAL,HIGH,ZERO,HIGH,HIGH,NORMAL,False,ZERO,NORMAL,NORMAL
LOW,NORMAL,LOW,False,False,True,True,False,NORMAL,NORMAL,LOW,LOW,NORMAL,NORMAL,ZERO,NORMAL,LOW,NORMAL,False,ZERO,NORMAL,HIGH
HIGH,NORMAL,LOW,False,False,False,False,False,HIGH,NORMAL,ZERO,LOW,NORMAL,HIGH,ZERO,HIGH,HIGH,HIGH,False,ZERO,NORMAL,LOW
HIGH,NORMAL,LOW,False,False,True,False,False,NORMAL,NORMAL,LOW,LOW,NORMAL,HIGH,ZERO,NORMAL,NORMAL,NORMAL,False,ZERO,NORMAL,NORMAL
HIGH,ZERO,ZERO,False,False,False,False,False,NORMAL,NORMAL,NORMAL,NORMAL,NORMAL,HIGH,HIGH,HIGH,HIGH,NORMAL,False,HIGH,NORMAL,LOW
HIGH,ZERO,ZERO,False,False,False,True,False,NORMAL,NORMAL,LOW,LOW,NORMAL,HIGH,ZERO,HIGH,HIGH,NORMAL,False,ZERO,NORMAL,NORMAL
HIGH,NORMAL,LOW,False,False,False,False,False,LOW,ONESIDED,LOW,LOW,NORMAL,HIGH,NORMAL,HIGH,HIGH,LOW,True,NORMAL,HIGH,LOW
HIGH,NORMAL,LOW,False,False,False,False,False,NORMAL,NORMAL,LOW,LOW,NORMAL,HIGH,ZERO,HIGH,HIGH,NORMAL,False,ZERO,NORMAL,HIGH
HIGH,NORMAL,LOW,False,False,True,False,False,LOW,NORMAL,LOW,LOW,NORMAL,HIGH,ZERO,NORMAL,NORMAL,LOW,False,ZERO,NORMAL,HIGH
HIGH,LOW,ZERO,False,False,False,False,False,NORMAL,NORMAL,ZERO,NORMAL,NORMAL,HIGH,HIGH,HIGH,HIGH,NORMAL,False,HIGH,NORMAL,NORMAL
HIGH,NORMAL,LOW,False,True,False,False,False,HIGH,NORMAL,LOW,LOW,LOW,LOW,ZERO,HIGH,HIGH,HIGH,False,ZERO,HIGH,LOW
HIGH,NORMAL,LOW,False,False,False,False,False,NORMAL,NORMAL,LOW,LOW,NORMAL,HIGH,ZERO,HIGH,HIGH,NORMAL,False,ZERO,NORMAL,NORMAL
HIGH,NORMAL,LOW,False,False,False,False,False,NORMAL,NORMAL,LOW,LOW,LOW,HIGH,ZERO,HIGH,HIGH,NORMAL,False,ZERO,NORMAL,NORMAL
HIGH,NORMAL,LOW,False,False,False,False,False,HIGH,NORMAL,LOW,LOW,NORMAL,HIGH,ZERO,HIGH,HIGH,HIGH,False,ZERO,NORMAL,HIGH
HIGH,NORMAL,LOW,False,False,False,False,False,LOW,ONESIDED,NORMAL,LOW,NORMAL,HIGH,ZERO,HIGH,LOW,NORMAL,False,LOW,HIGH,NORMAL
HIGH,NORMAL,LOW,False,False,False,True,False,NORMAL,NORMAL,LOW,LOW,NORMAL,HIGH,ZERO,HIGH,HIGH,NORMAL,False,ZERO,NORMAL,LOW
HIGH,NORMAL,LOW,False,False,True,False,False,NORMAL,NORMAL,LOW,LOW,NORMAL,HIGH,ZERO,NORMAL,NORMAL,NORMAL,False,ZERO,NORMAL,HIGH
HIGH,NORMAL,LOW,False,False,False,False,False,NORMAL,NORMAL,LOW,LOW,LOW,LOW,ZERO,HIGH,HIGH,NORMAL,False,ZERO,NORMAL,LOW
HIGH,NORMAL,LOW,True,False,False,False,False,NORMAL,NORMAL,LOW,LOW,NORMAL,HIGH,ZERO,HIGH,HIGH,NORMAL,False,ZERO,NORMAL,LOW
HIGH,NORMAL,LOW,False,False,False,False,False,HIGH,NORMAL,LOW,LOW,NORMAL,HIGH,ZERO,HIGH,HIGH,HIGH,False,ZERO,NORMAL,NORMAL
HIGH,NORMAL,LOW,False,False,False,False,False,NORMAL,NORMAL,LOW,LOW,NORMAL,HIGH,ZERO,HIGH,HIGH,NORMAL,False,ZERO,NORMAL,NORMAL
HIGH,NORMAL,ZERO,False,False,False,False,False,HIGH,NORMAL,LOW,LOW,NORMAL,HIGH,ZERO,HIGH,HIGH,HIGH,False,ZERO,NORMAL,HIGH
HIGH,NORMAL,LOW,False,False,False,False,False,HIGH,NORMAL,LOW,LOW,NORMAL,LOW,ZERO,HIGH,HIGH,HIGH,False,ZERO,NORMAL,LOW
HIGH,NORMAL,LOW,False,False,False,False,False,NORMAL,NORMAL,LOW,LOW,NORMAL,HIGH,ZERO,HIGH,HIGH,NORMAL,False,ZERO,NORMAL,LOW
HIGH,NORMAL,LOW,False,False,False,False,False,NORMAL,NORMAL,LOW,LOW,NORMAL,HIGH,ZERO,HIGH,HIGH,NORMAL,False,ZERO,NORMAL,HIGH
LOW,NORMAL,ZERO,False,False,False,False,False,NORMAL,NORMAL,LOW,HIGH,NORMAL,NORMAL,HIGH,LOW,LOW,NORMAL,False,HIGH,NORMAL,NORMAL
LOW,HIGH,HIGH,False,False,False,False,False,NORMAL,NORMAL,LOW,HIGH,NORMAL,LOW,HIGH,LOW,LOW,NORMAL,False,HIGH,HIGH,HIGH
HIGH,NORMAL,LOW,False,False,False,False,False,NORMAL,NORMAL,LOW,LOW,NORMAL,HIGH,ZERO,HIGH,HIGH,NORMAL,False,ZERO,NORMAL,HIGH
HIGH,NORMAL,LOW,False,False,False,False,False,HIGH,NORMAL,LOW,LOW,NORMAL,HIGH,ZERO,HIGH,HIGH,HIGH,False,ZERO,NORMAL,LOW
LOW,ZERO,ZERO,False,False,False,False,False,NORMAL,NORMAL,LOW,HIGH,NORMAL,NORMAL,HIGH,LOW,LOW,NORMAL,False,HIGH,NORMAL,HIGH
HIGH,NORMAL,LOW,False,False,False,False,False,HIGH,NORMAL,LOW,LOW,NORMAL,LOW,ZERO,HIGH,HIGH,HIGH,False,ZERO,NORMAL,HIGH
HIGH,NORMAL,LOW,False,False,True,False,False,NORMAL,NORMAL,LOW,LOW,NORMAL,HIGH,ZERO,NORMAL,NORMAL,NORMAL,False,ZERO,NORMAL,HIGH
HIGH,NORMAL,LOW,False,False,False,True,False,NORMAL,NORMAL,LOW,LOW,NORMAL,HIGH,ZERO,HIGH,HIGH,NORMAL,False,ZERO,NORMAL,LOW
HIGH,NORMAL,LOW,False,False,False,False,False,NORMAL,NORMAL,LOW,LOW,NORMAL,HIGH,ZERO,HIGH,HIGH,NORMAL,False,ZERO,NORMAL,NORMAL
LOW,NORMAL,LOW,False,False,False,False,False,HIGH,NORMAL,LOW,LOW,NORMAL,LOW,ZERO,HIGH,HIGH,NORMAL,False,ZERO,NORMAL,NORMAL
HIGH,NORMAL,LOW,False,False,False,False,False,HIGH,ESOPHAGEAL,LOW,LOW,NORMAL,LOW,LOW,HIGH,HIGH,HIGH,False,LOW,NORMAL,HIGH
HIGH,NORMAL,LOW,False,False,False,False,False,NORMAL,NORMAL,LOW,LOW,HIGH,HIGH,ZERO,HIGH,HIGH,NORMAL,False,ZERO,NORMAL,LOW
HIGH,NORMAL,ZERO,False,False,False,False,False,NORMAL,NORMAL,LOW,HIGH,NORMAL,HIGH,HIGH,HIGH,HIGH,NORMAL,False,HIGH,NORMAL,NORMAL
LOW,ZERO,ZERO,False,False,False,False,False,HIGH,NORMAL,LOW,HIGH,LOW,LOW,HIGH,LOW,LOW,NORMAL,False,HIGH,HIGH,HIGH
HIGH,NORMAL,ZERO,False,False,False,False,False,NORMAL,NORMAL,LOW,LOW,NORMAL,HIGH,ZERO,HIGH,HIGH,NORMAL,False,ZERO,NORMAL,HIGH
HIGH,NORMAL,LOW,False,False,False,False,False,HIGH,NORMAL,LOW,LOW,NORMAL,LOW,ZERO,HIGH,HIGH,HIGH,False,ZERO,NORMAL,LOW
HIGH,NORMAL,LOW,False,False,False,False,False,NORMAL,NORMAL,LOW,LOW,NORMAL,HIGH,ZERO,HIGH,HIGH,NORMAL,False,ZERO,HIGH,NORMAL
LOW,NORMAL,LOW,False,False,False,False,False,NORMAL,NORMAL,LOW,LOW,LOW,NORMAL,ZERO,LOW,LOW,HIGH,False,ZERO,HIGH,NORMAL
LOW,NORMAL,LOW,False,False,False,False,False,NORMAL,NORMAL,LOW,LOW,NORMAL,NORMAL,ZERO,LOW,LOW,NORMAL,False,ZERO,NORMAL,NORMAL
HIGH,NORMAL,LOW,False,False,False,False,False,NORMAL,NORMAL,LOW,LOW,NORMAL,HIGH,ZERO,HIGH,HIGH,NORMAL,False,ZERO,NORMAL,NORMAL
HIGH,NORMAL,LOW,False,False,False,False,False,NORMAL,NORMAL,LOW,LOW,NORMAL,HIGH,ZERO,HIGH,HIGH,NORMAL,False,ZERO,NORMAL,NORMAL
HIGH,NORMAL,LOW,False,False,False,False,False,NORMAL,NORMAL,LOW,LOW,NORMAL,NORMAL,ZERO,HIGH,HIGH,NORMAL,False,ZERO,NORMAL,HIGH
NORMAL,NORMAL,LOW,False,False,False,False,False,NORMAL,NORMAL,LOW,LOW,NORMAL,HIGH,ZERO,HIGH,HIGH,NORMAL,False,ZERO,NORMAL,LOW
HIGH,NORMAL,LOW,False,False,False,False,False,NORMAL,NORMAL,LOW,LOW,NORMAL,HIGH,ZERO,HIGH,HIGH,NORMAL,False,ZERO,NORMAL,NORMAL
HIGH,NORMAL,LOW,False,False,False,False,False,HIGH,NORMAL,LOW,LOW,NORMAL,LOW,ZERO,HIGH,HIGH,HIGH,False,ZERO,NORMAL,LOW
HIGH,NORMAL,LOW,False,False,False,False,False,NORMAL,NORMAL,NORMAL,LOW,NORMAL,HIGH,ZERO,HIGH,HIGH,NORMAL,False,ZERO,HIGH,HIGH
HIGH,LOW,HIGH,False,False,False,False,False,LOW,NORMAL,LOW,HIGH,NORMAL,NORMAL,HIGH,HIGH,HIGH,LOW,False,HIGH,NORMAL,NORMAL
HIGH,NORMAL,LOW,False,False,False,False,False,NORMAL,NORMAL,LOW,LOW,NORMAL,HIGH,ZERO,HIGH,HIGH,NORMAL,False,ZERO,NORMAL,HIGH
HIGH,NORMAL,LOW,False,False,True,False,False,HIGH,NORMAL,LOW,LOW,NORMAL,HIGH,ZERO,NORMAL,NORMAL,NORMAL,False,ZERO,NORMAL,NORMAL
HIGH,NORMAL,ZERO,False,False,True,False,False,NORMAL,NORMAL,LOW,LOW,NORMAL,HIGH,ZERO,NORMAL,NORMAL,NORMAL,False,ZERO,NORMAL,HIGH
HIGH,HIGH,HIGH,False,False,False,False,False,NORMAL,NORMAL,ZERO,HIGH,NORMAL,HIGH,HIGH,HIGH,HIGH,NORMAL,False,HIGH,NORMAL,NORMAL
HIGH,NORMAL,LOW,False,False,False,False,False,NORMAL,NORMAL,LOW,LOW,NORMAL,HIGH,ZERO,HIGH,HIGH,NORMAL,False,ZERO,NORMAL,HIGH
HIGH,NORMAL,LOW,False,True,False,False,False,NORMAL,NORMAL,NORMAL,LOW,HIGH,HIGH,ZERO,HIGH,HIGH,NORMAL,False,NORMAL,HIGH,HIGH
HIGH,NORMAL,LOW,False,False,False,False,False,NORMAL,NORMAL,LOW,LOW,LOW,HIGH,ZERO,HIGH,HIGH,NORMAL,False,ZERO,NORMAL,LOW
NORMAL,NORMAL,LOW,False,False,False,False,False,NORMAL,NORMAL,LOW,LOW,NORMAL,HIGH,ZERO,HIGH,HIGH,NORMAL,False,ZERO,NORMAL,NORMAL
HIGH,NORMAL,LOW,False,False,False,False,False,NORMAL,NORMAL,LOW,LOW,NORMAL,HIGH,ZERO,HIGH,HIGH,NORMAL,False,ZERO,NORMAL,HIGH
HIGH,NORMAL,LOW,False,False,False,False,False,HIGH,ESOPHAGEAL,LOW,LOW,NORMAL,LOW,LOW,HIGH,HIGH,HIGH,False,LOW,NORMAL,NORMAL
LOW,NORMAL,LOW,False,False,False,False,False,HIGH,NORMAL,LOW,LOW,HIGH,LOW,ZERO,LOW,LOW,HIGH,False,NORMAL,NORMAL,LOW
HIGH,NORMAL,LOW,False,False,False,False,False,NORMAL,NORMAL,LOW,LOW,NORMAL,HIGH,ZERO,HIGH,HIGH,NORMAL,False,ZERO,NORMAL,NORMAL
HIGH,NORMAL,LOW,False,False,False,False,False,NORMAL,NORMAL,LOW,LOW,LOW,HIGH,ZERO,HIGH,HIGH,NORMAL,False,ZERO,NORMAL,HIGH
HIGH,NORMAL,LOW,False,False,False,False,False,HIGH,ONESIDED,NORMAL,LOW,NORMAL,HIGH,ZERO,HIGH,HIGH,HIGH,False,LOW,HIGH,HIGH
HIGH,NORMAL,LOW,False,False,False,False,False,HIGH,NORMAL,LOW,LOW,HIGH,NORMAL,ZERO,HIGH,LOW,NORMAL,False,ZERO,NORMAL,NORMAL
HIGH,NORMAL,LOW,False,False,False,False,False,NORMAL,NORMAL,LOW,LOW,NORMAL,HIGH,ZERO,HIGH,HIGH,NORMAL,True,ZERO,NORMAL,NORMAL
HIGH,NORMAL,LOW,False,False,False,False,False,NORMAL,NORMAL,LOW,LOW,NORMAL,HIGH,ZERO,HIGH,HIGH,NORMAL,False,ZERO,NORMAL,HIGH
LOW,HIGH,HIGH,False,False,False,False,False,NORMAL,NORMAL,LOW,HIGH,NORMAL,NORMAL,HIGH,LOW,LOW,NORMAL,False,HIGH,NORMAL,HIGH
HIGH,NORMAL,LOW,False,False,False,False,False,NORMAL,NORMAL,LOW,LOW,NORMAL,HIGH,ZERO,HIGH,HIGH,NORMAL,False,ZERO,NORMAL,LOW
HIGH,NORMAL,LOW,False,False,False,False,True,LOW,NORMAL,LOW,LOW,NORMAL,LOW,ZERO,HIGH,HIGH,LOW,False,ZERO,NORMAL,HIGH
HIGH,NORMAL,LOW,False,False,True,False,False,NORMAL,NORMAL,LOW,LOW,NORMAL,HIGH,ZERO,NORMAL,NORMAL,NORMAL,False,ZERO,NORMAL,HIGH
LOW,NORMAL,ZERO,False,False,False,True,False,NORMAL,NORMAL,LOW,HIGH,NORMAL,NORMAL,HIGH,LOW,LOW,NORMAL,False,HIGH,NORMAL,HIGH
HIGH,NORMAL,LOW,False,False,False,False,False,HIGH,NORMAL,LOW,LOW,NORMAL,HIGH,ZERO,HIGH,HIGH,HIGH,False,ZERO,NORMAL,HIGH
HIGH,NORMAL,LOW,False,False,False,False,False,NORMAL,NORMAL,LOW,LOW,HIGH,HIGH,ZERO,HIGH,HIGH,NORMAL,False,ZERO,NORMAL,LOW
HIGH,NORMAL,LOW,False,False,False,False,False,NORMAL,NORMAL,LOW,LOW,HIGH,HIGH,ZERO,HIGH,HIGH,NORMAL,False,ZERO,NORMAL,NORMAL
HIGH,LOW,ZERO,False,False,False,False,False,NORMAL,NORMAL,LOW,LOW,NORMAL,HIGH,ZERO,HIGH,HIGH,NORMAL,False,ZERO,NORMAL,HIGH
HIGH,NORMAL,LOW,False,False,False,False,False,NORMAL,NORMAL,LOW,LOW,NORMAL,HIGH,ZERO,HIGH,HIGH,NORMAL,False,ZERO,NORMAL,LOW
HIGH,NORMAL,LOW,False,False,False,False,False,NORMAL,NORMAL,LOW,LOW,NORMAL,HIGH,ZERO,HIGH,HIGH,NORMAL,False,ZERO,NORMAL,HIGH
NORMAL,NORMAL,LOW,False,False,False,False,False,NORMAL,NORMAL,LOW,LOW,NORMAL,HIGH,ZERO,HIGH,HIGH,NORMAL,False,ZERO,NORMAL,LOW
LOW,LOW,ZERO,False,False,False,False,False,NORMAL,NORMAL,LOW,HIGH,NORMAL,NORMAL,HIGH,LOW,LOW,NORMAL,False,HIGH,HIGH,NORMAL
HIGH,NORMAL,LOW,False,False,False,False,False,HIGH,NORMAL,LOW,LOW,NORMAL,HIGH,ZERO,HIGH,HIGH,HIGH,False,ZERO,NORMAL,NORMAL
HIGH,NORMAL,LOW,False,False,False,False,False,NORMAL,NORMAL,LOW,LOW,NORMAL,HIGH,LOW,HIGH,HIGH,LOW,False,ZERO,NORMAL,NORMAL
HIGH,NORMAL,LOW,False,False,False,False,False,LOW,NORMAL,LOW,LOW,NORMAL,HIGH,ZERO,HIGH,HIGH,NORMAL,False,ZERO,NORMAL,LOW
LOW,NORMAL,LOW,False,False,False,False,False,HIGH,NORMAL,LOW,LOW,NORMAL,NORMAL,ZERO,LOW,LOW,HIGH,False,ZERO,NORMAL,HIGH
HIGH,NORMAL,LOW,False,False,False,False,False,NORMAL,NORMAL,LOW,LOW,NORMAL,HIGH,ZERO,HIGH,HIGH,NORMAL,False,ZERO,NORMAL,HIGH
HIGH,NORMAL,LOW,False,False,False,False,False,NORMAL,ONESIDED,ZERO,LOW,NORMAL,HIGH,ZERO,HIGH,HIGH,NORMAL,False,LOW,NORMAL,HIGH
HIGH,NORMAL,LOW,False,False,False,False,False,NORMAL,NORMAL,LOW,LOW,LOW,HIGH,ZERO,HIGH,HIGH,NORMAL,False,ZERO,NORMAL,HIGH
HIGH,NORMAL,LOW,False,False,False,False,False,NORMAL,NORMAL,LOW,LOW,NORMAL,HIGH,ZERO,HIGH,HIGH,NORMAL,False,ZERO,NORMAL,NORMAL
HIGH,NORMAL,LOW,False,False,False,False,False,NORMAL,NORMAL,LOW,LOW,NORMAL,HIGH,ZERO,HIGH,HIGH,LOW,False,ZERO,NORMAL,LOW
HIGH,NORMAL,LOW,False,False,False,False,False,NORMAL,NORMAL,LOW,LOW,NORMAL,HIGH,ZERO,HIGH,HIGH,NORMAL,False,ZERO,NORMAL,HIGH
HIGH,NORMAL,LOW,False,False,True,False,False,HIGH,NORMAL,LOW,LOW,NORMAL,LOW,ZERO,NORMAL,NORMAL,HIGH,False,ZERO,NORMAL,LOW
HIGH,NORMAL,LOW,False,False,False,True,False,NORMAL,NORMAL,LOW,LOW,NORMAL,HIGH,ZERO,HIGH,HIGH,NORMAL,False,ZERO,NORMAL,NORMAL
HIGH,NORMAL,LOW,False,False,False,False,False,NORMAL,NORMAL,LOW,LOW,NORMAL,HIGH,ZERO,HIGH,HIGH,NORMAL,False,ZERO,HIGH,LOW
LOW,NORMAL,LOW,False,False,False,False,False,NORMAL,NORMAL,LOW,LOW,NORMAL,NORMAL,ZERO,LOW,LOW,NORMAL,False,ZERO,NORMAL,NORMAL
LOW,NORMAL,LOW,False,False,False,False,False,NORMAL,NORMAL,LOW,LOW,NORMAL,NORMAL,ZERO,LOW,LOW,HIGH,False,NORMAL,NORMAL,NORMAL
HIGH,ZERO,ZERO,False,False,False,False,False,NORMAL,NORMAL,LOW,HIGH,NORMAL,HIGH,HIGH,HIGH,HIGH,NORMAL,False,HIGH,NORMAL,NORMAL
LOW,NORMAL,LOW,False,False,False,False,False,NORMAL,ESOPHAGEAL,NORMAL,LOW,NORMAL,HIGH,ZERO,NORMAL,HIGH,NORMAL,False,ZERO,NORMAL,LOW
HIGH,NORMAL,LOW,False,False,False,False,False,NORMAL,NORMAL,LOW,LOW,NORMAL,HIGH,ZERO,HIGH,LOW,NORMAL,False,ZERO,NORMAL,LOW
HIGH,NORMAL,LOW,False,True,False,False,False,NORMAL,NORMAL,LOW,LOW,HIGH,HIGH,ZERO,HIGH,HIGH,NORMAL,False,ZERO,HIGH,LOW
NORMAL,NORMAL,LOW,False,False,False,True,False,NORMAL,NORMAL,LOW,LOW,NORMAL,LOW,ZERO,NORMAL,LOW,NORMAL,False,ZERO,NORMAL,NORMAL
HIGH,NORMAL,LOW,False,False,False,False,False,NORMAL,ESOPHAGEAL,LOW,LOW,HIGH,LOW,LOW,HIGH,HIGH,NORMAL,True,LOW,NORMAL,HIGH
HIGH,NORMAL,LOW,False,False,True,False,False,NORMAL,NORMAL,LOW,LOW,NORMAL,HIGH,ZERO,NORMAL,NORMAL,NORMAL,False,ZERO,NORMAL,HIGH
HIGH,NORMAL,LOW,False,False,False,False,False,HIGH,NORMAL,LOW,LOW,NORMAL,HIGH,LOW,HIGH,HIGH,HIGH,False,ZERO,NORMAL,LOW
HIGH,ZERO,ZERO,False,False,True,True,False,HIGH,NORMAL,LOW,HIGH,NORMAL,LOW,HIGH,HIGH,HIGH,HIGH,False,HIGH,NORMAL,HIGH
LOW,NORMAL,LOW,False,False,True,False,False,NORMAL,NORMAL,LOW,LOW,NORMAL,NORMAL,ZERO,HIGH,NORMAL,NORMAL,False,ZERO,NORMAL,HIGH
HIGH,NORMAL,LOW,False,False,False,False,False,NORMAL,NORMAL,LOW,LOW,NORMAL,HIGH,ZERO,HIGH,HIGH,LOW,False,ZERO,NORMAL,HIGH
HIGH,NORMAL,LOW,False,False,False,False,False,NORMAL,NORMAL,LOW,LOW,NORMAL,HIGH,ZERO,HIGH,HIGH,NORMAL,False,ZERO,HIGH,LOW
LOW,LOW,ZERO,False,False,False,False,False,HIGH,NORMAL,LOW,HIGH,NORMAL,NORMAL,NORMAL,LOW,LOW,HIGH,False,HIGH,NORMAL,HIGH
HIGH,NORMAL,LOW,False,False,False,False,False,NORMAL,NORMAL,LOW,LOW,NORMAL,HIGH,ZERO,HIGH,HIGH,NORMAL,False,ZERO,NORMAL,LOW
HIGH,LOW,ZERO,False,False,False,False,False,HIGH,NORMAL,LOW,LOW,NORMAL,LOW,ZERO,HIGH,HIGH,HIGH,False,ZERO,NORMAL,HIGH
HIGH,NORMAL,LOW,False,False,False,False,False,NORMAL,NORMAL,LOW,LOW,NORMAL,HIGH,ZERO,HIGH,HIGH,NORMAL,False,ZERO,NORMAL,HIGH
HIGH,NORMAL,LOW,False,False,False,False,False,NORMAL,NORMAL,LOW,LOW,LOW,HIGH,ZERO,HIGH,HIGH,NORMAL,True,ZERO,NORMAL,NORMAL
LOW,HIGH,HIGH,False,False,False,False,False,HIGH,NORMAL,ZERO,HIGH,NORMAL,NORMAL,HIGH,LOW,LOW,HIGH,False,HIGH,NORMAL,HIGH
HIGH,NORMAL,LOW,False,False,False,False,False,NORMAL,NORMAL,LOW,LOW,NORMAL,HIGH,ZERO,HIGH,NORMAL,NORMAL,False,ZERO,NORMAL,NORMAL
NORMAL,NORMAL,HIGH,False,False,False,False,False,HIGH,ONESIDED,HIGH,NORMAL,HIGH,HIGH,HIGH,HIGH,HIGH,HIGH,False,LOW,HIGH,HIGH
HIGH,NORMAL,LOW,False,False,False,False,False,NORMAL,NORMAL,LOW,LOW,NORMAL,HIGH,ZERO,HIGH,HIGH,NORMAL,False,ZERO,NORMAL,NORMAL
HIGH,NORMAL,LOW,False,False,False,True,False,NORMAL,NORMAL,LOW,LOW,NORMAL,HIGH,ZERO,HIGH,HIGH,NORMAL,False,ZERO,NORMAL,LOW
HIGH,NORMAL,LOW,False,False,False,True,False,NORMAL,NORMAL,LOW,LOW,NORMAL,HIGH,ZERO,HIGH,HIGH,NORMAL,False,ZERO,NORMAL,NORMAL
HIGH,NORMAL,LOW,False,False,True,False,False,HIGH,NORMAL,LOW,LOW,NORMAL,HIGH,ZERO,NORMAL,NORMAL,HIGH,False,ZERO,NORMAL,NORMAL
HIGH,NORMAL,LOW,False,False,False,False,False,NORMAL,NORMAL,LOW,LOW,LOW,HIGH,ZERO,HIGH,HIGH,NORMAL,False,ZERO,NORMAL,NORMAL
HIGH,NORMAL,LOW,False,False,False,False,False,NORMAL,ESOPHAGEAL,NORMAL,LOW,NORMAL,HIGH,ZERO,HIGH,HIGH,NORMAL,False,ZERO,HIGH,NORMAL
LOW,NORMAL,LOW,False,False,False,False,False,NORMAL,NORMAL,LOW,LOW,NORMAL,NORMAL,ZERO,LOW,LOW,NORMAL,False,ZERO,NORMAL,NORMAL
HIGH,NORMAL,LOW,False,False,False,False,False,HIGH,NORMAL,LOW,LOW,NORMAL,HIGH,ZERO,HIGH,HIGH,HIGH,False,ZERO,NORMAL,NORMAL
LOW,HIGH,HIGH,False,False,False,False,False,NORMAL,NORMAL,LOW,HIGH,NORMAL,NORMAL,HIGH,LOW,LOW,NORMAL,False,HIGH,NORMAL,NORMAL
NORMAL,NORMAL,ZERO,False,False,False,False,False,HIGH,NORMAL,LOW,HIGH,NORMAL,HIGH,HIGH,HIGH,HIGH,HIGH,False,HIGH,NORMAL,LOW
HIGH,NORMAL,ZERO,False,False,False,True,False,LOW,NORMAL,LOW,LOW,NORMAL,LOW,ZERO,HIGH,HIGH,LOW,False,ZERO,NORMAL,HIGH
HIGH,NORMAL,LOW,False,False,False,False,False,NORMAL,NORMAL,LOW,LOW,NORMAL,HIGH,ZERO,HIGH,HIGH,NORMAL,False,ZERO,NORMAL,LOW
NORMAL,NORMAL,LOW,False,False,False,False,False,NORMAL,NORMAL,LOW,LOW,NORMAL,HIGH,ZERO,HIGH,HIGH,NORMAL,False,ZERO,NORMAL,LOW
LOW,NORMAL,LOW,False,False,False,False,False,HIGH,NORMAL,LOW,LOW,NORMAL,LOW,LOW,LOW,LOW,HIGH,False,ZERO,NORMAL,HIGH
NORMAL,NORMAL,ZERO,False,False,False,False,False,NORMAL,NORMAL,LOW,HIGH,NORMAL,HIGH,HIGH,HIGH,HIGH,NORMAL,False,HIGH,NORMAL,NORMAL
LOW,ZERO,ZERO,False,False,False,True,False,NORMAL,NORMAL,NORMAL,LOW,NORMAL,NORMAL,HIGH,LOW,LOW,NORMAL,False,LOW,NORMAL,NORMAL
HIGH,NORMAL,LOW,False,False,True,False,False,LOW,NORMAL,LOW,LOW,NORMAL,HIGH,ZERO,NORMAL,NORMAL,LOW,False,ZERO,NORMAL,LOW
HIGH,NORMAL,LOW,False,False,False,False,False,NORMAL,NORMAL,LOW,LOW,NORMAL,HIGH,ZERO,HIGH,HIGH,NORMAL,False,ZERO,NORMAL,NORMAL
HIGH,NORMAL,LOW,False,False,False,False,False,HIGH,NORMAL,LOW,LOW,NORMAL,HIGH,ZERO,HIGH,HIGH,HIGH,False,ZERO,HIGH,NORMAL
NORMAL,NORMAL,LOW,False,False,True,False,False,NORMAL,NORMAL,LOW,LOW,NORMAL,HIGH,ZERO,NORMAL,NORMAL,NORMAL,False,ZERO,NORMAL,NORMAL
LOW,ZERO,ZERO,False,False,True,False,False,HIGH,NORMAL,LOW,HIGH,NORMAL,NORMAL,HIGH,HIGH,LOW,HIGH,False,HIGH,NORMAL,HIGH
HIGH,NORMAL,LOW,False,True,False,False,False,NORMAL,NORMAL,HIGH,LOW,HIGH,HIGH,LOW,HIGH,HIGH,NORMAL,False,LOW,HIGH,LOW
HIGH,NORMAL,LOW,False,False,False,False,False,HIGH,NORMAL,LOW,LOW,NORMAL,HIGH,ZERO,HIGH,HIGH,HIGH,False,ZERO,NORMAL,HIGH
HIGH,ZERO,ZERO,False,False,False,False,False,NORMAL,NORMAL,LOW,HIGH,NORMAL,HIGH,HIGH,HIGH,HIGH,NORMAL,False,HIGH,HIGH,LOW
HIGH,NORMAL,LOW,False,False,False,False,False,NORMAL,NORMAL,LOW,LOW,NORMAL,HIGH,ZERO,HIGH,HIGH,NORMAL,False,ZERO,NORMAL,NORMAL
HIGH,NORMAL,LOW,False,False,False,False,False,NORMAL,NORMAL,LOW,LOW,NORMAL,HIGH,ZERO,HIGH,HIGH,NORMAL,False,ZERO,NORMAL,LOW
HIGH,NORMAL,LOW,False,False,False,False,False,NORMAL,ESOPHAGEAL,NORMAL,LOW,NORMAL,LOW,ZERO,HIGH,HIGH,NORMAL,False,ZERO,NORMAL,HIGH
HIGH,NORMAL,LOW,False,False,False,False,False,HIGH,NORMAL,LOW,LOW,NORMAL,HIGH,ZERO,HIGH,HIGH,HIGH,False,ZERO,NORMAL,NORMAL
HIGH,HIGH,HIGH,False,False,False,False,False,NORMAL,NORMAL,LOW,HIGH,NORMAL,HIGH,HIGH,HIGH,HIGH,NORMAL,False,HIGH,NORMAL,LOW
LOW,NORMAL,LOW,False,False,False,False,False,HIGH,ESOPHAGEAL,LOW,LOW,LOW,NORMAL,LOW,LOW,LOW,HIGH,False,LOW,NORMAL,LOW
HIGH,NORMAL,ZERO,False,False,False,False,False,NORMAL,NORMAL,LOW,HIGH,NORMAL,HIGH,HIGH,HIGH,HIGH,NORMAL,False,HIGH,NORMAL,LOW
LOW,NORMAL,LOW,False,False,False,False,False,NORMAL,NORMAL,LOW,LOW,NORMAL,NORMAL,ZERO,LOW,LOW,NORMAL,False,ZERO,NORMAL,LOW
HIGH,NORMAL,ZERO,False,False,True,False,False,NORMAL,NORMAL,LOW,HIGH,NORMAL,HIGH,HIGH,NORMAL,NORMAL,NORMAL,False,HIGH,NORMAL,LOW
HIGH,ZERO,ZERO,False,False,False,False,False,NORMAL,NORMAL,LOW,HIGH,LOW,HIGH,HIGH,HIGH,HIGH,NORMAL,False,HIGH,NORMAL,NORMAL
HIGH,NORMAL,ZERO,False,False,False,False,False,LOW,NORMAL,LOW,HIGH,NORMAL,LOW,NORMAL,HIGH,HIGH,LOW,False,HIGH,NORMAL,LOW
HIGH,NORMAL,LOW,False,False,False,False,False,NORMAL,NORMAL,LOW,LOW,NORMAL,HIGH,ZERO,HIGH,HIGH,NORMAL,False,ZERO,NORMAL,HIGH
HIGH,NORMAL,LOW,False,True,False,False,False,NORMAL,NORMAL,ZERO,LOW,HIGH,HIGH,LOW,HIGH,HIGH,NORMAL,False,NORMAL,NORMAL,LOW
LOW,NORMAL,HIGH,False,False,False,False,False,NORMAL,NORMAL,LOW,HIGH,NORMAL,NORMAL,HIGH,LOW,LOW,NORMAL,False,HIGH,NORMAL,NORMAL
HIGH,NORMAL,LOW,False,False,False,False,False,LOW,NORMAL,LOW,LOW,NORMAL,HIGH,ZERO,HIGH,HIGH,NORMAL,False,ZERO,NORMAL,LOW
HIGH,NORMAL,LOW,False,False,False,False,False,HIGH,NORMAL,LOW,LOW,NORMAL,HIGH,ZERO,HIGH,HIGH,NORMAL,False,ZERO,HIGH,LOW
HIGH,LOW,ZERO,False,False,False,False,False,NORMAL,NORMAL,LOW,HIGH,LOW,HIGH,HIGH,HIGH,HIGH,NORMAL,False,HIGH,NORMAL,NORMAL
LOW,LOW,ZERO,False,False,False,False,False,NORMAL,NORMAL,LOW,HIGH,NORMAL,NORMAL,HIGH,LOW,LOW,NORMAL,False,HIGH,NORMAL,NORMAL
HIGH,HIGH,HIGH,False,False,False,False,False,NORMAL,NORMAL,ZERO,LOW,NORMAL,HIGH,HIGH,HIGH,HIGH,NORMAL,False,HIGH,NORMAL,NORMAL
NORMAL,ZERO,ZERO,False,False,False,False,False,HIGH,NORMAL,LOW,HIGH,NORMAL,HIGH,HIGH,HIGH,HIGH,HIGH,False,HIGH,NORMAL,NORMAL
HIGH,NORMAL,LOW,False,False,False,False,False,NORMAL,NORMAL,LOW,LOW,NORMAL,HIGH,ZERO,HIGH,HIGH,NORMAL,False,ZERO,NORMAL,NORMAL
HIGH,LOW,ZERO,False,True,False,False,False,NORMAL,NORMAL,NORMAL,LOW,HIGH,HIGH,ZERO,HIGH,HIGH,NORMAL,False,ZERO,HIGH,HIGH
HIGH,NORMAL,LOW,False,False,False,False,False,NORMAL,NORMAL,LOW,LOW,NORMAL,HIGH,ZERO,HIGH,HIGH,NORMAL,False,ZERO,NORMAL,NORMAL
HIGH,NORMAL,LOW,False,False,False,False,False,NORMAL,NORMAL,LOW,LOW,NORMAL,HIGH,ZERO,HIGH,HIGH,NORMAL,False,ZERO,NORMAL,HIGH
HIGH,NORMAL,LOW,False,False,False,False,False,HIGH,NORMAL,LOW,LOW,NORMAL,LOW,ZERO,HIGH,HIGH,HIGH,False,ZERO,NORMAL,NORMAL
HIGH,NORMAL,LOW,False,False,False,False,False,NORMAL,NORMAL,NORMAL,LOW,NORMAL,HIGH,ZERO,HIGH,HIGH,NORMAL,False,NORMAL,NORMAL,HIGH
LOW,NORMAL,LOW,False,False,False,False,False,NORMAL,NORMAL,LOW,LOW,NORMAL,NORMAL,ZERO,LOW,LOW,LOW,False,ZERO,NORMAL,LOW
LOW,NORMAL,ZERO,False,True,False,False,False,NORMAL,NORMAL,LOW,LOW,HIGH,NORMAL,ZERO,LOW,LOW,NORMAL,False,ZERO,HIGH,HIGH
HIGH,NORMAL,LOW,False,False,False,True,False,NORMAL,NORMAL,LOW,LOW,NORMAL,NORMAL,ZERO,HIGH,HIGH,NORMAL,False,ZERO,NORMAL,NORMAL
HIGH,NORMAL,LOW,False,False,False,False,False,LOW,NORMAL,LOW,LOW,NORMAL,HIGH,ZERO,HIGH,HIGH,LOW,False,ZERO,NORMAL,NORMAL
HIGH,NORMAL,ZERO,True,False,False,False,False,NORMAL,NORMAL,LOW,HIGH,NORMAL,HIGH,HIGH,HIGH,HIGH,NORMAL,False,HIGH,NORMAL,LOW
HIGH,NORMAL,LOW,False,False,False,False,False,NORMAL,NORMAL,LOW,LOW,NORMAL,HIGH,ZERO,HIGH,LOW,NORMAL,False,ZERO,NORMAL,HIGH
HIGH,NORMAL,LOW,False,False,False,False,False,NORMAL,NORMAL,LOW,LOW,LOW,HIGH,ZERO,HIGH,HIGH,NORMAL,False,ZERO,NORMAL,HIGH
HIGH,NORMAL,LOW,False,False,False,False,False,HIGH,ONESIDED,LOW,NORMAL,NORMAL,HIGH,NORMAL,LOW,HIGH,HIGH,False,NORMAL,HIGH,LOW
LOW,NORMAL,LOW,False,False,True,False,False,NORMAL,NORMAL,LOW,LOW,NORMAL,NORMAL,ZERO,NORMAL,LOW,NORMAL,False,ZERO,NORMAL,HIGH
LOW,NORMAL,LOW,False,False,False,False,False,NORMAL,NORMAL,LOW,LOW,NORMAL,NORMAL,ZERO,LOW,LOW,NORMAL,False,ZERO,NORMAL,LOW
HIGH,NORMAL,LOW,False,False,False,False,False,NORMAL,NORMAL,LOW,LOW,HIGH,HIGH,ZERO,HIGH,HIGH,NORMAL,False,ZERO,NORMAL,HIGH
HIGH,HIGH,HIGH,True,False,False,False,False,NORMAL,NORMAL,LOW,HIGH,NORMAL,HIGH,HIGH,HIGH,HIGH,LOW,False,HIGH,NORMAL,LOW
HIGH,NORMAL,LOW,False,False,False,False,False,NORMAL,NORMAL,LOW,LOW,HIGH,HIGH,NORMAL,HIGH,HIGH,NORMAL,False,ZERO,NORMAL,LOW
LOW,NORMAL,LOW,False,False,False,False,False,NORMAL,NORMAL,LOW,LOW,NORMAL,NORMAL,ZERO,LOW,LOW,NORMAL,False,ZERO,NORMAL,LOW
HIGH,NORMAL,LOW,False,False,False,False,False,HIGH,NORMAL,NORMAL,LOW,NORMAL,HIGH,ZERO,HIGH,HIGH,HIGH,False,NORMAL,NORMAL,NORMAL
HIGH,NORMAL,LOW,False,False,False,False,False,NORMAL,NORMAL,LOW,LOW,LOW,HIGH,ZERO,HIGH,HIGH,NORMAL,False,ZERO,NORMAL,HIGH
LOW,NORMAL,LOW,False,False,False,False,False,HIGH,NORMAL,LOW,LOW,NORMAL,LOW,ZERO,LOW,LOW,HIGH,False,ZERO,NORMAL,NORMAL
LOW,NORMAL,LOW,False,False,False,False,False,NORMAL,ONESIDED,NORMAL,LOW,NORMAL,NORMAL,ZERO,LOW,HIGH,NORMAL,False,LOW,HIGH,NORMAL
HIGH,NORMAL,LOW,False,False,False,False,False,HIGH,NORMAL,HIGH,LOW,NORMAL,HIGH,LOW,HIGH,HIGH,HIGH,False,LOW,NORMAL,NORMAL
HIGH,NORMAL,LOW,False,False,False,False,False,NORMAL,NORMAL,LOW,LOW,NORMAL,HIGH,ZERO,HIGH,HIGH,NORMAL,False,ZERO,NORMAL,NORMAL
HIGH,NORMAL,LOW,False,False,False,False,False,NORMAL,NORMAL,LOW,LOW,NORMAL,NORMAL,ZERO,HIGH,HIGH,NORMAL,False,ZERO,HIGH,LOW
HIGH,NORMAL,LOW,False,False,False,True,False,NORMAL,ESOPHAGEAL,LOW,LOW,NORMAL,NORMAL,LOW,HIGH,HIGH,NORMAL,False,LOW,NORMAL,LOW
HIGH,NORMAL,LOW,False,False,False,False,False,NORMAL,NORMAL,LOW,LOW,NORMAL,HIGH,ZERO,HIGH,HIGH,NORMAL,False,ZERO,NORMAL,NORMAL
HIGH,NORMAL,LOW,False,False,False,False,False,NORMAL,NORMAL,LOW,LOW,NORMAL,NORMAL,ZERO,HIGH,HIGH,NORMAL,False,ZERO,NORMAL,LOW
HIGH,NORMAL,LOW,False,False,False,False,False,HIGH,NORMAL,LOW,LOW,NORMAL,LOW,ZERO,HIGH,HIGH,HIGH,False,ZERO,NORMAL,LOW
HIGH,HIGH,HIGH,False,False,False,True,False,NORMAL,NORMAL,LOW,HIGH,NORMAL,HIGH,HIGH,HIGH,HIGH,NORMAL,False,HIGH,NORMAL,LOW
HIGH,NORMAL,LOW,False,False,False,False,False,HIGH,NORMAL,LOW,LOW,NORMAL,LOW,ZERO,HIGH,HIGH,HIGH,False,ZERO,NORMAL,HIGH
HIGH,NORMAL,LOW,False,False,False,False,True,LOW,NORMAL,LOW,LOW,NORMAL,LOW,ZERO,HIGH,HIGH,LOW,False,ZERO,NORMAL,NORMAL
HIGH,NORMAL,LOW,False,False,False,False,False,NORMAL,NORMAL,LOW,NORMAL,NORMAL,HIGH,ZERO,HIGH,HIGH,NORMAL,False,ZERO,NORMAL,HIGH
HIGH,NORMAL,LOW,False,False,False,False,False,HIGH,NORMAL,LOW,LOW,NORMAL,HIGH,ZERO,HIGH,HIGH,HIGH,False,ZERO,NORMAL,NORMAL
HIGH,NORMAL,LOW,False,False,False,False,False,NORMAL,NORMAL,LOW,LOW,NORMAL,HIGH,ZERO,HIGH,HIGH,NORMAL,False,ZERO,NORMAL,NORMAL
HIGH,NORMAL,LOW,False,False,False,False,False,NORMAL,NORMAL,LOW,LOW,NORMAL,HIGH,ZERO,HIGH,HIGH,NORMAL,False,ZERO,NORMAL,NORMAL
HIGH,NORMAL,LOW,False,False,False,False,False,NORMAL,NORMAL,ZERO,LOW,NORMAL,HIGH,ZERO,HIGH,HIGH,HIGH,False,ZERO,NORMAL,HIGH
LOW,NORMAL,LOW,False,False,True,False,True,LOW,NORMAL,ZERO,HIGH,HIGH,LOW,ZERO,HIGH,NORMAL,LOW,False,HIGH,NORMAL,NORMAL
LOW,NORMAL,LOW,False,False,True,False,False,NORMAL,NORMAL,LOW,LOW,NORMAL,NORMAL,ZERO,HIGH,LOW,NORMAL,False,ZERO,NORMAL,HIGH
HIGH,NORMAL,LOW,False,False,False,False,False,NORMAL,ESOPHAGEAL,LOW,LOW,HIGH,HIGH,LOW,HIGH,HIGH,NORMAL,False,LOW,NORMAL,NORMAL
LOW,NORMAL,LOW,False,False,False,False,False,NORMAL,NORMAL,ZERO,LOW,NORMAL,NORMAL,ZERO,LOW,LOW,NORMAL,False,ZERO,NORMAL,HIGH
HIGH,NORMAL,LOW,False,False,True,False,True,LOW,NORMAL,LOW,LOW,NORMAL,LOW,ZERO,HIGH,NORMAL,LOW,False,ZERO,NORMAL,NORMAL
HIGH,NORMAL,LOW,False,False,False,False,False,NORMAL,NORMAL,LOW,LOW,NORMAL,HIGH,ZERO,HIGH,HIGH,NORMAL,False,ZERO,NORMAL,NORMAL
HIGH,NORMAL,LOW,False,False,False,False,False,NORMAL,NORMAL,LOW,LOW,NORMAL,HIGH,ZERO,HIGH,HIGH,NORMAL,False,ZERO,NORMAL,NORMAL
HIGH,NORMAL,LOW,False,False,False,True,False,NORMAL,NORMAL,LOW,LOW,NORMAL,HIGH,ZERO,HIGH,HIGH,NORMAL,False,ZERO,NORMAL,HIGH
HIGH,NORMAL,LOW,False,False,False,False,False,NORMAL,NORMAL,LOW,NORMAL,NORMAL,HIGH,ZERO,HIGH,HIGH,NORMAL,False,NORMAL,NORMAL,LOW
HIGH,NORMAL,LOW,False,False,False,False,False,NORMAL,NORMAL,LOW,LOW,NORMAL,HIGH,ZERO,HIGH,HIGH,NORMAL,False,ZERO,NORMAL,NORMAL
HIGH,NORMAL,LOW,False,False,False,False,False,NORMAL,NORMAL,LOW,LOW,NORMAL,HIGH,ZERO,HIGH,HIGH,NORMAL,False,ZERO,NORMAL,HIGH
HIGH,NORMAL,LOW,False,False,False,False,False,NORMAL,NORMAL,LOW,LOW,NORMAL,HIGH,ZERO,HIGH,HIGH,NORMAL,False,ZERO,NORMAL,NORMAL
HIGH,NORMAL,LOW,False,False,False,False,False,NORMAL,NORMAL,LOW,LOW,NORMAL,HIGH,ZERO,HIGH,HIGH,NORMAL,False,ZERO,NORMAL,HIGH
HIGH,NORMAL,LOW,False,False,False,False,False,HIGH,NORMAL,LOW,LOW,LOW,NORMAL,ZERO,HIGH,HIGH,HIGH,False,ZERO,NORMAL,LOW
HIGH,NORMAL,LOW,False,False,True,False,False,NORMAL,NORMAL,LOW,LOW,NORMAL,HIGH,ZERO,NORMAL,NORMAL,NORMAL,False,ZERO,NORMAL,NORMAL
HIGH,NORMAL,LOW,False,False,False,True,True,LOW,NORMAL,LOW,LOW,LOW,NORMAL,ZERO,HIGH,LOW,LOW,False,ZERO,NORMAL,HIGH
HIGH,NORMAL,LOW,False,False,False,False,False,LOW,ONESIDED,LOW,LOW,NORMAL,NORMAL,NORMAL,HIGH,HIGH,LOW,False,NORMAL,HIGH,NORMAL
HIGH,NORMAL,ZERO,False,False,True,False,False,NORMAL,NORMAL,LOW,HIGH,NORMAL,HIGH,HIGH,NORMAL,NORMAL,NORMAL,False,HIGH,NORMAL,LOW
HIGH,NORMAL,ZERO,False,False,False,False,False,NORMAL,NORMAL,LOW,LOW,NORMAL,HIGH,ZERO,HIGH,HIGH,NORMAL,False,ZERO,NORMAL,HIGH
HIGH,NORMAL,LOW,False,False,False,False,False,NORMAL,NORMAL,LOW,LOW,NORMAL,HIGH,ZERO,HIGH,HIGH,NORMAL,False,ZERO,NORMAL,LOW
HIGH,NORMAL,LOW,False,False,False,False,False,NORMAL,NORMAL,LOW,LOW,NORMAL,HIGH,ZERO,HIGH,HIGH,NORMAL,False,ZERO,NORMAL,NORMAL
HIGH,NORMAL,LOW,False,False,True,False,False,NORMAL,NORMAL,LOW,LOW,NORMAL,HIGH,LOW,NORMAL,NORMAL,NORMAL,False,ZERO,NORMAL,HIGH
HIGH,NORMAL,ZERO,False,False,False,False,False,HIGH,NORMAL,LOW,HIGH,NORMAL,HIGH,HIGH,HIGH,HIGH,HIGH,False,HIGH,NORMAL,HIGH
HIGH,NORMAL,LOW,False,False,False,False,False,NORMAL,NORMAL,LOW,LOW,NORMAL,LOW,ZERO,HIGH,HIGH,NORMAL,False,ZERO,NORMAL,NORMAL
HIGH,NORMAL,LOW,False,False,False,False,False,NORMAL,NORMAL,LOW,LOW,NORMAL,HIGH,ZERO,HIGH,HIGH,NORMAL,False,ZERO,NORMAL,LOW
HIGH,NORMAL,LOW,False,False,False,False,True,LOW,NORMAL,LOW,LOW,NORMAL,LOW,ZERO,HIGH,HIGH,LOW,False,ZERO,NORMAL,HIGH
HIGH,NORMAL,ZERO,False,False,True,False,False,NORMAL,NORMAL,NORMAL,LOW,NORMAL,HIGH,ZERO,NORMAL,NORMAL,NORMAL,False,ZERO,NORMAL,LOW
HIGH,NORMAL,LOW,False,False,False,False,False,NORMAL,NORMAL,LOW,LOW,NORMAL,HIGH,ZERO,HIGH,HIGH,NORMAL,False,ZERO,NORMAL,LOW
HIGH,NORMAL,LOW,False,False,False,False,False,NORMAL,NORMAL,LOW,LOW,NORMAL,HIGH,ZERO,HIGH,HIGH,NORMAL,False,ZERO,NORMAL,NORMAL
HIGH,HIGH,HIGH,False,False,False,False,False,HIGH,NORMAL,LOW,HIGH,NORMAL,NORMAL,HIGH,HIGH,HIGH,HIGH,False,HIGH,NORMAL,LOW
LOW,LOW,ZERO,False,True,False,False,False,NORMAL,ONESIDED,LOW,LOW,HIGH,NORMAL,NORMAL,LOW,LOW,NORMAL,True,NORMAL,HIGH,NORMAL
HIGH,NORMAL,LOW,False,False,False,False,False,NORMAL,NORMAL,LOW,LOW,NORMAL,HIGH,ZERO,HIGH,HIGH,NORMAL,False,ZERO,NORMAL,HIGH
HIGH,NORMAL,LOW,False,False,False,False,False,NORMAL,NORMAL,LOW,LOW,NORMAL,HIGH,ZERO,HIGH,HIGH,NORMAL,False,ZERO,NORMAL,LOW
HIGH,NORMAL,LOW,False,False,True,False,False,NORMAL,NORMAL,LOW,LOW,NORMAL,HIGH,ZERO,NORMAL,NORMAL,NORMAL,False,ZERO,NORMAL,NORMAL
HIGH,NORMAL,LOW,False,False,False,False,False,NORMAL,NORMAL,LOW,LOW,NORMAL,HIGH,ZERO,HIGH,HIGH,NORMAL,False,ZERO,NORMAL,NORMAL
HIGH,NORMAL,LOW,False,False,False,False,False,NORMAL,ESOPHAGEAL,LOW,LOW,NORMAL,HIGH,LOW,HIGH,HIGH,NORMAL,False,LOW,NORMAL,HIGH
HIGH,ZERO,LOW,False,False,False,False,False,NORMAL,NORMAL,LOW,LOW,NORMAL,HIGH,ZERO,HIGH,HIGH,NORMAL,False,ZERO,NORMAL,NORMAL
HIGH,NORMAL,LOW,False,False,False,False,False,NORMAL,NORMAL,LOW,LOW,NORMAL,HIGH,ZERO,HIGH,HIGH,NORMAL,False,ZERO,NORMAL,LOW
HIGH,HIGH,NORMAL,False,False,False,True,False,NORMAL,NORMAL,HIGH,LOW,NORMAL,HIGH,LOW,HIGH,HIGH,NORMAL,False,LOW,NORMAL,LOW
HIGH,ZERO,ZERO,False,False,False,True,False,NORMAL,NORMAL,LOW,LOW,NORMAL,HIGH,ZERO,HIGH,HIGH,HIGH,False,ZERO,NORMAL,LOW
HIGH,NORMAL,LOW,False,False,False,False,False,NORMAL,NORMAL,LOW,LOW,NORMAL,HIGH,ZERO,HIGH,HIGH,NORMAL,False,ZERO,NORMAL,LOW
HIGH,NORMAL,LOW,False,False,False,True,False,NORMAL,NORMAL,LOW,LOW,NORMAL,HIGH,ZERO,HIGH,HIGH,NORMAL,False,ZERO,NORMAL,NORMAL
HIGH,NORMAL,LOW,False,False,False,False,False,NORMAL,NORMAL,LOW,LOW,NORMAL,HIGH,ZERO,HIGH,HIGH,NORMAL,False,ZERO,NORMAL,LOW
NORMAL,NORMAL,ZERO,False,False,False,False,False,HIGH,NORMAL,LOW,HIGH,NORMAL,HIGH,HIGH,HIGH,HIGH,HIGH,False,HIGH,NORMAL,NORMAL
HIGH,NORMAL,LOW,False,False,True,False,True,LOW,NORMAL,LOW,LOW,NORMAL,LOW,ZERO,NORMAL,NORMAL,LOW,False,ZERO,NORMAL,LOW
HIGH,NORMAL,ZERO,False,False,False,True,False,NORMAL,NORMAL,LOW,HIGH,NORMAL,HIGH,HIGH,HIGH,HIGH,NORMAL,False,HIGH,NORMAL,NORMAL
HIGH,NORMAL,LOW,False,False,True,False,False,NORMAL,NORMAL,LOW,LOW,NORMAL,HIGH,ZERO,NORMAL,NORMAL,NORMAL,False,ZERO,HIGH,LOW
NORMAL,NORMAL,ZERO,False,False,False,True,False,NORMAL,NORMAL,LOW,LOW,NORMAL,NORMAL,ZERO,HIGH,HIGH,NORMAL,True,ZERO,NORMAL,HIGH
HIGH,NORMAL,LOW,False,False,False,False,False,NORMAL,NORMAL,LOW,LOW,NORMAL,HIGH,ZERO,HIGH,HIGH,NORMAL,False,ZERO,NORMAL,HIGH
HIGH,NORMAL,LOW,False,False,False,False,False,NORMAL,NORMAL,LOW,LOW,NORMAL,HIGH,ZERO,HIGH,HIGH,NORMAL,False,ZERO,NORMAL,LOW
HIGH,NORMAL,LOW,False,False,False,False,False,NORMAL,NORMAL,LOW,LOW,NORMAL,HIGH,HIGH,HIGH,HIGH,NORMAL,False,ZERO,NORMAL,NORMAL
LOW,ZERO,ZERO,False,False,False,False,False,HIGH,NORMAL,LOW,HIGH,NORMAL,NORMAL,HIGH,LOW,LOW,HIGH,False,HIGH,NORMAL,HIGH
HIGH,HIGH,HIGH,False,False,False,False,False,NORMAL,NORMAL,LOW,HIGH,NORMAL,HIGH,HIGH,HIGH,HIGH,NORMAL,False,HIGH,HIGH,NORMAL
HIGH,NORMAL,LOW,False,False,False,False,False,NORMAL,NORMAL,LOW,LOW,NORMAL,HIGH,ZERO,HIGH,HIGH,NORMAL,False,ZERO,NORMAL,LOW
HIGH,LOW,ZERO,False,False,False,False,False,NORMAL,ONESIDED,LOW,LOW,NORMAL,HIGH,NORMAL,HIGH,HIGH,NORMAL,False,NORMAL,HIGH,LOW
HIGH,ZERO,ZERO,False,False,False,False,False,NORMAL,NORMAL,LOW,LOW,NORMAL,NORMAL,ZERO,LOW,LOW,NORMAL,False,ZERO,NORMAL,NORMAL
HIGH,HIGH,HIGH,False,False,False,False,False,NORMAL,NORMAL,LOW,HIGH,NORMAL,NORMAL,HIGH,HIGH,HIGH,NORMAL,False,HIGH,NORMAL,NORMAL
HIGH,NORMAL,LOW,False,False,False,False,False,HIGH,NORMAL,LOW,LOW,NORMAL,HIGH,ZERO,HIGH,HIGH,HIGH,False,ZERO,NORMAL,HIGH
HIGH,NORMAL,LOW,False,False,False,False,False,NORMAL,NORMAL,LOW,LOW,NORMAL,HIGH,ZERO,HIGH,HIGH,NORMAL,False,ZERO,NORMAL,NORMAL
HIGH,ZERO,ZERO,False,False,False,False,False,NORMAL,NORMAL,LOW,HIGH,NORMAL,HIGH,HIGH,HIGH,HIGH,NORMAL,False,HIGH,NORMAL,LOW
HIGH,NORMAL,LOW,False,False,False,False,False,NORMAL,ONESIDED,LOW,LOW,NORMAL,LOW,NORMAL,HIGH,HIGH,NORMAL,True,NORMAL,HIGH,NORMAL
HIGH,NORMAL,LOW,False,False,False,False,False,NORMAL,NORMAL,LOW,LOW,NORMAL,HIGH,ZERO,HIGH,HIGH,NORMAL,False,ZERO,NORMAL,NORMAL
HIGH,NORMAL,LOW,False,False,False,False,False,NORMAL,NORMAL,HIGH,LOW,NORMAL,HIGH,LOW,HIGH,HIGH,NORMAL,False,LOW,NORMAL,LOW
HIGH,NORMAL,LOW,False,False,False,True,False,NORMAL,NORMAL,LOW,LOW,NORMAL,HIGH,ZERO,HIGH,HIGH,NORMAL,False,ZERO,NORMAL,HIGH
HIGH,NORMAL,LOW,False,False,False,False,False,HIGH,NORMAL,LOW,LOW,NORMAL,HIGH,ZERO,HIGH,HIGH,HIGH,False,ZERO,NORMAL,HIGH
HIGH,NORMAL,LOW,False,False,False,False,True,LOW,NORMAL,LOW,LOW,LOW,LOW,ZERO,LOW,HIGH,LOW,False,ZERO,NORMAL,LOW
NORMAL,NORMAL,LOW,False,False,False,False,False,HIGH,NORMAL,LOW,HIGH,NORMAL,LOW,HIGH,HIGH,HIGH,HIGH,False,HIGH,NORMAL,NORMAL
HIGH,NORMAL,LOW,False,False,False,False,False,HIGH,NORMAL,LOW,LOW,NORMAL,LOW,ZERO,HIGH,HIGH,HIGH,False,ZERO,NORMAL,NORMAL
HIGH,NORMAL,LOW,False,False,False,False,False,LOW,NORMAL,LOW,LOW,NORMAL,HIGH,ZERO,HIGH,HIGH,LOW,False,ZERO,NORMAL,NORMAL
HIGH,NORMAL,ZERO,False,False,False,False,False,HIGH,NORMAL,LOW,LOW,NORMAL,LOW,ZERO,HIGH,HIGH,HIGH,False,ZERO,NORMAL,LOW
LOW,HIGH,HIGH,False,False,False,False,False,NORMAL,NORMAL,ZERO,HIGH,NORMAL,NORMAL,HIGH,LOW,LOW,NORMAL,False,HIGH,NORMAL,LOW
NORMAL,NORMAL,LOW,False,False,False,False,False,NORMAL,NORMAL,LOW,LOW,NORMAL,HIGH,ZERO,HIGH,HIGH,NORMAL,False,ZERO,NORMAL,LOW
LOW,NORMAL,LOW,False,False,False,False,False,NORMAL,NORMAL,LOW,LOW,NORMAL,HIGH,ZERO,HIGH,HIGH,NORMAL,False,ZERO,NORMAL,NORMAL
HIGH,NORMAL,LOW,False,False,False,False,False,NORMAL,NORMAL,LOW,LOW,NORMAL,HIGH,ZERO,HIGH,HIGH,NORMAL,False,ZERO,NORMAL,HIGH
HIGH,NORMAL,LOW,False,False,False,False,False,NORMAL,NORMAL,LOW,LOW,HIGH,HIGH,ZERO,HIGH,HIGH,NORMAL,False,ZERO,NORMAL,NORMAL
HIGH,NORMAL,LOW,True,False,False,False,False,HIGH,NORMAL,LOW,LOW,NORMAL,NORMAL,ZERO,HIGH,HIGH,HIGH,False,ZERO,NORMAL,LOW
HIGH,NORMAL,LOW,False,False,False,False,False,LOW,ONESIDED,NORMAL,LOW,NORMAL,NORMAL,LOW,HIGH,HIGH,LOW,False,LOW,HIGH,LOW
HIGH,NORMAL,LOW,False,False,False,False,False,NORMAL,NORMAL,LOW,LOW,NORMAL,HIGH,ZERO,HIGH,HIGH,NORMAL,False,ZERO,NORMAL,LOW
HIGH,NORMAL,LOW,False,False,False,False,False,NORMAL,NORMAL,LOW,LOW,NORMAL,HIGH,ZERO,HIGH,HIGH,NORMAL,False,ZERO,NORMAL,LOW
LOW,NORMAL,ZERO,False,False,False,False,False,NORMAL,NORMAL,LOW,NORMAL,NORMAL,NORMAL,HIGH,LOW,LOW,NORMAL,False,HIGH,NORMAL,LOW
HIGH,NORMAL,NORMAL,False,False,False,False,True,LOW,NORMAL,HIGH,LOW,NORMAL,LOW,LOW,HIGH,HIGH,LOW,False,LOW,NORMAL,NORMAL
HIGH,NORMAL,ZERO,False,False,False,False,False,NORMAL,NORMAL,NORMAL,HIGH,NORMAL,HIGH,HIGH,HIGH,HIGH,NORMAL,False,HIGH,NORMAL,HIGH
HIGH,NORMAL,LOW,False,False,False,True,False,LOW,NORMAL,LOW,LOW,LOW,HIGH,ZERO,HIGH,HIGH,LOW,False,ZERO,HIGH,NORMAL
HIGH,LOW,ZERO,False,False,False,False,False,NORMAL,NORMAL,ZERO,HIGH,LOW,HIGH,HIGH,HIGH,HIGH,LOW,False,HIGH,NORMAL,NORMAL
HIGH,NORMAL,LOW,False,False,False,False,False,LOW,NORMAL,LOW,LOW,NORMAL,HIGH,ZERO,HIGH,HIGH,LOW,False,ZERO,NORMAL,NORMAL
LOW,NORMAL,LOW,False,False,False,False,False,NORMAL,ONESIDED,LOW,LOW,NORMAL,NORMAL,HIGH,LOW,LOW,NORMAL,False,NORMAL,HIGH,HIGH
HIGH,NORMAL,LOW,False,False,False,False,False,NORMAL,NORMAL,LOW,LOW,NORMAL,HIGH,ZERO,HIGH,HIGH,NORMAL,False,ZERO,NORMAL,HIGH
HIGH,NORMAL,LOW,False,False,False,False,False,NORMAL,NORMAL,LOW,LOW,NORMAL,HIGH,ZERO,HIGH,HIGH,NORMAL,False,ZERO,NORMAL,HIGH
NORMAL,NORMAL,LOW,False,False,False,True,False,NORMAL,NORMAL,HIGH,LOW,LOW,HIGH,ZERO,HIGH,HIGH,NORMAL,False,ZERO,NORMAL,HIGH
HIGH,NORMAL,LOW,False,False,False,False,False,NORMAL,NORMAL,LOW,LOW,NORMAL,HIGH,ZERO,HIGH,LOW,NORMAL,False,ZERO,NORMAL,NORMAL
HIGH,NORMAL,LOW,False,False,False,False,False,NORMAL,NORMAL,LOW,LOW,NORMAL,HIGH,ZERO,HIGH,HIGH,NORMAL,False,ZERO,NORMAL,NORMAL
HIGH,NORMAL,LOW,False,False,False,False,False,NORMAL,NORMAL,LOW,LOW,NORMAL,HIGH,ZERO,HIGH,HIGH,NORMAL,False,ZERO,NORMAL,NORMAL
HIGH,LOW,ZERO,False,False,False,False,False,NORMAL,NORMAL,LOW,HIGH,NORMAL,HIGH,HIGH,HIGH,HIGH,NORMAL,False,HIGH,NORMAL,NORMAL
HIGH,NORMAL,LOW,False,False,False,False,True,LOW,NORMAL,LOW,LOW,NORMAL,LOW,ZERO,HIGH,LOW,LOW,False,ZERO,NORMAL,HIGH
HIGH,NORMAL,LOW,False,False,False,False,True,LOW,NORMAL,LOW,LOW,NORMAL,LOW,ZERO,HIGH,HIGH,LOW,False,ZERO,NORMAL,HIGH
HIGH,NORMAL,LOW,False,False,False,False,False,LOW,NORMAL,LOW,LOW,NORMAL,LOW,ZERO,HIGH,HIGH,LOW,False,ZERO,NORMAL,HIGH
HIGH,NORMAL,LOW,False,False,False,False,False,NORMAL,NORMAL,LOW,NORMAL,NORMAL,HIGH,ZERO,HIGH,HIGH,NORMAL,False,ZERO,NORMAL,LOW
HIGH,NORMAL,ZERO,False,False,False,True,False,HIGH,NORMAL,ZERO,LOW,HIGH,HIGH,HIGH,HIGH,HIGH,HIGH,False,NORMAL,NORMAL,NORMAL
HIGH,NORMAL,LOW,False,False,False,False,False,NORMAL,NORMAL,LOW,LOW,NORMAL,HIGH,ZERO,HIGH,HIGH,NORMAL,False,ZERO,NORMAL,NORMAL
LOW,NORMAL,LOW,False,False,False,False,False,NORMAL,NORMAL,LOW,LOW,NORMAL,NORMAL,ZERO,LOW,LOW,NORMAL,False,ZERO,NORMAL,LOW
HIGH,NORMAL,LOW,False,False,False,False,False,NORMAL,NORMAL,LOW,LOW,NORMAL,LOW,ZERO,HIGH,NORMAL,NORMAL,False,ZERO,NORMAL,HIGH
HIGH,NORMAL,LOW,False,False,False,False,False,HIGH,NORMAL,LOW,LOW,NORMAL,LOW,ZERO,HIGH,HIGH,HIGH,False,ZERO,NORMAL,HIGH
HIGH,NORMAL,ZERO,False,False,False,False,False,NORMAL,NORMAL,LOW,HIGH,NORMAL,HIGH,HIGH,HIGH,HIGH,NORMAL,False,HIGH,NORMAL,LOW
HIGH,NORMAL,LOW,False,False,False,False,False,HIGH,NORMAL,LOW,LOW,NORMAL,LOW,ZERO,HIGH,HIGH,HIGH,False,ZERO,NORMAL,NORMAL
HIGH,NORMAL,LOW,False,False,False,False,True,LOW,NORMAL,LOW,LOW,NORMAL,HIGH,ZERO,HIGH,HIGH,LOW,False,ZERO,NORMAL,NORMAL
HIGH,NORMAL,LOW,False,False,False,False,False,NORMAL,NORMAL,HIGH,LOW,NORMAL,LOW,LOW,HIGH,HIGH,NORMAL,False,LOW,NORMAL,NORMAL
HIGH,LOW,HIGH,False,False,False,False,False,NORMAL,NORMAL,ZERO,HIGH,NORMAL,HIGH,HIGH,HIGH,HIGH,NORMAL,False,HIGH,NORMAL,NORMAL
HIGH,NORMAL,LOW,False,False,False,False,False,NORMAL,NORMAL,LOW,LOW,NORMAL,HIGH,ZERO,HIGH,HIGH,NORMAL,False,ZERO,NORMAL,NORMAL
HIGH,NORMAL,ZERO,False,False,False,False,False,NORMAL,NORMAL,LOW,NORMAL,NORMAL,HIGH,HIGH,HIGH,HIGH,NORMAL,False,HIGH,NORMAL,LOW
HIGH,NORMAL,LOW,False,False,False,False,False,HIGH,NORMAL,ZERO,LOW,NORMAL,LOW,ZERO,HIGH,HIGH,HIGH,False,ZERO,NORMAL,LOW
LOW,NORMAL,LOW,False,False,False,False,False,LOW,NORMAL,LOW,LOW,NORMAL,NORMAL,ZERO,LOW,LOW,LOW,False,ZERO,NORMAL,NORMAL
HIGH,NORMAL,LOW,False,False,False,False,False,HIGH,NORMAL,ZERO,LOW,HIGH,LOW,ZERO,HIGH,HIGH,HIGH,False,ZERO,NORMAL,NORMAL
NORMAL,NORMAL,LOW,False,False,False,False,False,NORMAL,NORMAL,LOW,LOW,NORMAL,HIGH,ZERO,HIGH,HIGH,NORMAL,False,ZERO,NORMAL,LOW
HIGH,NORMAL,LOW,False,False,False,False,False,NORMAL,NORMAL,LOW,LOW,NORMAL,HIGH,ZERO,HIGH,HIGH,NORMAL,False,ZERO,NORMAL,LOW
HIGH,NORMAL,LOW,False,False,False,False,True,LOW,NORMAL,LOW,LOW,NORMAL,LOW,ZERO,HIGH,HIGH,LOW,False,ZERO,NORMAL,NORMAL
HIGH,HIGH,HIGH,False,False,False,False,False,NORMAL,NORMAL,LOW,LOW,NORMAL,HIGH,ZERO,HIGH,HIGH,NORMAL,True,ZERO,NORMAL,NORMAL
HIGH,NORMAL,LOW,False,False,False,False,False,NORMAL,NORMAL,LOW,LOW,NORMAL,HIGH,ZERO,HIGH,HIGH,NORMAL,False,ZERO,NORMAL,LOW
HIGH,NORMAL,LOW,False,False,False,False,False,NORMAL,NORMAL,LOW,LOW,NORMAL,HIGH,ZERO,HIGH,HIGH,NORMAL,False,ZERO,NORMAL,LOW
HIGH,NORMAL,LOW,False,False,False,False,False,NORMAL,NORMAL,LOW,LOW,NORMAL,HIGH,ZERO,HIGH,HIGH,NORMAL,False,ZERO,NORMAL,HIGH
HIGH,NORMAL,HIGH,False,False,False,False,False,NORMAL,NORMAL,ZERO,HIGH,NORMAL,HIGH,HIGH,HIGH,HIGH,NORMAL,False,HIGH,NORMAL,LOW
NORMAL,NORMAL,LOW,False,False,False,False,False,NORMAL,NORMAL,LOW,LOW,NORMAL,HIGH,ZERO,HIGH,HIGH,NORMAL,False,ZERO,NORMAL,HIGH
NORMAL,NORMAL,LOW,False,False,False,False,False,NORMAL,NORMAL,LOW,LOW,NORMAL,HIGH,ZERO,HIGH,HIGH,NORMAL,False,ZERO,NORMAL,HIGH
HIGH,HIGH,HIGH,False,False,False,False,False,HIGH,NORMAL,LOW,HIGH,NORMAL,HIGH,HIGH,HIGH,HIGH,HIGH,False,HIGH,NORMAL,NORMAL
HIGH,LOW,ZERO,False,False,False,False,False,LOW,NORMAL,LOW,HIGH,NORMAL,HIGH,HIGH,HIGH,HIGH,LOW,False,HIGH,NORMAL,NORMAL
HIGH,NORMAL,LOW,False,False,False,False,False,NORMAL,NORMAL,LOW,LOW,NORMAL,HIGH,ZERO,HIGH,HIGH,NORMAL,False,ZERO,NORMAL,NORMAL
LOW,NORMAL,LOW,False,False,False,False,False,HIGH,NORMAL,LOW,LOW,NORMAL,HIGH,ZERO,LOW,LOW,HIGH,False,ZERO,NORMAL,HIGH
HIGH,NORMAL,LOW,False,False,False,False,False,HIGH,NORMAL,LOW,LOW,NORMAL,LOW,ZERO,HIGH,HIGH,HIGH,False,ZERO,NORMAL,NORMAL
HIGH,NORMAL,LOW,False,False,False,False,False,NORMAL,NORMAL,LOW,LOW,NORMAL,HIGH,ZERO,HIGH,HIGH,NORMAL,False,ZERO,NORMAL,HIGH
HIGH,NORMAL,LOW,False,False,True,False,False,NORMAL,NORMAL,LOW,LOW,NORMAL,HIGH,ZERO,NORMAL,NORMAL,NORMAL,False,ZERO,NORMAL,NORMAL
HIGH,NORMAL,LOW,False,False,False,False,False,HIGH,NORMAL,LOW,LOW,NORMAL,HIGH,ZERO,HIGH,HIGH,HIGH,False,ZERO,NORMAL,NORMAL
NORMAL,NORMAL,LOW,False,False,False,False,False,NORMAL,NORMAL,LOW,LOW,NORMAL,LOW,ZERO,HIGH,HIGH,NORMAL,False,ZERO,NORMAL,NORMAL
HIGH,NORMAL,LOW,False,False,False,False,False,NORMAL,NORMAL,LOW,LOW,NORMAL,HIGH,ZERO,HIGH,HIGH,NORMAL,False,ZERO,NORMAL,NORMAL
HIGH,NORMAL,LOW,False,False,False,False,False,NORMAL,NORMAL,LOW,LOW,LOW,HIGH,ZERO,NORMAL,HIGH,NORMAL,False,ZERO,NORMAL,LOW
HIGH,NORMAL,LOW,False,False,True,False,False,NORMAL,ONESIDED,ZERO,LOW,NORMAL,HIGH,ZERO,NORMAL,NORMAL,NORMAL,False,NORMAL,HIGH,HIGH
HIGH,NORMAL,LOW,False,False,False,True,False,NORMAL,ONESIDED,NORMAL,LOW,NORMAL,HIGH,ZERO,HIGH,HIGH,NORMAL,False,LOW,HIGH,HIGH
HIGH,NORMAL,LOW,False,False,False,False,False,NORMAL,ONESIDED,NORMAL,LOW,NORMAL,HIGH,ZERO,HIGH,HIGH,NORMAL,False,LOW,HIGH,LOW
HIGH,NORMAL,LOW,False,False,False,False,False,NORMAL,NORMAL,LOW,LOW,NORMAL,HIGH,ZERO,HIGH,HIGH,NORMAL,False,ZERO,NORMAL,NORMAL
HIGH,HIGH,HIGH,False,False,False,False,False,NORMAL,NORMAL,LOW,HIGH,NORMAL,HIGH,HIGH,HIGH,HIGH,NORMAL,False,HIGH,NORMAL,NORMAL
HIGH,ZERO,ZERO,False,False,True,True,False,NORMAL,NORMAL,LOW,NORMAL,NORMAL,HIGH,HIGH,NORMAL,NORMAL,NORMAL,False,HIGH,NORMAL,NORMAL
LOW,NORMAL,LOW,True,False,False,False,False,HIGH,NORMAL,LOW,LOW,NORMAL,LOW,ZERO,LOW,LOW,HIGH,False,ZERO,NORMAL,LOW
HIGH,ZERO,ZERO,False,False,False,True,False,NORMAL,NORMAL,LOW,LOW,HIGH,HIGH,ZERO,HIGH,HIGH,NORMAL,False,ZERO,NORMAL,HIGH
HIGH,NORMAL,LOW,False,False,False,False,False,NORMAL,NORMAL,LOW,LOW,NORMAL,HIGH,NORMAL,HIGH,HIGH,NORMAL,False,ZERO,NORMAL,NORMAL
LOW,NORMAL,LOW,False,False,False,False,True,LOW,NORMAL,LOW,HIGH,NORMAL,LOW,HIGH,LOW,LOW,LOW,False,HIGH,NORMAL,HIGH
LOW,NORMAL,LOW,False,False,False,False,False,NORMAL,NORMAL,LOW,LOW,NORMAL,NORMAL,ZERO,LOW,LOW,NORMAL,False,ZERO,NORMAL,LOW
HIGH,NORMAL,LOW,False,False,False,False,False,NORMAL,NORMAL,LOW,LOW,NORMAL,HIGH,NORMAL,HIGH,HIGH,NORMAL,False,ZERO,HIGH,NORMAL
HIGH,ZERO,ZERO,False,False,False,False,False,NORMAL,NORMAL,LOW,HIGH,NORMAL,HIGH,HIGH,HIGH,HIGH,NORMAL,False,HIGH,NORMAL,HIGH
HIGH,NORMAL,LOW,False,False,False,False,False,NORMAL,NORMAL,LOW,LOW,NORMAL,HIGH,ZERO,HIGH,HIGH,NORMAL,False,ZERO,NORMAL,LOW
LOW,NORMAL,LOW,False,False,False,False,False,HIGH,NORMAL,LOW,HIGH,NORMAL,NORMAL,HIGH,LOW,LOW,HIGH,False,HIGH,NORMAL,LOW
HIGH,NORMAL,LOW,False,False,False,False,False,NORMAL,NORMAL,LOW,LOW,NORMAL,HIGH,HIGH,HIGH,HIGH,NORMAL,False,ZERO,NORMAL,HIGH
HIGH,LOW,ZERO,False,False,False,False,False,NORMAL,NORMAL,LOW,HIGH,NORMAL,HIGH,HIGH,HIGH,HIGH,NORMAL,False,HIGH,NORMAL,LOW
HIGH,NORMAL,LOW,False,False,True,False,False,NORMAL,NORMAL,LOW,LOW,NORMAL,HIGH,ZERO,NORMAL,NORMAL,NORMAL,False,ZERO,NORMAL,LOW
HIGH,NORMAL,LOW,False,False,False,False,False,NORMAL,NORMAL,LOW,LOW,NORMAL,HIGH,ZERO,HIGH,HIGH,NORMAL,False,ZERO,NORMAL,LOW
HIGH,NORMAL,LOW,False,False,True,False,False,HIGH,ONESIDED,NORMAL,LOW,NORMAL,HIGH,ZERO,NORMAL,NORMAL,HIGH,False,LOW,HIGH,NORMAL
LOW,NORMAL,LOW,False,False,False,False,False,NORMAL,NORMAL,LOW,LOW,NORMAL,NORMAL,ZERO,LOW,LOW,NORMAL,False,ZERO,NORMAL,HIGH
HIGH,HIGH,HIGH,False,False,False,True,False,HIGH,NORMAL,LOW,HIGH,NORMAL,HIGH,HIGH,HIGH,HIGH,HIGH,False,HIGH,NORMAL,NORMAL
HIGH,NORMAL,LOW,False,False,False,False,False,NORMAL,NORMAL,LOW,LOW,NORMAL,NORMAL,ZERO,HIGH,HIGH,NORMAL,False,ZERO,NORMAL,HIGH
HIGH,NORMAL,LOW,False,False,False,False,False,HIGH,ONESIDED,LOW,LOW,NORMAL,HIGH,NORMAL,HIGH,NORMAL,HIGH,True,NORMAL,HIGH,NORMAL
HIGH,NORMAL,LOW,False,False,False,False,False,HIGH,NORMAL,LOW,LOW,NORMAL,HIGH,ZERO,HIGH,HIGH,HIGH,False,ZERO,NORMAL,NORMAL
HIGH,ZERO,HIGH,False,False,False,False,False,NORMAL,NORMAL,LOW,HIGH,NORMAL,HIGH,HIGH,HIGH,HIGH,NORMAL,False,HIGH,NORMAL,LOW
HIGH,NORMAL,LOW,False,False,False,False,True,LOW,NORMAL,LOW,HIGH,NORMAL,LOW,HIGH,HIGH,HIGH,LOW,False,HIGH,NORMAL,LOW
LOW,ZERO,ZERO,False,False,False,False,False,NORMAL,NORMAL,LOW,HIGH,NORMAL,NORMAL,HIGH,LOW,HIGH,NORMAL,False,HIGH,NORMAL,HIGH
NORMAL,HIGH,HIGH,False,False,False,False,False,NORMAL,NORMAL,LOW,HIGH,NORMAL,HIGH,HIGH,HIGH,HIGH,NORMAL,False,HIGH,NORMAL,NORMAL
HIGH,NORMAL,LOW,False,False,False,False,False,NORMAL,NORMAL,LOW,HIGH,NORMAL,HIGH,HIGH,HIGH,HIGH,NORMAL,False,HIGH,NORMAL,NORMAL
HIGH,NORMAL,LOW,False,False,False,False,False,NORMAL,NORMAL,LOW,LOW,LOW,NORMAL,ZERO,HIGH,HIGH,NORMAL,False,ZERO,NORMAL,HIGH
HIGH,NORMAL,LOW,False,False,False,False,False,NORMAL,NORMAL,LOW,LOW,NORMAL,HIGH,ZERO,HIGH,HIGH,NORMAL,False,ZERO,NORMAL,HIGH
HIGH,NORMAL,ZERO,False,False,False,False,False,NORMAL,NORMAL,LOW,LOW,NORMAL,NORMAL,ZERO,LOW,LOW,NORMAL,False,ZERO,NORMAL,HIGH
HIGH,NORMAL,LOW,False,False,False,False,False,NORMAL,NORMAL,LOW,NORMAL,NORMAL,HIGH,ZERO,HIGH,HIGH,NORMAL,False,ZERO,NORMAL,NORMAL
HIGH,NORMAL,LOW,False,False,False,True,False,NORMAL,NORMAL,LOW,LOW,NORMAL,HIGH,ZERO,HIGH,HIGH,NORMAL,False,ZERO,NORMAL,LOW
HIGH,NORMAL,ZERO,False,False,False,False,False,NORMAL,ONESIDED,LOW,LOW,HIGH,HIGH,NORMAL,HIGH,HIGH,NORMAL,False,NORMAL,HIGH,HIGH
LOW,NORMAL,LOW,False,False,False,False,False,HIGH,NORMAL,LOW,LOW,NORMAL,NORMAL,ZERO,LOW,LOW,NORMAL,False,ZERO,HIGH,LOW
NORMAL,NORMAL,LOW,False,False,False,False,False,NORMAL,NORMAL,LOW,LOW,NORMAL,LOW,ZERO,NORMAL,LOW,NORMAL,False,ZERO,NORMAL,NORMAL
HIGH,NORMAL,LOW,False,False,False,False,False,HIGH,NORMAL,LOW,LOW,NORMAL,LOW,ZERO,HIGH,HIGH,HIGH,False,ZERO,HIGH,LOW
HIGH,NORMAL,LOW,False,False,False,False,True,LOW,NORMAL,LOW,LOW,NORMAL,LOW,LOW,HIGH,HIGH,NORMAL,False,ZERO,NORMAL,HIGH
HIGH,NORMAL,LOW,False,False,False,False,False,HIGH,NORMAL,LOW,LOW,NORMAL,LOW,ZERO,HIGH,HIGH,HIGH,False,ZERO,NORMAL,NORMAL
HIGH,NORMAL,LOW,False,False,False,False,False,HIGH,NORMAL,LOW,LOW,NORMAL,LOW,ZERO,HIGH,HIGH,HIGH,False,ZERO,NORMAL,LOW
HIGH,NORMAL,ZERO,False,False,True,False,False,LOW,NORMAL,LOW,HIGH,NORMAL,HIGH,HIGH,NORMAL,NORMAL,LOW,False,HIGH,NORMAL,NORMAL
LOW,ZERO,ZERO,False,False,False,False,False,HIGH,NORMAL,LOW,NORMAL,NORMAL,NORMAL,HIGH,LOW,LOW,HIGH,False,HIGH,NORMAL,HIGH
HIGH,NORMAL,LOW,False,False,False,False,False,NORMAL,NORMAL,ZERO,HIGH,NORMAL,HIGH,ZERO,HIGH,HIGH,NORMAL,False,HIGH,NORMAL,LOW
NORMAL,NORMAL,LOW,False,False,False,False,False,NORMAL,ESOPHAGEAL,NORMAL,LOW,LOW,LOW,ZERO,HIGH,HIGH,NORMAL,False,ZERO,HIGH,HIGH
HIGH,NORMAL,LOW,False,False,False,True,False,HIGH,ONESIDED,NORMAL,LOW,NORMAL,HIGH,ZERO,HIGH,HIGH,HIGH,False,LOW,HIGH,HIGH
HIGH,NORMAL,LOW,False,False,True,False,False,NORMAL,NORMAL,LOW,LOW,NORMAL,HIGH,ZERO,NORMAL,NORMAL,NORMAL,False,ZERO,HIGH,HIGH
HIGH,NORMAL,LOW,False,False,False,False,False,NORMAL,NORMAL,LOW,LOW,NORMAL,HIGH,ZERO,HIGH,HIGH,NORMAL,False,ZERO,NORMAL,LOW
HIGH,NORMAL,LOW,False,False,False,False,True,LOW,NORMAL,LOW,LOW,NORMAL,LOW,ZERO,HIGH,HIGH,LOW,False,ZERO,NORMAL,NORMAL
HIGH,NORMAL,LOW,False,False,False,False,True,LOW,NORMAL,LOW,LOW,NORMAL,LOW,ZERO,HIGH,HIGH,LOW,False,ZERO,NORMAL,HIGH
HIGH,NORMAL,LOW,False,False,False,False,False,NORMAL,NORMAL,LOW,LOW,NORMAL,HIGH,ZERO,HIGH,HIGH,LOW,False,ZERO,NORMAL,LOW
LOW,NORMAL,NORMAL,False,False,False,False,False,NORMAL,NORMAL,HIGH,LOW,NORMAL,NORMAL,LOW,LOW,LOW,NORMAL,False,LOW,NORMAL,HIGH
LOW,NORMAL,ZERO,False,False,False,False,False,NORMAL,NORMAL,LOW,NORMAL,NORMAL,NORMAL,HIGH,LOW,LOW,NORMAL,False,HIGH,HIGH,HIGH
HIGH,NORMAL,LOW,False,False,False,False,False,NORMAL,NORMAL,HIGH,LOW,NORMAL,HIGH,ZERO,HIGH,HIGH,NORMAL,False,ZERO,NORMAL,NORMAL
HIGH,NORMAL,LOW,False,False,False,False,False,NORMAL,NORMAL,LOW,LOW,NORMAL,HIGH,NORMAL,HIGH,HIGH,NORMAL,False,ZERO,NORMAL,LOW
HIGH,NORMAL,LOW,False,False,False,False,False,HIGH,NORMAL,LOW,LOW,NORMAL,HIGH,ZERO,HIGH,HIGH,HIGH,False,ZERO,NORMAL,LOW
HIGH,NORMAL,LOW,False,False,False,True,False,NORMAL,NORMAL,LOW,LOW,NORMAL,HIGH,ZERO,HIGH,HIGH,NORMAL,False,ZERO,NORMAL,NORMAL
LOW,NORMAL,LOW,False,False,False,False,False,NORMAL,NORMAL,LOW,LOW,NORMAL,NORMAL,ZERO,LOW,LOW,NORMAL,False,ZERO,NORMAL,HIGH
HIGH,LOW,ZERO,False,False,False,False,False,HIGH,NORMAL,LOW,HIGH,NORMAL,HIGH,HIGH,HIGH,HIGH,HIGH,False,HIGH,NORMAL,LOW
HIGH,NORMAL,LOW,False,False,False,False,False,HIGH,NORMAL,LOW,LOW,NORMAL,HIGH,ZERO,HIGH,HIGH,HIGH,False,ZERO,NORMAL,NORMAL
HIGH,NORMAL,LOW,False,False,False,False,False,NORMAL,NORMAL,LOW,LOW,NORMAL,NORMAL,ZERO,HIGH,HIGH,NORMAL,False,ZERO,NORMAL,NORMAL
HIGH,NORMAL,LOW,False,False,False,False,False,NORMAL,NORMAL,LOW,LOW,NORMAL,HIGH,ZERO,HIGH,HIGH,NORMAL,False,ZERO,NORMAL,NORMAL
NORMAL,NORMAL,LOW,False,False,False,False,False,NORMAL,NORMAL,HIGH,LOW,NORMAL,HIGH,ZERO,HIGH,HIGH,NORMAL,False,ZERO,NORMAL,LOW
HIGH,NORMAL,LOW,False,False,True,False,False,NORMAL,NORMAL,LOW,LOW,NORMAL,HIGH,ZERO,NORMAL,NORMAL,NORMAL,False,ZERO,NORMAL,NORMAL
HIGH,LOW,ZERO,False,False,False,False,False,NORMAL,NORMAL,LOW,HIGH,NORMAL,HIGH,HIGH,HIGH,HIGH,LOW,False,HIGH,NORMAL,NORMAL
LOW,LOW,ZERO,False,False,True,False,False,LOW,NORMAL,ZERO,HIGH,HIGH,LOW,HIGH,NORMAL,HIGH,LOW,False,HIGH,NORMAL,LOW
HIGH,NORMAL,LOW,False,False,False,False,False,NORMAL,NORMAL,LOW,LOW,NORMAL,HIGH,ZERO,HIGH,HIGH,NORMAL,False,ZERO,NORMAL,HIGH
HIGH,NORMAL,LOW,False,False,False,False,False,NORMAL,NORMAL,LOW,LOW,NORMAL,NORMAL,ZERO,HIGH,HIGH,NORMAL,False,ZERO,NORMAL,NORMAL
LOW,ZERO,ZERO,False,False,False,False,False,NORMAL,NORMAL,LOW,LOW,NORMAL,NORMAL,ZERO,LOW,LOW,NORMAL,False,ZERO,NORMAL,HIGH
HIGH,NORMAL,LOW,False,False,False,False,False,HIGH,NORMAL,LOW,LOW,NORMAL,LOW,ZERO,LOW,LOW,HIGH,False,ZERO,NORMAL,HIGH
HIGH,NORMAL,LOW,False,False,False,False,False,NORMAL,NORMAL,LOW,LOW,NORMAL,HIGH,ZERO,HIGH,HIGH,NORMAL,False,ZERO,HIGH,LOW
HIGH,NORMAL,LOW,False,False,True,False,False,NORMAL,NORMAL,LOW,LOW,NORMAL,HIGH,ZERO,NORMAL,NORMAL,NORMAL,False,ZERO,NORMAL,NORMAL
HIGH,NORMAL,LOW,False,False,False,False,False,NORMAL,NORMAL,LOW,LOW,NORMAL,HIGH,ZERO,HIGH,HIGH,NORMAL,False,ZERO,NORMAL,LOW
HIGH,NORMAL,LOW,False,False,True,False,False,HIGH,NORMAL,LOW,LOW,NORMAL,HIGH,ZERO,NORMAL,NORMAL,HIGH,False,ZERO,NORMAL,HIGH
HIGH,NORMAL,ZERO,False,False,False,False,False,NORMAL,NORMAL,LOW,HIGH,NORMAL,HIGH,HIGH,HIGH,HIGH,NORMAL,False,HIGH,NORMAL,NORMAL
LOW,LOW,ZERO,False,False,False,False,False,HIGH,NORMAL,HIGH,LOW,NORMAL,NORMAL,LOW,LOW,LOW,HIGH,False,LOW,NORMAL,HIGH
HIGH,LOW,ZERO,False,False,False,False,False,HIGH,NORMAL,LOW,LOW,NORMAL,HIGH,ZERO,HIGH,HIGH,HIGH,False,ZERO,NORMAL,LOW
HIGH,NORMAL,LOW,False,False,False,False,False,NORMAL,NORMAL,LOW,LOW,NORMAL,HIGH,ZERO,HIGH,HIGH,NORMAL,False,ZERO,NORMAL,NORMAL
HIGH,NORMAL,LOW,False,False,False,False,False,HIGH,NORMAL,LOW,LOW,HIGH,LOW,ZERO,HIGH,HIGH,HIGH,False,ZERO,NORMAL,NORMAL
NORMAL,NORMAL,LOW,False,False,False,False,False,HIGH,NORMAL,LOW,LOW,NORMAL,NORMAL,ZERO,LOW,LOW,HIGH,False,ZERO,NORMAL,NORMAL
HIGH,NORMAL,LOW,False,False,False,False,False,HIGH,NORMAL,LOW,LOW,NORMAL,HIGH,ZERO,HIGH,HIGH,HIGH,False,ZERO,NORMAL,NORMAL
HIGH,NORMAL,HIGH,False,False,False,False,False,NORMAL,ONESIDED,HIGH,LOW,NORMAL,HIGH,HIGH,HIGH,LOW,NORMAL,False,LOW,HIGH,NORMAL
HIGH,NORMAL,LOW,False,False,False,True,False,NORMAL,NORMAL,HIGH,LOW,NORMAL,HIGH,ZERO,HIGH,HIGH,NORMAL,False,ZERO,NORMAL,LOW
LOW,LOW,ZERO,False,False,False,False,False,HIGH,NORMAL,LOW,HIGH,NORMAL,NORMAL,HIGH,LOW,LOW,HIGH,False,HIGH,NORMAL,HIGH
LOW,NORMAL,LOW,False,False,False,False,False,LOW,NORMAL,LOW,HIGH,NORMAL,NORMAL,HIGH,LOW,LOW,LOW,False,HIGH,NORMAL,NORMAL
HIGH,NORMAL,LOW,False,False,False,False,False,HIGH,NORMAL,LOW,LOW,NORMAL,HIGH,ZERO,HIGH,HIGH,HIGH,False,ZERO,NORMAL,NORMAL
HIGH,NORMAL,LOW,False,False,False,False,False,NORMAL,NORMAL,LOW,LOW,NORMAL,HIGH,ZERO,HIGH,HIGH,NORMAL,False,ZERO,NORMAL,NORMAL
HIGH,NORMAL,LOW,False,False,False,False,False,NORMAL,NORMAL,LOW,LOW,NORMAL,HIGH,ZERO,HIGH,HIGH,NORMAL,False,ZERO,NORMAL,NORMAL
LOW,NORMAL,LOW,False,False,False,False,False,LOW,NORMAL,HIGH,LOW,NORMAL,NORMAL,LOW,LOW,LOW,LOW,False,LOW,NORMAL,HIGH
HIGH,NORMAL,LOW,False,False,False,False,False,NORMAL,ONESIDED,NORMAL,LOW,NORMAL,HIGH,ZERO,HIGH,HIGH,NORMAL,False,LOW,HIGH,HIGH
LOW,LOW,ZERO,False,False,False,False,False,HIGH,NORMAL,LOW,HIGH,NORMAL,LOW,HIGH,LOW,LOW,HIGH,False,HIGH,NORMAL,HIGH
HIGH,NORMAL,LOW,False,False,False,False,False,NORMAL,NORMAL,LOW,LOW,NORMAL,HIGH,ZERO,HIGH,HIGH,NORMAL,False,ZERO,NORMAL,LOW
HIGH,NORMAL,LOW,False,False,False,False,False,LOW,NORMAL,LOW,LOW,NORMAL,HIGH,ZERO,HIGH,HIGH,NORMAL,False,ZERO,NORMAL,NORMAL
HIGH,NORMAL,LOW,False,False,False,False,False,NORMAL,NORMAL,LOW,LOW,NORMAL,HIGH,ZERO,HIGH,HIGH,NORMAL,False,ZERO,HIGH,LOW
